date,new,NTotal_ExposureOnly,domestic-contactWithCase,domestic-contactWithTraveller,domestic-unknown,internationalTravel,infopending,cumulative,cumulativeNTotal_ExposureOnly,doubleFlagTest,shaded
2020-01-15,2,1,0,0,0,1,0,2,1,1,14
2020-01-16,5,3,1,0,2,0,0,7,4,1,
2020-01-17,3,1,0,0,0,1,0,10,5,0,
2020-01-18,1,0,0,0,0,0,0,11,5,0,
2020-01-19,0,0,0,0,0,0,0,11,5,0,
2020-01-20,1,0,0,0,0,0,0,12,5,0,
2020-01-21,4,0,0,0,0,0,0,16,5,1,
2020-01-22,6,4,1,0,1,2,0,22,9,0,
2020-01-23,0,0,0,0,0,0,0,22,9,0,
2020-01-24,3,2,0,0,0,2,0,25,11,0,
2020-01-25,4,2,1,0,1,0,0,29,13,0,
2020-01-26,2,1,1,0,0,0,0,31,14,0,
2020-01-27,8,3,2,0,1,0,0,39,17,1,
2020-01-28,7,2,1,0,0,1,0,46,19,0,
2020-01-29,3,1,0,0,0,0,1,49,20,0,
2020-01-30,4,1,1,0,0,0,0,53,21,0,
2020-01-31,2,1,0,0,1,0,0,55,22,0,
2020-02-01,7,5,3,0,1,1,0,62,27,0,
2020-02-02,3,2,0,0,1,1,0,65,29,0,
2020-02-03,2,1,0,0,1,0,0,67,30,0,
2020-02-04,2,2,0,0,2,0,0,69,32,0,
2020-02-05,3,3,1,0,1,1,0,72,35,0,
2020-02-06,0,0,0,0,0,0,0,72,35,0,
2020-02-07,0,0,0,0,0,0,0,72,35,0,
2020-02-08,2,0,0,0,0,0,0,74,35,0,
2020-02-09,2,2,1,0,0,1,0,76,37,0,
2020-02-10,2,2,0,0,1,1,0,78,39,1,
2020-02-11,3,2,1,0,1,0,0,81,41,0,
2020-02-12,4,3,2,0,1,0,0,85,44,0,
2020-02-13,1,1,0,0,0,1,0,86,45,0,
2020-02-14,6,5,0,0,3,2,0,92,50,0,
2020-02-15,3,2,1,0,0,1,0,95,52,0,
2020-02-16,1,1,0,0,0,1,0,96,53,0,
2020-02-17,2,2,1,0,0,1,0,98,55,0,
2020-02-18,2,2,2,0,0,0,0,100,57,0,
2020-02-19,4,4,2,0,1,1,0,104,61,0,
2020-02-20,10,10,4,1,3,2,0,114,71,0,
2020-02-21,3,3,0,0,1,2,0,117,74,0,
2020-02-22,8,8,2,0,3,3,0,125,82,0,
2020-02-23,22,22,11,0,3,7,1,147,104,0,
2020-02-24,15,14,3,0,2,9,0,162,118,1,
2020-02-25,16,16,4,0,2,10,0,178,134,0,
2020-02-26,14,13,6,1,4,2,0,192,147,0,
2020-02-27,27,26,12,0,7,7,0,219,173,0,
2020-02-28,39,37,17,0,6,14,0,258,210,0,
2020-02-29,27,27,8,0,7,12,0,285,237,0,
2020-03-01,60,59,12,0,26,20,1,345,296,1,
2020-03-02,56,56,8,0,18,30,0,401,352,0,
2020-03-03,55,55,15,0,12,28,0,456,407,0,
2020-03-04,62,58,13,1,14,30,0,518,465,0,
2020-03-05,67,67,12,1,23,31,0,585,532,0,
2020-03-06,86,85,17,2,26,40,0,671,617,0,
2020-03-07,91,91,14,3,30,44,0,762,708,1,
2020-03-08,135,134,27,2,45,60,0,897,842,0,
2020-03-09,224,223,44,10,79,90,0,1121,1065,0,
2020-03-10,258,255,56,9,72,118,0,1379,1320,0,
2020-03-11,296,296,74,11,85,125,1,1675,1616,1,
2020-03-12,391,389,92,9,128,159,1,2066,2005,0,
2020-03-13,466,459,124,8,151,174,2,2532,2464,0,
2020-03-14,468,466,98,15,168,183,2,3000,2930,0,
2020-03-15,609,601,152,10,212,225,2,3609,3531,1,
2020-03-16,849,839,254,11,308,265,1,4458,4370,0,
2020-03-17,876,865,260,16,320,264,5,5334,5235,0,
2020-03-18,977,965,283,19,356,303,4,6311,6200,0,
2020-03-19,813,802,253,13,298,235,3,7124,7002,0,
2020-03-20,1067,1055,362,21,424,239,9,8191,8057,1,
2020-03-21,915,895,320,8,326,237,4,9106,8952,0,
2020-03-22,877,860,320,13,340,185,2,9983,9812,0,
2020-03-23,1104,1080,464,16,418,173,9,11087,10892,0,
2020-03-24,1000,986,397,21,391,173,4,12087,11878,0,
2020-03-25,1017,993,450,13,414,108,8,13104,12871,0,
2020-03-26,947,929,449,12,342,117,9,14051,13800,0,
2020-03-27,973,959,483,8,372,84,12,15024,14759,0,
2020-03-28,978,966,472,9,390,84,11,16002,15725,0,
2020-03-29,892,880,462,7,355,50,6,16894,16605,1,
2020-03-30,1190,1174,584,10,489,78,13,18084,17779,0,
2020-03-31,1013,1001,560,3,357,68,13,19097,18780,0,
2020-04-01,1329,1315,756,12,454,84,9,20426,20095,0,
2020-04-02,1198,1188,749,11,374,46,8,21624,21283,0,
2020-04-03,1339,1328,887,6,374,53,8,22963,22611,0,
2020-04-04,1175,1170,745,9,371,28,17,24138,23781,0,
2020-04-05,1080,1074,680,5,368,13,8,25218,24855,0,
2020-04-06,1445,1438,884,11,515,14,14,26663,26293,0,
2020-04-07,1313,1304,793,13,469,16,13,27976,27597,0,
2020-04-08,1411,1403,884,10,489,6,14,29387,29000,0,
2020-04-09,1511,1505,968,14,495,4,24,30898,30505,0,
2020-04-10,1814,1806,1136,19,621,6,24,32712,32311,0,
2020-04-11,1715,1710,971,11,685,4,39,34427,34021,1,
2020-04-12,1448,1445,886,16,509,7,27,35875,35466,0,
2020-04-13,2132,2128,1168,33,889,6,32,38007,37594,0,
2020-04-14,1826,1819,1094,21,669,2,33,39833,39413,0,
2020-04-15,1961,1954,1231,22,672,4,25,41794,41367,0,
2020-04-16,1968,1959,1104,19,780,1,55,43762,43326,0,
2020-04-17,1864,1858,1104,17,699,3,35,45626,45184,0,
2020-04-18,1622,1616,1041,20,524,3,28,47248,46800,0,
2020-04-19,1234,1227,743,15,454,4,11,48482,48027,0,
2020-04-20,1847,1842,1082,10,713,2,35,50329,49869,0,
2020-04-21,1415,1411,841,13,522,6,29,51744,51280,0,
2020-04-22,1576,1567,911,13,612,1,30,53320,52847,0,
2020-04-23,1587,1573,917,18,602,5,31,54907,54420,0,
2020-04-24,1542,1534,931,11,547,2,43,56449,55954,0,
2020-04-25,1406,1398,823,14,474,5,82,57855,57352,0,
2020-04-26,1319,1313,789,13,464,4,43,59174,58665,0,
2020-04-27,1660,1645,951,12,637,5,40,60834,60310,0,
2020-04-28,1539,1525,925,18,554,6,22,62373,61835,0,
2020-04-29,1480,1473,806,4,647,2,14,63853,63308,0,
2020-04-30,1475,1465,829,4,612,3,17,65328,64773,0,
2020-05-01,1598,1582,895,8,656,4,19,66926,66355,0,
2020-05-02,1074,1068,657,8,385,0,18,68000,67423,0,
2020-05-03,1026,1022,621,6,380,5,10,69026,68445,1,
2020-05-04,1367,1357,775,6,553,2,21,70393,69802,0,
2020-05-05,1303,1295,728,6,534,1,26,71696,71097,0,
2020-05-06,1128,1124,661,8,435,2,18,72824,72221,0,
2020-05-07,1181,1173,712,4,432,6,19,74005,73394,0,
2020-05-08,1185,1178,701,7,454,1,15,75190,74572,0,
2020-05-09,1026,1018,634,8,354,4,18,76216,75590,0,
2020-05-10,922,917,543,7,351,5,11,77138,76507,0,
2020-05-11,1229,1224,729,8,450,7,30,78367,77731,0,
2020-05-12,1168,1156,718,2,410,6,20,79535,78887,0,
2020-05-13,1110,1098,650,3,426,3,16,80645,79985,0,
2020-05-14,1164,1160,686,3,452,5,14,81809,81145,0,
2020-05-15,1219,1213,711,0,477,11,14,83028,82358,0,
2020-05-16,996,993,601,2,375,2,13,84024,83351,0,
2020-05-17,912,900,537,2,342,8,11,84936,84251,0,
2020-05-18,1099,1082,618,2,450,5,7,86035,85333,0,
2020-05-19,968,959,582,3,362,4,8,87003,86292,0,
2020-05-20,1128,1113,654,2,445,1,11,88131,87405,0,
2020-05-21,884,871,547,2,305,6,11,89015,88276,0,
2020-05-22,848,832,513,0,312,5,2,89863,89108,0,
2020-05-23,706,688,443,1,234,4,6,90569,89796,0,
2020-05-24,653,644,401,0,228,4,11,91222,90440,0,
2020-05-25,861,844,508,3,312,4,17,92083,91284,0,
2020-05-26,747,729,459,1,256,7,6,92830,92013,0,
2020-05-27,719,701,423,2,264,2,10,93549,92714,0,
2020-05-28,598,581,362,2,204,2,11,94147,93295,0,
2020-05-29,737,728,444,0,276,3,5,94884,94023,0,
2020-05-30,563,554,397,2,152,1,2,95447,94577,0,
2020-05-31,407,397,258,0,130,3,6,95854,94974,0,
2020-06-01,689,679,395,6,249,6,23,96543,95653,0,
2020-06-02,501,485,320,1,155,5,4,97044,96138,0,
2020-06-03,495,487,322,4,149,4,8,97539,96625,0,
2020-06-04,468,452,265,1,169,11,6,98007,97077,0,
2020-06-05,451,437,312,0,119,3,3,98458,97514,0,
2020-06-06,374,366,234,1,124,4,3,98832,97880,0,
2020-06-07,312,303,213,1,83,1,5,99144,98183,0,
2020-06-08,439,423,288,6,114,10,5,99583,98606,0,
2020-06-09,374,366,244,3,110,4,5,99957,98972,0,
2020-06-10,443,435,259,5,152,10,9,100400,99407,0,
2020-06-11,376,360,242,3,107,5,3,100776,99767,0,
2020-06-12,377,370,224,5,132,6,3,101153,100137,0,
2020-06-13,277,271,181,1,83,5,1,101430,100408,0,
2020-06-14,301,293,186,0,95,9,3,101731,100701,0,
2020-06-15,400,392,243,4,134,7,4,102131,101093,0,
2020-06-16,373,357,234,2,106,10,5,102504,101450,0,
2020-06-17,366,356,229,0,117,6,4,102870,101806,0,
2020-06-18,329,316,198,1,109,4,4,103199,102122,0,
2020-06-19,337,334,231,0,88,11,4,103536,102456,0,
2020-06-20,287,279,186,0,84,8,1,103823,102735,0,
2020-06-21,271,268,176,0,85,4,3,104094,103003,0,
2020-06-22,326,317,211,2,96,4,4,104420,103320,0,
2020-06-23,331,325,219,2,91,6,7,104751,103645,0,
2020-06-24,289,285,183,2,87,9,4,105040,103930,0,
2020-06-25,474,461,326,2,122,5,6,105514,104391,0,
2020-06-26,283,270,170,0,83,11,6,105797,104661,0,
2020-06-27,254,247,165,1,71,7,3,106051,104908,0,
2020-06-28,240,234,135,1,88,9,1,106291,105142,0,
2020-06-29,336,327,198,2,107,10,10,106627,105469,0,
2020-06-30,314,299,197,4,93,2,3,106941,105768,0,
2020-07-01,286,274,177,8,83,5,1,107227,106042,0,
2020-07-02,268,258,161,1,83,6,7,107495,106300,0,
2020-07-03,312,294,185,2,91,13,3,107807,106594,0,
2020-07-04,298,281,173,3,94,10,1,108105,106875,0,
2020-07-05,274,268,177,3,81,6,1,108379,107143,0,
2020-07-06,516,491,268,2,176,17,28,108895,107634,0,
2020-07-07,527,506,263,6,208,19,10,109422,108140,0,
2020-07-08,449,419,279,4,121,10,5,109871,108559,0,
2020-07-09,458,431,268,3,139,12,9,110329,108990,0,
2020-07-10,417,389,258,5,107,14,5,110746,109379,0,
2020-07-11,387,373,228,3,128,12,2,111133,109752,0,
2020-07-12,400,381,236,3,134,6,2,111533,110133,0,
2020-07-13,608,570,358,12,185,12,3,112141,110703,0,
2020-07-14,552,504,299,4,181,13,7,112693,111207,0,
2020-07-15,575,519,311,3,174,16,15,113268,111726,0,
2020-07-16,470,419,259,4,136,17,3,113738,112145,0,
2020-07-17,515,463,272,6,167,7,11,114253,112608,0,
2020-07-18,414,381,228,2,137,7,7,114667,112989,0,
2020-07-19,399,357,202,4,138,11,2,115066,113346,0,
2020-07-20,536,473,264,6,184,14,5,115602,113819,0,
2020-07-21,530,469,267,10,181,6,5,116132,114288,0,
2020-07-22,454,381,181,6,180,10,4,116586,114669,0,
2020-07-23,458,355,175,3,164,7,6,117044,115024,0,
2020-07-24,464,376,180,7,177,5,7,117508,115400,0,
2020-07-25,315,231,107,4,111,6,3,117823,115631,0,
2020-07-26,342,220,102,6,100,10,2,118165,115851,0,
2020-07-27,489,329,176,3,131,14,5,118654,116180,0,
2020-07-28,425,285,155,1,111,14,4,119079,116465,0,
2020-07-29,411,246,138,2,99,3,4,119490,116711,0,
2020-07-30,345,213,109,1,87,6,10,119835,116924,0,
2020-07-31,348,220,120,0,85,10,5,120183,117144,0,
2020-08-01,344,208,113,8,62,17,8,120527,117352,0,
2020-08-02,339,197,124,6,59,6,2,120866,117549,0,
2020-08-03,449,273,162,2,98,10,1,121315,117822,0,
2020-08-04,454,313,186,0,100,20,7,121769,118135,0,
2020-08-05,386,277,171,9,87,8,2,122155,118412,0,
2020-08-06,353,249,160,4,72,7,6,122508,118661,0,
2020-08-07,392,301,189,2,92,6,12,122900,118962,0,
2020-08-08,336,237,151,4,76,2,4,123236,119199,0,
2020-08-09,325,254,149,7,87,8,3,123561,119453,0,
2020-08-10,480,365,215,8,124,12,6,124041,119818,0,
2020-08-11,480,359,220,5,122,11,1,124521,120177,0,
2020-08-12,412,322,211,11,86,11,3,124933,120499,0,
2020-08-13,429,350,223,8,107,10,2,125362,120849,0,
2020-08-14,383,304,176,7,109,9,3,125745,121153,0,
2020-08-15,370,302,171,7,111,7,6,126115,121455,0,
2020-08-16,382,290,166,14,103,4,3,126497,121745,0,
2020-08-17,554,415,264,11,126,7,7,127051,122160,0,
2020-08-18,434,348,205,4,123,4,12,127485,122508,0,
2020-08-19,460,352,208,9,120,5,10,127945,122860,0,
2020-08-20,454,353,223,5,108,4,13,128399,123213,0,
2020-08-21,430,334,207,9,104,5,9,128829,123547,0,
2020-08-22,398,333,225,7,93,5,3,129227,123880,0,
2020-08-23,409,316,203,3,103,6,1,129636,124196,0,
2020-08-24,587,433,265,15,137,7,9,130223,124629,0,
2020-08-25,622,451,291,12,137,10,1,130845,125080,0,
2020-08-26,624,454,287,13,144,5,5,131469,125534,0,
2020-08-27,496,364,231,11,109,3,10,131965,125898,0,
2020-08-28,564,414,262,11,126,6,9,132529,126312,0,
2020-08-29,457,327,207,10,87,5,18,132986,126639,0,
2020-08-30,559,397,242,4,127,7,17,133545,127036,0,
2020-08-31,654,430,260,11,134,9,16,134199,127466,0,
2020-09-01,755,513,301,18,162,7,25,134954,127979,0,
2020-09-02,791,530,333,12,153,8,24,135745,128509,0,
2020-09-03,671,455,267,5,164,4,15,136416,128964,0,
2020-09-04,725,479,287,9,158,10,15,137141,129443,0,
2020-09-05,675,414,254,9,125,9,17,137816,129857,0,
2020-09-06,693,421,270,4,134,8,5,138509,130278,1,
2020-09-07,803,487,298,8,159,9,13,139312,130765,0,
2020-09-08,976,609,351,14,218,10,16,140288,131374,0,
2020-09-09,1027,626,374,12,216,4,20,141315,132000,0,
2020-09-10,1024,650,378,6,226,9,31,142339,132650,0,
2020-09-11,981,639,358,10,247,9,15,143320,133289,0,
2020-09-12,988,652,389,8,234,3,18,144308,133941,0,
2020-09-13,978,611,344,8,241,6,12,145286,134552,0,
2020-09-14,1277,799,476,14,275,7,27,146563,135351,0,
2020-09-15,1330,796,445,10,303,3,35,147893,136147,0,
2020-09-16,1375,814,492,22,271,4,25,149268,136961,0,
2020-09-17,1345,770,478,21,237,7,27,150613,137731,0,
2020-09-18,1432,801,515,8,241,1,36,152045,138532,0,
2020-09-19,1247,700,389,18,269,6,18,153292,139232,0,
2020-09-20,1368,757,416,12,283,9,37,154660,139989,0,
2020-09-21,1843,1009,558,15,375,5,56,156503,140998,0,
2020-09-22,1886,960,522,13,366,8,51,158389,141958,0,
2020-09-23,1944,1002,555,12,343,2,90,160333,142960,0,
2020-09-24,1972,981,522,10,355,2,92,162305,143941,0,
2020-09-25,2068,1055,562,19,368,9,97,164373,144996,0,
2020-09-26,1894,946,501,7,337,4,97,166267,145942,0,
2020-09-27,1983,962,475,10,350,6,121,168250,146904,0,
2020-09-28,2500,1198,624,15,423,3,133,170750,148102,0,
2020-09-29,2283,1123,549,23,405,3,143,173033,149225,0,
2020-09-30,2273,1119,559,15,433,1,111,175306,150344,0,
2020-10-01,2181,1104,579,9,412,9,95,177487,151448,0,
2020-10-02,2149,1077,545,16,402,9,105,179636,152525,0,
2020-10-03,1842,939,473,18,350,10,88,181478,153464,0,
2020-10-04,1863,919,508,14,315,4,78,183341,154383,0,
2020-10-05,2484,1262,673,19,455,5,110,185825,155645,0,
2020-10-06,2338,1263,677,31,422,10,123,188163,156908,0,
2020-10-07,2299,1259,686,20,436,9,108,190462,158167,0,
2020-10-08,2263,1191,656,14,405,10,106,192725,159358,0,
2020-10-09,2313,1247,653,18,457,7,112,195038,160605,0,
2020-10-10,2180,1339,682,17,552,7,81,197218,161944,0,
2020-10-11,1926,1117,605,17,396,5,94,199144,163061,0,
2020-10-12,2343,1337,716,19,499,8,95,201487,164398,0,
2020-10-13,2588,1520,864,22,518,9,107,204075,165918,0,
2020-10-14,2527,1522,879,26,509,7,101,206602,167440,0,
2020-10-15,2586,1421,845,24,443,10,99,209188,168861,0,
2020-10-16,2664,1597,893,19,576,4,105,211852,170458,0,
2020-10-17,2314,1385,819,25,430,6,105,214166,171843,0,
2020-10-18,2241,1379,805,12,459,12,91,216407,173222,0,
2020-10-19,2984,1890,1125,22,613,7,123,219391,175112,0,
2020-10-20,2836,1854,1097,27,569,9,152,222227,176966,0,
2020-10-21,2801,1740,1007,32,542,9,150,225028,178706,0,
2020-10-22,2798,1797,1087,21,560,2,127,227826,180503,0,
2020-10-23,2823,1809,1040,30,598,7,134,230649,182312,0,
2020-10-24,2647,1757,1033,33,529,10,152,233296,184069,0,
2020-10-25,2648,1682,1023,31,506,7,115,235944,185751,0,
2020-10-26,3391,2167,1257,22,684,11,193,239335,187918,0,
2020-10-27,3362,2213,1341,35,665,9,163,242697,190131,0,
2020-10-28,3634,2420,1412,36,765,9,198,246331,192551,0,
2020-10-29,3113,1989,1241,32,587,7,122,249444,194540,0,
2020-10-30,3542,2352,1331,43,814,9,155,252986,196892,0,
2020-10-31,3170,2160,1355,31,628,8,138,256156,199052,0,
2020-11-01,3458,2305,1376,33,740,8,148,259614,201357,0,
2020-11-02,4571,3039,1836,43,957,7,196,264185,204396,0,
2020-11-03,4497,3043,1781,33,937,15,277,268682,207439,0,
2020-11-04,4634,3071,1904,47,910,8,202,273316,210510,0,
2020-11-05,4547,3030,1753,34,953,8,282,277863,213540,0,
2020-11-06,4643,3088,1809,22,999,11,247,282506,216628,0,
2020-11-07,4329,2865,1537,17,1091,9,211,286835,219493,0,
2020-11-08,4033,2666,1451,13,1019,8,175,290868,222159,0,
2020-11-09,5304,3547,1826,24,1435,14,248,296172,225706,0,
2020-11-10,5153,3420,1731,18,1423,14,234,301325,229126,0,
2020-11-11,4951,3400,1813,26,1337,9,215,306276,232526,0,
2020-11-12,5081,3569,1710,18,1596,12,233,311357,236095,0,
2020-11-13,5192,3695,1780,16,1654,16,229,316549,239790,0,
2020-11-14,4544,3395,1695,10,1500,13,177,321093,243185,0,
2020-11-15,4474,3300,1629,22,1483,18,148,325567,246485,0,
2020-11-16,5631,4082,2041,17,1825,22,177,331198,250567,0,
2020-11-17,5455,3980,1906,19,1791,14,250,336653,254547,0,
2020-11-18,5668,4183,2096,26,1849,12,200,342321,258730,0,
2020-11-19,5519,3967,1868,23,1850,16,210,347840,262697,0,
2020-11-20,5545,4130,1967,30,1908,15,210,353385,266827,0,
2020-11-21,5085,3785,1826,22,1753,15,169,358470,270612,0,
2020-11-22,4857,3520,1753,25,1543,22,177,363327,274132,0,
2020-11-23,6348,4565,2252,34,2021,16,242,369675,278697,0,
2020-11-24,6251,4595,2191,29,2100,11,264,375926,283292,0,
2020-11-25,6410,4672,2185,27,2129,15,316,382336,287964,0,
2020-11-26,6115,4535,2138,29,2151,18,199,388451,292499,0,
2020-11-27,6263,4523,2097,34,2155,19,218,394714,297022,0,
2020-11-28,5600,4075,2005,23,1751,15,281,400314,301097,0,
2020-11-29,5415,3835,1719,31,1837,16,232,405729,304932,0,
2020-11-30,6923,4906,2311,37,2266,22,270,412652,309838,0,
2020-12-01,6798,4799,2345,20,2168,7,259,419450,314637,0,
2020-12-02,6713,4787,2144,36,2331,14,262,426163,319424,0,
2020-12-03,6715,4689,2196,32,2152,18,291,432878,324113,0,
2020-12-04,6820,4797,2208,39,2265,10,275,439698,328910,0,
2020-12-05,5843,4066,1838,38,1928,11,251,445541,332976,0,
2020-12-06,5819,3986,1915,33,1746,31,261,451360,336962,0,
2020-12-07,7671,5280,2519,46,2342,27,346,459031,342242,0,
2020-12-08,7194,4871,2269,36,2186,17,363,466225,347113,0,
2020-12-09,6931,4721,2221,30,2074,19,377,473156,351834,0,
2020-12-10,6871,4628,2104,45,2106,24,349,480027,356462,0,
2020-12-11,6856,4677,2122,48,2128,22,357,486883,361139,0,
2020-12-12,6182,4057,1873,42,1798,24,320,493065,365196,0,
2020-12-13,5538,3639,1737,24,1579,16,283,498603,368835,0,
2020-12-14,7701,5043,2311,36,2194,29,473,506304,373878,0,
2020-12-15,7229,4756,2135,33,2140,17,431,513533,378634,0,
2020-12-16,6899,4540,2100,45,1953,10,432,520432,383174,0,
2020-12-17,6670,4303,1898,34,1921,30,420,527102,387477,0,
2020-12-18,6936,4521,2023,53,1992,20,433,534038,391998,0,
2020-12-19,5921,3720,1780,40,1577,17,306,539959,395718,0,
2020-12-20,5919,3758,1843,29,1562,20,304,545878,399476,0,
2020-12-21,7587,4686,2227,41,1928,16,474,553465,404162,0,
2020-12-22,7153,4385,2167,41,1729,22,426,560618,408547,0,
2020-12-23,7417,4604,2281,49,1796,30,448,568035,413151,0,
2020-12-24,6900,4404,2137,44,1796,14,413,574935,417555,0,
2020-12-25,5723,3513,1846,51,1323,15,278,580658,421068,0,
2020-12-26,7629,4978,2580,58,1966,25,349,588287,426046,0,
2020-12-27,7597,4930,2691,69,1774,20,376,595884,430976,0,
2020-12-28,8966,5761,3036,52,2189,25,459,604850,436737,0,
2020-12-29,8187,5292,2848,72,1902,16,454,613037,442029,0,
2020-12-30,7891,5013,2681,59,1765,41,467,620928,447042,0,
2020-12-31,7484,4938,2629,57,1803,16,433,628412,451980,0,
2021-01-01,7146,4476,2399,39,1646,28,364,635558,456456,0,
2021-01-02,7557,5097,2775,69,1765,44,444,643115,461553,0,
2021-01-03,7352,4748,2580,60,1666,50,392,650467,466301,0,
2021-01-04,8963,5822,3126,67,2041,31,557,659430,472123,0,
2021-01-05,7856,5128,2814,63,1716,51,484,667286,477251,0,
2021-01-06,7765,4994,2669,59,1652,53,561,675051,482245,0,
2021-01-07,6913,4443,2385,51,1475,38,494,681964,486688,0,
2021-01-08,6784,4426,2366,57,1466,41,496,688748,491114,0,
2021-01-09,5997,3868,2068,52,1301,40,407,694745,494982,0,
2021-01-10,5594,3661,1954,56,1243,29,379,700339,498643,0,
2021-01-11,6903,4585,2517,58,1472,37,501,707242,503228,0,
2021-01-12,6113,4014,2175,70,1287,29,453,713355,507242,0,
2021-01-13,6106,4022,2116,47,1341,33,485,719461,511264,0,
2021-01-14,5669,3818,2085,43,1216,28,446,725130,515082,0,
2021-01-15,6037,3893,2091,40,1330,30,402,731167,518975,0,
2021-01-16,4729,3162,1691,36,1123,20,292,735896,522137,0,
2021-01-17,4487,2972,1592,36,976,37,331,740383,525109,0,
2021-01-18,5685,3780,2014,38,1219,31,478,746068,528889,0,
2021-01-19,5234,3458,1829,46,1114,12,457,751302,532347,0,
2021-01-20,5066,3360,1838,53,1080,23,366,756368,535707,0,
2021-01-21,4798,3191,1712,28,1027,26,398,761166,538898,0,
2021-01-22,4538,3069,1680,39,1018,18,314,765704,541967,0,
2021-01-23,3957,2658,1445,43,869,14,287,769661,544625,0,
2021-01-24,3525,2349,1274,26,788,11,250,773186,546974,0,
2021-01-25,4661,3030,1634,36,948,18,394,777847,550004,0,
2021-01-26,4112,2666,1439,38,832,10,347,781959,552670,0,
2021-01-27,4218,2799,1548,28,887,15,321,786177,555469,0,
2021-01-28,3905,2500,1341,29,845,17,268,790082,557969,0,
2021-01-29,3806,2446,1310,38,852,14,232,793888,560415,0,
2021-01-30,3167,2094,1096,23,734,10,231,797055,562509,0,
2021-01-31,2886,1888,1067,23,602,18,178,799941,564397,0,
2021-02-01,4136,2705,1397,21,893,15,379,804077,567102,0,
2021-02-02,3632,2369,1296,31,776,14,252,807709,569471,0,
2021-02-03,3555,2320,1267,21,782,10,240,811264,571791,0,
2021-02-04,3344,2195,1185,26,727,14,243,814608,573986,0,
2021-02-05,3368,2209,1161,25,765,16,242,817976,576195,0,
2021-02-06,2798,1885,1059,17,670,7,132,820774,578080,0,
2021-02-07,2651,1764,994,24,596,13,137,823425,579844,0,
2021-02-08,3522,2337,1341,18,744,9,225,826947,582181,0,
2021-02-09,3249,2108,1204,27,687,12,178,830196,584289,0,
2021-02-10,3305,2248,1336,28,744,5,135,833501,586537,0,
2021-02-11,2909,1963,1196,23,602,7,135,836410,588500,0,
2021-02-12,3127,2090,1208,21,681,8,172,839537,590590,0,
2021-02-13,2686,1910,1155,17,579,4,155,842223,592500,0,
2021-02-14,2544,1731,1052,15,550,21,93,844767,594231,0,
2021-02-15,3069,2036,1239,32,630,7,128,847836,596267,0,
2021-02-16,3030,2116,1277,26,639,13,161,850866,598383,0,
2021-02-17,3120,2150,1313,29,628,8,172,853986,600533,0,
2021-02-18,3050,2124,1283,30,604,7,200,857036,602657,0,
2021-02-19,3004,2105,1252,24,657,5,167,860040,604762,0,
2021-02-20,2750,1905,1148,24,598,12,123,862790,606667,0,
2021-02-21,2537,1798,1052,14,596,10,126,865327,608465,0,
2021-02-22,3228,2224,1319,15,688,6,196,868555,610689,0,
2021-02-23,3027,2150,1311,11,668,4,156,871582,612839,0,
2021-02-24,3124,2156,1332,18,633,7,166,874706,614995,0,
2021-02-25,2855,2023,1234,15,619,4,151,877561,617018,0,
2021-02-26,2944,2099,1301,18,609,10,161,880505,619117,0,
2021-02-27,2727,2011,1231,11,600,13,156,883232,621128,0,
2021-02-28,2668,1954,1194,20,589,9,142,885900,623082,0,
2021-03-01,3535,2544,1498,19,804,8,215,889435,625626,0,
2021-03-02,3142,2290,1412,22,676,7,173,892577,627916,0,
2021-03-03,3321,2381,1478,18,713,15,157,895898,630297,0,
2021-03-04,2900,2172,1320,21,668,16,147,898798,632469,0,
2021-03-05,3237,2399,1514,21,692,4,168,902035,634868,0,
2021-03-06,2828,2115,1307,5,633,13,157,904863,636983,0,
2021-03-07,2716,2022,1211,13,660,9,129,907579,639005,0,
2021-03-08,3570,2669,1633,13,797,20,206,911149,641674,0,
2021-03-09,3378,2573,1584,24,749,11,205,914527,644247,0,
2021-03-10,3693,2801,1732,22,801,18,228,918220,647048,0,
2021-03-11,3309,2477,1523,14,719,19,202,921529,649525,0,
2021-03-12,3423,2619,1582,10,780,16,231,924952,652144,0,
2021-03-13,3183,2436,1537,10,719,10,160,928135,654580,0,
2021-03-14,3083,2285,1385,11,710,26,153,931218,656865,0,
2021-03-15,4180,3314,2011,12,1043,18,230,935398,660179,0,
2021-03-16,4039,3123,1941,11,933,13,225,939437,663302,0,
2021-03-17,4424,3528,2250,8,1032,21,217,943861,666830,0,
2021-03-18,4027,3175,2043,11,904,17,200,947888,670005,0,
2021-03-19,4380,3430,2088,12,1073,20,237,952268,673435,0,
2021-03-20,4202,3312,2013,11,1078,8,202,956470,676747,0,
2021-03-21,4216,3326,1977,16,1082,31,220,960686,680073,0,
2021-03-22,5368,4146,2466,19,1360,14,287,966054,684219,0,
2021-03-23,5600,4324,2503,24,1460,25,312,971654,688543,0,
2021-03-24,5650,4480,2711,21,1403,30,315,977304,693023,0,
2021-03-25,5257,4086,2418,17,1327,19,305,982561,697109,0,
2021-03-26,5696,4493,2653,22,1435,25,358,988257,701602,0,
2021-03-27,5403,4231,2498,22,1426,14,271,993660,705833,0,
2021-03-28,5456,4245,2507,16,1410,30,282,999116,710078,0,
2021-03-29,6717,5297,3105,14,1790,23,365,1005833,715375,0,
2021-03-30,6753,5259,3113,21,1743,31,351,1012586,720634,0,
2021-03-31,6842,5413,3187,29,1822,19,356,1019428,726047,0,
2021-04-01,7901,6355,3563,36,2172,18,566,1027329,732402,0,
2021-04-02,7194,5699,3355,33,1845,17,449,1034523,738101,0,
2021-04-03,7181,5655,3342,32,1741,17,523,1041704,743756,0,
2021-04-04,7423,5875,3419,29,1932,22,473,1049127,749631,0,
2021-04-05,9639,7711,4384,39,2580,34,674,1058766,757342,0,
2021-04-06,9631,7727,4451,49,2491,25,711,1068397,765069,0,
2021-04-07,9671,7768,4470,42,2508,28,720,1078068,772837,0,
2021-04-08,9031,7249,4108,38,2329,22,752,1087099,780086,0,
2021-04-09,9051,7258,3982,38,2425,41,772,1096150,787344,0,
2021-04-10,8575,6999,3881,41,2333,32,712,1104725,794343,0,
2021-04-11,7833,6327,3499,32,2151,28,617,1112558,800670,0,
2021-04-12,9320,7488,4281,40,2339,37,791,1121878,808158,0,
2021-04-13,8703,7063,3998,30,2265,28,742,1130581,815221,0,
2021-04-14,8820,7183,4049,37,2228,35,834,1139401,822404,0,
2021-04-15,8100,6672,3804,29,2047,19,773,1147501,829076,0,
2021-04-16,8332,6908,3884,23,2280,28,693,1155833,835984,0,
2021-04-17,7916,6590,3752,35,2069,26,708,1163749,842574,0,
2021-04-18,7227,6051,3395,26,1965,33,632,1170976,848625,0,
2021-04-19,8795,7336,4143,34,2333,44,782,1179771,855961,0,
2021-04-20,8310,6966,4077,27,2163,32,667,1188081,862927,0,
2021-04-21,8239,6986,4049,28,2198,56,655,1196320,869913,0,
2021-04-22,7658,6473,3744,18,2063,58,590,1203978,876386,0,
2021-04-23,8090,6908,3974,33,2144,51,706,1212068,883294,0,
2021-04-24,7293,6119,3585,21,1932,23,558,1219361,889413,0,
2021-04-25,6796,5686,3362,21,1796,35,472,1226157,895099,0,
2021-04-26,8227,6921,4037,26,2161,47,650,1234384,902020,0,
2021-04-27,7690,6475,3872,20,1935,20,628,1242074,908495,0,
2021-04-28,8167,6874,4018,25,2113,25,693,1250241,915369,0,
2021-04-29,7153,5998,3582,21,1770,12,613,1257394,921367,0,
2021-04-30,7414,6282,3666,24,1877,40,675,1264808,927649,0,
2021-05-01,7054,6043,3554,18,1946,18,507,1271862,933692,0,
2021-05-02,6143,5238,3209,27,1565,12,425,1278005,938930,0,
2021-05-03,7561,6361,3848,25,1995,20,473,1285566,945291,0,
2021-05-04,6908,5789,3610,22,1741,25,391,1292474,951080,0,
2021-05-05,6791,5745,3526,27,1782,22,388,1299265,956825,0,
2021-05-06,6197,5154,3185,11,1567,13,378,1305462,961979,0,
2021-05-07,6326,5268,3258,19,1631,22,338,1311788,967247,0,
2021-05-08,5653,4746,2935,25,1490,10,286,1317441,971993,0,
2021-05-09,5035,4230,2686,20,1305,6,213,1322476,976223,0,
2021-05-10,6358,5230,3179,26,1646,19,360,1328834,981453,0,
2021-05-11,5523,4557,2799,26,1402,7,323,1334357,986010,0,
2021-05-12,5471,4531,2812,18,1435,7,259,1339828,990541,0,
2021-05-13,4978,4105,2590,17,1250,12,236,1344806,994646,0,
2021-05-14,4926,4050,2461,11,1293,10,275,1349732,998696,0,
2021-05-15,4321,3545,2165,9,1133,11,227,1354053,1002241,0,
2021-05-16,3837,3136,1889,6,1058,11,172,1357890,1005377,0,
2021-05-17,4579,3715,2240,9,1148,13,305,1362469,1009092,0,
2021-05-18,4110,3294,1975,11,1036,7,265,1366579,1012386,0,
2021-05-19,3724,2995,1843,14,942,4,192,1370303,1015381,0,
2021-05-20,3504,2831,1709,8,867,7,240,1373807,1018212,0,
2021-05-21,3285,2650,1614,7,805,8,216,1377092,1020862,0,
2021-05-22,2662,2177,1331,8,700,4,134,1379754,1023039,0,
2021-05-23,2330,1863,1127,1,618,3,114,1382084,1024902,0,
2021-05-24,2440,1952,1186,6,641,2,117,1384524,1026854,0,
2021-05-25,2709,2163,1369,1,650,7,136,1387233,1029017,0,
2021-05-26,2434,1938,1235,7,588,4,104,1389667,1030955,0,
2021-05-27,2261,1806,1174,6,529,5,92,1391928,1032761,0,
2021-05-28,2123,1702,1104,8,497,6,87,1394051,1034463,0,
2021-05-29,1695,1348,843,1,425,7,72,1395746,1035811,0,
2021-05-30,1555,1247,811,6,373,7,50,1397301,1037058,0,
2021-05-31,1987,1590,1058,1,453,6,72,1399288,1038648,0,
2021-06-01,1859,1518,942,8,473,9,86,1401147,1040166,0,
2021-06-02,1757,1401,924,3,415,2,57,1402904,1041567,0,
2021-06-03,1518,1217,802,5,343,4,63,1404422,1042784,0,
2021-06-04,1503,1172,757,3,341,5,66,1405925,1043956,0,
2021-06-05,1235,995,648,2,296,6,43,1407160,1044951,0,
2021-06-06,1108,872,578,0,256,3,35,1408268,1045823,0,
2021-06-07,1486,1153,776,3,318,5,51,1409754,1046976,0,
2021-06-08,1224,955,599,2,291,8,55,1410978,1047931,0,
2021-06-09,1213,956,647,7,229,6,67,1412191,1048887,0,
2021-06-10,1201,928,645,6,215,9,53,1413392,1049815,0,
2021-06-11,1074,819,530,1,226,9,53,1414466,1050634,0,
2021-06-12,924,716,462,4,184,9,57,1415390,1051350,0,
2021-06-13,779,608,378,2,181,3,44,1416169,1051958,0,
2021-06-14,1067,793,519,3,221,12,38,1417236,1052751,0,
2021-06-15,932,696,477,0,186,6,27,1418168,1053447,0,
2021-06-16,870,647,435,1,160,10,41,1419038,1054094,0,
2021-06-17,738,547,369,2,144,7,25,1419776,1054641,0,
2021-06-18,746,566,371,3,145,16,31,1420522,1055207,0,
2021-06-19,586,452,266,0,142,6,38,1421108,1055659,0,
2021-06-20,584,425,255,3,134,5,28,1421692,1056084,0,
2021-06-21,728,551,332,1,164,9,45,1422420,1056635,0,
2021-06-22,689,506,309,2,147,6,42,1423109,1057141,0,
2021-06-23,683,496,317,1,143,4,31,1423792,1057637,0,
2021-06-24,601,456,275,4,132,11,34,1424393,1058093,0,
2021-06-25,562,417,262,3,112,6,34,1424955,1058510,0,
2021-06-26,490,357,212,3,112,8,22,1425445,1058867,0,
2021-06-27,454,319,184,1,99,4,31,1425899,1059186,0,
2021-06-28,578,415,243,1,122,9,40,1426477,1059601,0,
2021-06-29,505,351,174,2,117,12,46,1426982,1059952,0,
2021-06-30,505,386,215,4,110,12,45,1427487,1060338,0,
2021-07-01,433,293,168,2,92,11,20,1427920,1060631,0,
2021-07-02,451,323,172,0,103,8,40,1428371,1060954,0,
2021-07-03,448,338,182,2,116,18,20,1428819,1061292,0,
2021-07-04,423,302,160,2,114,4,22,1429242,1061594,0,
2021-07-05,542,367,214,3,118,7,25,1429784,1061961,0,
2021-07-06,514,360,212,4,116,10,18,1430298,1062321,0,
2021-07-07,455,314,173,4,109,12,16,1430753,1062635,0,
2021-07-08,378,255,140,3,86,12,14,1431131,1062890,0,
2021-07-09,392,274,135,2,99,14,24,1431523,1063164,,
2021-07-10,366,267,141,2,100,15,9,1431889,1063431,,
2021-07-11,366,250,126,0,91,18,15,1432255,1063681,,
2021-07-12,498,365,192,1,140,12,20,1432753,1064046,,
2021-07-13,451,313,160,0,118,10,25,1433204,1064359,,
2021-07-14,510,352,177,0,121,33,21,1433714,1064711,,
2021-07-15,451,306,156,1,116,16,17,1434165,1065017,,
2021-07-16,494,350,183,6,125,16,20,1434659,1065367,,
2021-07-17,427,300,155,6,116,14,9,1435086,1065667,,
2021-07-18,512,354,171,7,144,16,16,1435598,1066021,,
2021-07-19,643,464,225,4,205,16,14,1436241,1066485,,
2021-07-20,717,520,258,10,227,12,13,1436958,1067005,,
2021-07-21,698,507,239,5,234,18,11,1437656,1067512,,
2021-07-22,635,451,230,9,185,14,13,1438291,1067963,,
2021-07-23,705,524,272,4,198,16,34,1438996,1068487,,
2021-07-24,658,496,290,4,176,15,11,1439654,1068983,,
2021-07-25,777,571,295,11,233,18,14,1440431,1069554,,
2021-07-26,1048,789,404,5,332,24,24,1441479,1070343,,
2021-07-27,990,739,403,10,290,12,24,1442469,1071082,,
2021-07-28,984,721,381,10,283,24,23,1443453,1071803,,
2021-07-29,975,701,366,11,286,20,18,1444428,1072504,,
2021-07-30,975,691,370,11,264,17,29,1445403,1073195,,
2021-07-31,1007,753,372,9,323,24,25,1446410,1073948,,
2021-08-01,1207,896,477,17,352,25,25,1447617,1074844,,
2021-08-02,1559,1070,488,19,501,28,34,1449176,1075914,,
2021-08-03,1794,1277,625,17,548,27,60,1450970,1077191,,
2021-08-04,1762,1242,603,21,549,19,50,1452732,1078433,,
2021-08-05,1723,1173,608,15,494,23,33,1454455,1079606,,
2021-08-06,1680,1106,536,13,485,21,51,1456135,1080712,,
2021-08-07,1729,1245,630,11,534,25,45,1457864,1081957,,
2021-08-08,1808,1290,665,23,539,20,43,1459672,1083247,,
2021-08-09,2257,1623,816,23,701,22,61,1461929,1084870,,
2021-08-10,2445,1781,854,27,785,41,74,1464374,1086651,,
2021-08-11,2370,1712,832,28,764,24,64,1466744,1088363,,
2021-08-12,2134,1535,760,26,664,34,51,1468878,1089898,,
2021-08-13,2158,1546,787,15,644,38,62,1471036,1091444,,
2021-08-14,2210,1635,838,25,686,28,58,1473246,1093079,,
2021-08-15,2282,1655,850,23,716,16,50,1475528,1094734,,
2021-08-16,3036,2245,1063,32,1042,32,76,1478564,1096979,,
2021-08-17,2987,2189,1071,31,981,29,77,1481551,1099168,,
2021-08-18,2989,2187,1045,35,1002,22,83,1484540,1101355,,
2021-08-19,2767,1985,968,18,901,27,71,1487307,1103340,,
2021-08-20,2871,2146,1015,22,1011,19,79,1490178,1105486,,
2021-08-21,2763,2096,948,15,1029,24,80,1492941,1107582,,
2021-08-22,2932,2213,940,20,1165,24,64,1495873,1109795,,
2021-08-23,3758,2759,1067,12,1552,32,96,1499631,1112554,,
2021-08-24,3786,2769,1037,8,1605,29,90,1503417,1115323,,
2021-08-25,3753,2712,977,6,1625,18,86,1507170,1118035,,
2021-08-26,3401,2481,954,5,1422,20,80,1510571,1120516,,
2021-08-27,3663,2621,918,6,1567,19,111,1514234,1123137,,
2021-08-28,3300,2451,915,8,1430,26,72,1517534,1125588,,
2021-08-29,3275,2410,840,6,1467,21,76,1520809,1127998,,
2021-08-30,4109,2921,1037,11,1765,23,85,1524918,1130919,,
2021-08-31,4064,2865,941,10,1812,16,86,1528982,1133784,,
2021-09-01,4474,3196,1090,6,1985,20,95,1533456,1136980,,
2021-09-02,3927,2804,998,4,1711,14,77,1537383,1139784,,
2021-09-03,4194,3031,1065,7,1840,25,94,1541577,1142815,,
2021-09-04,3656,2709,931,6,1706,17,49,1545233,1145524,,
2021-09-05,3605,2610,863,4,1678,10,55,1548838,1148134,,
2021-09-06,4061,2947,979,8,1869,10,81,1552899,1151081,,
2021-09-07,4879,3418,1180,4,2113,11,110,1557778,1154499,,
2021-09-08,4856,3368,1158,6,2104,16,84,1562634,1157867,,
2021-09-09,4467,3072,1051,6,1910,23,82,1567101,1160939,,
2021-09-10,4534,3176,1086,10,2006,11,63,1571635,1164115,,
2021-09-11,3817,2739,934,5,1716,10,74,1575452,1166854,,
2021-09-12,3780,2701,957,4,1656,11,73,1579232,1169555,,
2021-09-13,5026,3426,1184,6,2138,14,84,1584258,1172981,,
2021-09-14,4626,3218,1117,8,1962,24,107,1588884,1176199,,
2021-09-15,4600,3234,1167,7,1945,14,101,1593484,1179433,,
2021-09-16,4299,3073,1135,1,1840,8,89,1597783,1182506,,
2021-09-17,4474,3134,1153,3,1863,7,108,1602257,1185640,,
2021-09-18,3816,2796,1052,3,1649,15,77,1606073,1188436,,
2021-09-19,3686,2747,958,12,1696,8,73,1609759,1191183,,
2021-09-20,4938,3586,1327,4,2134,14,107,1614697,1194769,,
2021-09-21,4598,3298,1208,5,1983,11,91,1619295,1198067,,
2021-09-22,4359,3225,1253,7,1872,10,83,1623654,1201292,,
2021-09-23,4166,3012,1205,4,1716,18,69,1627820,1204304,,
2021-09-24,4250,3163,1191,8,1845,8,111,1632070,1207467,,
2021-09-25,3498,2669,1017,3,1578,6,65,1635568,1210136,,
2021-09-26,3606,2742,1054,6,1606,12,64,1639174,1212878,,
2021-09-27,4462,3198,1239,6,1852,14,87,1643636,1216076,,
2021-09-28,3819,2729,1088,7,1545,15,74,1647455,1218805,,
2021-09-29,3940,2850,1161,3,1598,18,70,1651395,1221655,,
2021-09-30,3309,2470,958,3,1444,10,55,1654704,1224125,,
2021-10-01,3696,2610,1038,0,1487,13,72,1658400,1226735,,
2021-10-02,2970,2170,907,2,1198,10,53,1661370,1228905,,
2021-10-03,2874,2046,878,4,1095,15,54,1664244,1230951,,
2021-10-04,3756,2589,1049,6,1450,15,69,1668000,1233540,,
2021-10-05,3457,2349,999,4,1263,10,73,1671457,1235889,,
2021-10-06,3288,2250,991,4,1192,5,58,1674745,1238139,,
2021-10-07,2972,1995,868,3,1040,9,75,1677717,1240134,,
2021-10-08,3124,2094,851,5,1162,11,65,1680841,1242228,,
2021-10-09,2666,1850,797,2,988,10,53,1683507,1244078,,
2021-10-10,2399,1711,746,2,904,10,49,1685906,1245789,,
2021-10-11,2626,1790,758,2,964,15,51,1688532,1247579,,
2021-10-12,3104,2066,873,2,1108,14,69,1691636,1249645,,
2021-10-13,2979,1966,899,0,1007,12,48,1694615,1251611,,
2021-10-14,2729,1842,788,4,991,11,48,1697344,1253453,,
2021-10-15,2634,1803,770,2,961,10,60,1699978,1255256,,
2021-10-16,2233,1604,701,0,854,10,39,1702211,1256860,,
2021-10-17,2146,1532,670,2,802,10,48,1704357,1258392,,
2021-10-18,2671,1841,828,1,941,14,57,1707028,1260233,,
2021-10-19,2337,1579,696,2,816,13,52,1709365,1261812,,
2021-10-20,2438,1685,760,4,856,8,57,1711803,1263497,,
2021-10-21,2260,1536,734,0,732,10,60,1714063,1265033,,
2021-10-22,2271,1595,712,4,818,4,57,1716334,1266628,,
2021-10-23,1887,1312,584,2,667,5,54,1718221,1267940,,
2021-10-24,2003,1416,620,2,738,9,47,1720224,1269356,,
2021-10-25,2498,1702,782,2,850,21,47,1722722,1271058,,
2021-10-26,2330,1576,727,1,765,17,66,1725052,1272634,,
2021-10-27,2314,1551,719,3,766,12,51,1727366,1274185,,
2021-10-28,2254,1488,705,1,708,9,65,1729620,1275673,,
2021-10-29,2250,1396,634,5,682,7,68,1731870,1277069,,
2021-10-30,2017,1336,632,1,636,16,51,1733887,1278405,,
2021-10-31,2062,1397,686,0,628,13,70,1735949,1279802,,
2021-11-01,2866,1955,883,4,953,11,104,1738815,1281757,,
2021-11-02,2716,1860,903,2,861,16,78,1741531,1283617,,
2021-11-03,2655,1890,880,1,879,22,108,1744186,1285507,,
2021-11-04,2568,1760,876,5,774,13,92,1746754,1287267,,
2021-11-05,2598,1761,869,3,776,15,98,1749352,1289028,,
2021-11-06,2369,1664,839,3,716,22,84,1751721,1290692,,
2021-11-07,2165,1440,711,2,628,14,85,1753886,1292132,,
2021-11-08,2803,1788,900,13,765,23,87,1756689,1293920,,
2021-11-09,2568,1626,876,7,638,21,84,1759257,1295546,,
2021-11-10,2657,1760,910,6,713,13,118,1761914,1297306,,
2021-11-11,2259,1476,744,2,632,20,78,1764173,1298782,,
2021-11-12,2456,1585,844,8,616,15,102,1766629,1300367,,
2021-11-13,2148,1463,799,4,575,12,73,1768777,1301830,,
2021-11-14,2199,1427,713,3,629,24,58,1770976,1303257,,
2021-11-15,2710,1741,957,4,682,15,83,1773686,1304998,,
2021-11-16,2580,1644,851,5,632,31,125,1776266,1306642,,
2021-11-17,2744,1749,881,1,719,33,115,1779010,1308391,,
2021-11-18,2426,1501,820,3,555,22,101,1781436,1309892,,
2021-11-19,2603,1623,828,3,646,25,121,1784039,1311515,,
2021-11-20,2287,1359,718,5,509,30,97,1786326,1312874,,
2021-11-21,2405,1471,784,5,577,19,86,1788731,1314345,,
2021-11-22,3163,1885,1016,2,698,30,139,1791894,1316230,,
2021-11-23,2934,1778,983,2,639,33,121,1794828,1318008,,
2021-11-24,2967,1777,960,6,652,25,134,1797795,1319785,,
2021-11-25,2689,1589,870,0,589,30,100,1800484,1321374,,
2021-11-26,2902,1693,876,5,618,22,172,1803386,1323067,,
2021-11-27,2568,1573,852,1,554,35,131,1805954,1324640,,
2021-11-28,2806,1623,861,1,563,45,153,1808760,1326263,,
2021-11-29,3531,1992,1025,2,725,63,177,1812291,1328255,,
2021-11-30,3368,1886,957,3,699,34,193,1815659,1330141,,
2021-12-01,3714,2052,1108,4,694,35,211,1819373,1332193,,
2021-12-02,3403,1907,958,4,668,40,237,1822776,1334100,,
2021-12-03,3747,2142,1102,5,726,37,272,1826523,1336242,,
2021-12-04,3178,1736,896,5,606,41,188,1829701,1337978,,
2021-12-05,3441,1942,1024,6,650,43,219,1833142,1339920,,
2021-12-06,4694,2632,1400,7,843,45,337,1837836,1342552,,
2021-12-07,4810,2685,1454,5,779,53,394,1842646,1345237,,
2021-12-08,4882,2816,1460,6,840,43,467,1847528,1348053,,
2021-12-09,4764,2612,1274,10,743,53,532,1852292,1350665,,
2021-12-10,5175,2954,1406,6,786,66,690,1857467,1353619,,
2021-12-11,5078,2994,1244,12,872,70,796,1862545,1356613,,
2021-12-12,6292,3742,1358,11,1069,81,1223,1868837,1360355,,
2021-12-13,9652,5672,1839,11,1492,123,2207,1878489,1366027,,
2021-12-14,10107,5810,1814,19,1473,104,2400,1888596,1371837,,
2021-12-15,10836,6055,1706,27,1333,92,2897,1899432,1377892,,
2021-12-16,11405,6217,1608,17,1254,102,3236,1910837,1384109,,
2021-12-17,14317,7891,1804,12,1676,120,4279,1925154,1392000,,
2021-12-18,14936,8482,1792,13,1818,104,4755,1940090,1400482,,
2021-12-19,18460,10344,1850,18,2529,113,5834,1958550,1410826,,
2021-12-20,29136,15959,2381,19,3669,139,9751,1987686,1426785,,
2021-12-21,31059,16058,2320,12,3511,107,10108,2018745,1442843,,
2021-12-22,31082,15127,1986,14,2909,103,10115,2049827,1457970,,
2021-12-23,30962,15656,1848,11,2822,72,10903,2080789,1473626,,
2021-12-24,27709,14555,1768,10,2689,76,10012,2108498,1488181,,
2021-12-25,22775,10728,1855,10,2600,71,6192,2131273,1498909,,
2021-12-26,31352,15392,2530,13,3510,66,9273,2162625,1514301,,
2021-12-27,43919,22618,2914,21,3942,83,15658,2206544,1536919,,
2021-12-28,51739,27359,2668,13,4842,70,19766,2258283,1564278,,
2021-12-29,54972,30099,2248,5,4869,57,22920,2313255,1594377,,
2021-12-30,51721,29401,1877,17,4403,63,23041,2364976,1623778,,
2021-12-31,38210,19392,1609,9,3918,58,13798,2403186,1643170,,
2022-01-01,26033,10842,1658,10,2544,66,6564,2429219,1654012,,
2022-01-02,32045,15143,1850,11,4371,73,8838,2461264,1669155,,
2022-01-03,43855,20545,2218,17,6696,87,11527,2505119,1689700,,
2022-01-04,42901,20502,1977,7,6676,86,11756,2548020,1710202,,
2022-01-05,37861,19392,1777,10,6843,82,10680,2585881,1729594,,
2022-01-06,31194,17530,1748,6,6531,76,9169,2617075,1747124,,
2022-01-07,28836,17416,1788,11,6786,59,8772,2645911,1764540,,
2022-01-08,21134,12881,1509,7,4625,59,6681,2667045,1777421,,
2022-01-09,20647,12795,1666,7,4519,76,6527,2687692,1790216,,
2022-01-10,29587,18214,2052,14,6881,64,9203,2717279,1808430,,
2022-01-11,26963,16210,2014,12,6394,60,7730,2744242,1824640,,
2022-01-12,24765,15122,1929,5,6344,52,6792,2769007,1839762,,
2022-01-13,22372,13696,1881,4,5679,57,6075,2791379,1853458,,
2022-01-14,21369,12833,1922,6,5140,51,5714,2812748,1866291,,
2022-01-15,15840,9427,1625,4,3372,60,4366,2828588,1875718,,
2022-01-16,15008,8991,1685,2,3435,63,3806,2843596,1884709,,
2022-01-17,18844,10358,2068,5,4377,54,3854,2862440,1895067,,
2022-01-18,18928,10650,2008,11,3537,47,5047,2881368,1905717,,
2022-01-19,17880,9976,1872,4,3415,47,4638,2899248,1915693,,
2022-01-20,16145,8950,1739,4,3202,36,3969,2915393,1924643,,
2022-01-21,15233,8482,1665,2,2974,48,3793,2930626,1933125,,
2022-01-22,12209,7260,1532,3,2747,40,2938,2942835,1940385,,
2022-01-23,11586,6795,1451,5,2688,38,2613,2954421,1947180,,
2022-01-24,16258,9218,1829,5,3433,46,3905,2970679,1956398,,
2022-01-25,14566,8074,1660,3,3180,39,3192,2985245,1964472,,
2022-01-26,13675,7471,1664,1,2856,39,2911,2998920,1971943,,
2022-01-27,12777,6651,1384,4,2641,42,2580,3011697,1978594,,
2022-01-28,11761,6403,1319,4,2620,29,2431,3023458,1984997,,
2022-01-29,9012,5150,1146,3,2048,45,1908,3032470,1990147,,
2022-01-30,9204,5186,1239,3,2096,36,1812,3041674,1995333,,
2022-01-31,13247,7032,1557,2,2842,32,2599,3054921,2002365,,
2022-02-01,11929,6344,1441,2,2454,27,2420,3066850,2008709,,
2022-02-02,10768,5654,1345,1,2178,32,2098,3077618,2014363,,
2022-02-03,9528,4947,1181,4,1896,21,1845,3087146,2019310,,
2022-02-04,9147,4795,1075,1,1812,22,1885,3096293,2024105,,
2022-02-05,7138,3933,952,2,1552,22,1405,3103431,2028038,,
2022-02-06,7188,3866,949,3,1447,16,1451,3110619,2031904,,
2022-02-07,9772,5049,1292,4,1800,21,1932,3120391,2036953,,
2022-02-08,8365,4265,1019,2,1495,20,1729,3128756,2041218,,
2022-02-09,7691,3801,947,2,1377,16,1459,3136447,2045019,,
2022-02-10,6891,3463,789,2,1274,14,1384,3143338,2048482,,
2022-02-11,6371,3291,727,2,1191,16,1355,3149709,2051773,,
2022-02-12,5015,2819,688,2,1121,16,992,3154724,2054592,,
2022-02-13,5032,2905,690,1,1111,16,1087,3159756,2057497,,
2022-02-14,6657,3570,886,3,1286,16,1379,3166413,2061067,,
2022-02-15,6097,3308,871,0,1165,11,1261,3172510,2064375,,
2022-02-16,5894,3156,812,0,1034,13,1297,3178404,2067531,,
2022-02-17,4960,2602,678,1,849,14,1060,3183364,2070133,,
2022-02-18,4704,2554,610,0,934,9,1001,3188068,2072687,,
2022-02-19,3757,2091,486,0,722,8,875,3191825,2074778,,
2022-02-20,3650,2053,477,3,640,8,925,3195475,2076831,,
2022-02-21,4725,2336,503,1,774,9,1049,3200200,2079167,,
2022-02-22,4770,2646,585,0,814,8,1239,3204970,2081813,,
2022-02-23,4236,2204,475,0,712,12,1005,3209206,2084017,,
2022-02-24,3411,1657,349,1,523,6,778,3212617,2085674,,
2022-02-25,2826,1329,262,0,404,4,659,3215443,2087003,,
2022-02-26,1905,849,131,0,202,9,507,3217348,2087852,,
2022-02-27,1476,576,75,0,114,3,384,3218824,2088428,,
2022-02-28,609,92,21,0,42,0,29,3219433,2088520,,
2022-03-01,301,28,5,0,22,1,0,3219734,2088548,,
2022-03-02,7,7,1,0,6,0,0,3219741,2088555,,