date,new,NTotal_ExposureOnly,domestic-contactWithCase,domestic-contactWithTraveller,domestic-unknown,internationalTravel,infopending,cumulative,cumulativeNTotal_ExposureOnly,doubleFlagTest,shaded
2020-01-15,2,1,0,0,0,1,0,2,1,1,14
2020-01-16,5,3,1,0,2,0,0,7,4,0,
2020-01-17,3,1,0,0,0,1,0,10,5,1,
2020-01-18,1,0,0,0,0,0,0,11,5,0,
2020-01-19,0,0,0,0,0,0,0,11,5,0,
2020-01-20,1,0,0,0,0,0,0,12,5,0,
2020-01-21,4,0,0,0,0,0,0,16,5,0,
2020-01-22,6,4,1,0,1,2,0,22,9,1,
2020-01-23,0,0,0,0,0,0,0,22,9,0,
2020-01-24,3,2,0,0,0,2,0,25,11,0,
2020-01-25,4,2,1,0,1,0,0,29,13,0,
2020-01-26,2,1,1,0,0,0,0,31,14,0,
2020-01-27,8,3,2,0,1,0,0,39,17,0,
2020-01-28,7,2,1,0,0,1,0,46,19,1,
2020-01-29,3,1,0,0,0,0,1,49,20,0,
2020-01-30,4,1,1,0,0,0,0,53,21,0,
2020-01-31,3,2,0,0,2,0,0,56,23,0,
2020-02-01,7,5,3,0,1,1,0,63,28,0,
2020-02-02,3,2,0,0,1,1,0,66,30,0,
2020-02-03,2,1,0,0,1,0,0,68,31,0,
2020-02-04,2,2,0,0,2,0,0,70,33,0,
2020-02-05,5,5,3,0,1,1,0,75,38,0,
2020-02-06,0,0,0,0,0,0,0,75,38,0,
2020-02-07,0,0,0,0,0,0,0,75,38,0,
2020-02-08,2,0,0,0,0,0,0,77,38,0,
2020-02-09,2,2,1,0,0,1,0,79,40,0,
2020-02-10,2,2,0,0,1,1,0,81,42,0,
2020-02-11,2,1,1,0,0,0,0,83,43,0,
2020-02-12,4,3,2,0,1,0,0,87,46,0,
2020-02-13,1,1,0,0,0,1,0,88,47,0,
2020-02-14,6,5,0,0,3,2,0,94,52,1,
2020-02-15,3,2,1,0,0,1,0,97,54,0,
2020-02-16,1,1,0,0,0,1,0,98,55,0,
2020-02-17,2,2,1,0,0,1,0,100,57,0,
2020-02-18,2,2,2,0,0,0,0,102,59,0,
2020-02-19,4,4,2,0,1,1,0,106,63,0,
2020-02-20,11,10,4,1,3,2,0,117,73,0,
2020-02-21,3,3,0,0,1,2,0,120,76,0,
2020-02-22,8,8,2,0,3,3,0,128,84,0,
2020-02-23,23,22,11,0,3,7,1,151,106,0,
2020-02-24,15,14,3,0,2,9,0,166,120,0,
2020-02-25,16,16,4,0,2,10,0,182,136,0,
2020-02-26,14,13,6,1,4,2,0,196,149,1,
2020-02-27,27,26,12,0,7,7,0,223,175,0,
2020-02-28,39,37,17,0,6,14,0,262,212,0,
2020-02-29,28,27,8,0,7,12,0,290,239,0,
2020-03-01,60,59,12,0,26,20,1,350,298,0,
2020-03-02,56,56,8,0,18,30,0,406,354,1,
2020-03-03,55,55,15,0,12,28,0,461,409,0,
2020-03-04,62,58,13,1,14,30,0,523,467,0,
2020-03-05,67,67,12,1,23,31,0,590,534,0,
2020-03-06,85,84,17,2,25,40,0,675,618,0,
2020-03-07,90,90,14,2,30,44,0,765,708,0,
2020-03-08,135,134,27,2,45,60,0,900,842,1,
2020-03-09,224,223,44,10,79,90,0,1124,1065,0,
2020-03-10,261,258,56,8,75,119,0,1385,1323,0,
2020-03-11,301,301,76,10,88,126,1,1686,1624,0,
2020-03-12,394,392,92,9,128,162,1,2080,2016,1,
2020-03-13,467,460,125,8,151,174,2,2547,2476,0,
2020-03-14,471,468,99,14,170,183,2,3018,2944,0,
2020-03-15,613,606,157,9,211,227,2,3631,3550,0,
2020-03-16,855,845,256,11,310,267,1,4486,4395,1,
2020-03-17,882,869,262,15,323,264,5,5368,5264,0,
2020-03-18,983,970,291,16,355,304,4,6351,6234,0,
2020-03-19,816,803,255,11,300,234,3,7167,7037,0,
2020-03-20,1064,1053,362,20,428,234,9,8231,8090,0,
2020-03-21,911,892,320,7,326,235,4,9142,8982,1,
2020-03-22,874,855,319,13,336,185,2,10016,9837,0,
2020-03-23,1108,1082,465,15,420,173,9,11124,10919,0,
2020-03-24,1009,995,405,18,393,174,5,12133,11914,0,
2020-03-25,1022,995,450,12,415,109,9,13155,12909,0,
2020-03-26,952,930,453,10,344,114,9,14107,13839,0,
2020-03-27,980,963,486,7,373,85,12,15087,14802,0,
2020-03-28,978,965,475,9,387,84,10,16065,15767,0,
2020-03-29,894,881,464,7,354,50,6,16959,16648,0,
2020-03-30,1188,1171,581,10,488,79,13,18147,17819,0,
2020-03-31,1010,997,557,3,355,69,13,19157,18816,1,
2020-04-01,1330,1317,762,10,453,83,9,20487,20133,0,
2020-04-02,1201,1189,752,9,374,46,8,21688,21322,0,
2020-04-03,1343,1332,892,6,375,51,8,23031,22654,0,
2020-04-04,1177,1171,746,9,371,28,17,24208,23825,0,
2020-04-05,1081,1073,677,5,369,13,9,25289,24898,0,
2020-04-06,1443,1435,882,11,515,14,13,26732,26333,0,
2020-04-07,1314,1305,797,13,466,16,13,28046,27638,0,
2020-04-08,1408,1399,882,10,488,5,14,29454,29037,0,
2020-04-09,1513,1507,968,14,497,4,24,30967,30544,0,
2020-04-10,1822,1814,1143,19,622,6,24,32789,32358,0,
2020-04-11,1711,1705,965,11,686,4,39,34500,34063,0,
2020-04-12,1447,1444,885,16,509,7,27,35947,35507,0,
2020-04-13,2133,2129,1169,33,889,6,32,38080,37636,0,
2020-04-14,1833,1826,1099,21,671,2,33,39913,39462,1,
2020-04-15,1961,1954,1230,22,673,4,25,41874,41416,0,
2020-04-16,1967,1959,1104,19,779,1,56,43841,43375,0,
2020-04-17,1865,1859,1106,17,699,3,34,45706,45234,0,
2020-04-18,1624,1618,1041,20,527,3,27,47330,46852,0,
2020-04-19,1230,1223,741,15,452,4,11,48560,48075,0,
2020-04-20,1847,1841,1082,10,713,2,34,50407,49916,0,
2020-04-21,1412,1406,838,13,520,6,29,51819,51322,0,
2020-04-22,1577,1568,909,13,615,1,30,53396,52890,0,
2020-04-23,1587,1572,916,18,603,4,31,54983,54462,0,
2020-04-24,1542,1533,932,11,544,2,44,56525,55995,0,
2020-04-25,1405,1397,823,14,473,5,82,57930,57392,0,
2020-04-26,1321,1315,790,13,466,4,42,59251,58707,0,
2020-04-27,1658,1641,947,12,637,5,40,60909,60348,0,
2020-04-28,1541,1527,928,18,553,6,22,62450,61875,0,
2020-04-29,1480,1473,806,4,647,2,14,63930,63348,0,
2020-04-30,1473,1462,825,4,612,4,17,65403,64810,0,
2020-05-01,1597,1581,895,8,655,4,19,67000,66391,0,
2020-05-02,1076,1069,658,8,385,0,18,68076,67460,0,
2020-05-03,1026,1022,620,6,381,5,10,69102,68482,0,
2020-05-04,1366,1357,775,6,553,2,21,70468,69839,0,
2020-05-05,1304,1295,726,6,536,1,26,71772,71134,0,
2020-05-06,1125,1121,660,8,433,2,18,72897,72255,0,
2020-05-07,1185,1175,714,4,432,6,19,74082,73430,0,
2020-05-08,1183,1176,699,7,453,2,15,75265,74606,0,
2020-05-09,1030,1022,636,8,355,4,19,76295,75628,0,
2020-05-10,929,923,543,7,357,5,11,77224,76551,0,
2020-05-11,1231,1225,731,8,449,6,31,78455,77776,0,
2020-05-12,1168,1156,716,2,412,6,20,79623,78932,0,
2020-05-13,1104,1093,649,3,423,3,15,80727,80025,1,
2020-05-14,1161,1156,684,3,451,5,13,81888,81181,0,
2020-05-15,1223,1217,712,0,480,11,14,83111,82398,0,
2020-05-16,997,994,604,2,373,2,13,84108,83392,0,
2020-05-17,917,904,539,2,344,8,11,85025,84296,0,
2020-05-18,1098,1081,618,2,449,5,7,86123,85377,0,
2020-05-19,962,953,578,3,360,4,8,87085,86330,0,
2020-05-20,1134,1118,657,2,447,1,11,88219,87448,0,
2020-05-21,887,873,550,2,304,6,11,89106,88321,0,
2020-05-22,844,826,509,0,310,5,2,89950,89147,0,
2020-05-23,707,690,446,1,233,4,6,90657,89837,0,
2020-05-24,649,640,396,0,229,4,11,91306,90477,0,
2020-05-25,857,839,504,2,312,4,17,92163,91316,0,
2020-05-26,745,726,457,1,255,7,6,92908,92042,0,
2020-05-27,721,703,425,2,264,2,10,93629,92745,0,
2020-05-28,598,580,362,2,203,2,11,94227,93325,0,
2020-05-29,728,720,436,0,276,3,5,94955,94045,0,
2020-05-30,567,559,402,2,152,1,2,95522,94604,0,
2020-05-31,409,398,259,0,130,3,6,95931,95002,0,
2020-06-01,687,676,395,6,246,6,23,96618,95678,0,
2020-06-02,504,485,318,1,156,6,4,97122,96163,0,
2020-06-03,498,489,322,4,151,3,9,97620,96652,0,
2020-06-04,470,454,266,1,170,11,6,98090,97106,0,
2020-06-05,454,439,311,0,121,4,3,98544,97545,0,
2020-06-06,376,367,233,1,125,5,3,98920,97912,0,
2020-06-07,310,301,213,1,81,1,5,99230,98213,0,
2020-06-08,437,420,285,6,113,11,5,99667,98633,0,
2020-06-09,381,372,250,3,110,4,5,100048,99005,0,
2020-06-10,442,434,259,6,151,9,9,100490,99439,0,
2020-06-11,373,356,240,3,105,5,3,100863,99795,0,
2020-06-12,377,369,224,5,131,6,3,101240,100164,0,
2020-06-13,277,271,181,1,83,5,1,101517,100435,0,
2020-06-14,306,296,190,0,94,9,3,101823,100731,0,
2020-06-15,403,394,245,4,134,7,4,102226,101125,0,
2020-06-16,375,355,233,2,106,10,4,102601,101480,0,
2020-06-17,362,352,223,0,119,6,4,102963,101832,0,
2020-06-18,327,314,199,1,106,4,4,103290,102146,0,
2020-06-19,337,334,231,0,88,11,4,103627,102480,0,
2020-06-20,288,280,188,0,83,8,1,103915,102760,0,
2020-06-21,272,268,176,0,85,4,3,104187,103028,0,
2020-06-22,326,317,212,2,95,4,4,104513,103345,0,
2020-06-23,334,326,220,2,91,6,7,104847,103671,0,
2020-06-24,288,284,183,2,86,9,4,105135,103955,0,
2020-06-25,473,460,324,2,123,5,6,105608,104415,0,
2020-06-26,282,269,170,0,83,10,6,105890,104684,0,
2020-06-27,258,250,166,1,73,7,3,106148,104934,0,
2020-06-28,242,234,133,1,90,9,1,106390,105168,0,
2020-06-29,334,324,197,2,105,10,10,106724,105492,0,
2020-06-30,315,300,197,4,94,2,3,107039,105792,0,
2020-07-01,287,275,178,8,83,5,1,107326,106067,0,
2020-07-02,270,258,161,1,83,6,7,107596,106325,0,
2020-07-03,313,294,185,2,91,13,3,107909,106619,0,
2020-07-04,296,280,173,3,93,10,1,108205,106899,0,
2020-07-05,282,274,179,3,85,6,1,108487,107173,0,
2020-07-06,519,494,270,2,178,16,28,109006,107667,0,
2020-07-07,531,507,265,6,206,20,10,109537,108174,0,
2020-07-08,448,418,277,4,122,10,5,109985,108592,0,
2020-07-09,457,430,267,3,139,12,9,110442,109022,0,
2020-07-10,415,388,258,5,107,13,5,110857,109410,0,
2020-07-11,386,371,227,3,127,12,2,111243,109781,0,
2020-07-12,401,381,237,3,133,6,2,111644,110162,0,
2020-07-13,612,574,359,12,188,12,3,112256,110736,0,
2020-07-14,552,503,299,4,180,13,7,112808,111239,0,
2020-07-15,583,521,314,3,173,16,15,113391,111760,0,
2020-07-16,474,422,261,4,137,17,3,113865,112182,0,
2020-07-17,515,462,272,6,166,7,11,114380,112644,0,
2020-07-18,412,378,227,2,134,8,7,114792,113022,0,
2020-07-19,401,358,200,4,140,11,3,115193,113380,0,
2020-07-20,537,472,264,6,183,14,5,115730,113852,0,
2020-07-21,525,462,261,10,179,6,6,116255,114314,0,
2020-07-22,455,379,181,6,178,10,4,116710,114693,0,
2020-07-23,461,354,175,3,163,7,6,117171,115047,0,
2020-07-24,462,375,180,7,176,5,7,117633,115422,0,
2020-07-25,317,235,111,4,111,6,3,117950,115657,0,
2020-07-26,343,220,100,6,102,10,2,118293,115877,0,
2020-07-27,487,327,177,3,129,13,5,118780,116204,0,
2020-07-28,427,283,154,1,111,13,4,119207,116487,0,
2020-07-29,415,247,139,2,99,3,4,119622,116734,0,
2020-07-30,350,215,110,1,88,6,10,119972,116949,0,
2020-07-31,348,218,119,0,84,10,5,120320,117167,0,
2020-08-01,347,209,113,8,63,17,8,120667,117376,0,
2020-08-02,339,197,124,6,59,6,2,121006,117573,0,
2020-08-03,450,273,161,2,99,10,1,121456,117846,0,
2020-08-04,455,309,186,0,98,18,7,121911,118155,0,
2020-08-05,388,278,171,9,87,9,2,122299,118433,0,
2020-08-06,355,250,159,4,72,9,6,122654,118683,0,
2020-08-07,392,300,189,2,92,5,12,123046,118983,0,
2020-08-08,338,238,151,4,77,2,4,123384,119221,0,
2020-08-09,326,254,149,7,87,8,3,123710,119475,0,
2020-08-10,487,369,219,8,124,12,6,124197,119844,0,
2020-08-11,481,359,220,5,123,10,1,124678,120203,0,
2020-08-12,411,321,210,11,85,12,3,125089,120524,0,
2020-08-13,431,351,223,8,107,10,3,125520,120875,0,
2020-08-14,380,300,174,7,108,9,2,125900,121175,0,
2020-08-15,368,300,171,7,110,6,6,126268,121475,0,
2020-08-16,386,292,167,14,103,5,3,126654,121767,0,
2020-08-17,562,422,269,11,127,7,8,127216,122189,0,
2020-08-18,437,348,205,4,123,4,12,127653,122537,0,
2020-08-19,467,357,211,9,122,5,10,128120,122894,0,
2020-08-20,454,354,223,5,109,4,13,128574,123248,0,
2020-08-21,433,336,210,9,104,4,9,129007,123584,0,
2020-08-22,403,338,228,7,94,6,3,129410,123922,0,
2020-08-23,406,312,200,3,102,6,1,129816,124234,0,
2020-08-24,578,423,260,15,133,7,8,130394,124657,0,
2020-08-25,620,449,288,12,138,10,1,131014,125106,0,
2020-08-26,622,451,284,13,145,4,5,131636,125557,0,
2020-08-27,493,359,228,11,107,3,10,132129,125916,0,
2020-08-28,568,418,264,11,127,7,9,132697,126334,0,
2020-08-29,459,329,207,10,89,5,18,133156,126663,0,
2020-08-30,555,392,239,4,125,7,17,133711,127055,0,
2020-08-31,661,432,263,11,133,9,16,134372,127487,0,
2020-09-01,764,518,305,18,163,7,25,135136,128005,0,
2020-09-02,796,533,335,12,154,8,24,135932,128538,0,
2020-09-03,674,456,268,5,164,4,15,136606,128994,0,
2020-09-04,729,482,289,9,159,10,15,137335,129476,0,
2020-09-05,684,423,259,9,129,9,17,138019,129899,0,
2020-09-06,700,426,274,4,135,8,5,138719,130325,0,
2020-09-07,809,492,298,9,162,9,14,139528,130817,0,
2020-09-08,990,623,362,14,221,10,16,140518,131440,0,
2020-09-09,1037,630,375,12,219,4,20,141555,132070,0,
2020-09-10,1021,645,372,6,227,9,31,142576,132715,0,
2020-09-11,989,646,362,10,250,9,15,143565,133361,0,
2020-09-12,973,639,382,8,227,3,19,144538,134000,0,
2020-09-13,981,610,343,8,239,6,14,145519,134610,0,
2020-09-14,1300,822,489,14,285,7,27,146819,135432,0,
2020-09-15,1344,811,458,10,304,3,36,148163,136243,0,
2020-09-16,1370,811,486,22,273,4,26,149533,137054,0,
2020-09-17,1352,772,479,21,239,7,26,150885,137826,0,
2020-09-18,1429,800,516,8,239,1,36,152314,138626,0,
2020-09-19,1271,722,400,18,281,5,18,153585,139348,0,
2020-09-20,1389,775,430,12,286,10,37,154974,140123,0,
2020-09-21,1877,1039,577,15,385,5,57,156851,141162,0,
2020-09-22,1886,963,534,13,356,8,52,158737,142125,0,
2020-09-23,1924,982,534,15,342,2,89,160661,143107,0,
2020-09-24,1974,985,520,10,359,2,94,162635,144092,0,
2020-09-25,2063,1049,551,20,367,9,102,164698,145141,0,
2020-09-26,1881,933,493,7,332,4,97,166579,146074,0,
2020-09-27,1988,964,473,10,356,6,119,168567,147038,0,
2020-09-28,2514,1210,627,15,428,3,137,171081,148248,0,
2020-09-29,2285,1124,553,23,406,3,139,173366,149372,0,
2020-09-30,2283,1129,556,16,442,1,114,175649,150501,0,
2020-10-01,2182,1103,581,9,408,9,96,177831,151604,0,
2020-10-02,2156,1079,549,17,402,9,102,179987,152683,0,
2020-10-03,1841,940,474,19,349,10,88,181828,153623,0,
2020-10-04,1874,928,513,14,314,4,83,183702,154551,0,
2020-10-05,2492,1278,685,20,458,5,110,186194,155829,0,
2020-10-06,2326,1254,673,30,415,9,127,188520,157083,0,
2020-10-07,2305,1269,687,20,442,10,110,190825,158352,0,
2020-10-08,2262,1190,647,14,410,10,109,193087,159542,0,
2020-10-09,2301,1239,650,18,451,7,113,195388,160781,0,
2020-10-10,2186,1345,682,17,554,7,85,197574,162126,0,
2020-10-11,1923,1115,607,17,395,5,91,199497,163241,0,
2020-10-12,2339,1329,714,19,496,8,92,201836,164570,0,
2020-10-13,2594,1524,867,23,519,9,106,204430,166094,0,
2020-10-14,2518,1512,880,26,504,7,95,206948,167606,0,
2020-10-15,2586,1422,846,24,444,10,98,209534,169028,0,
2020-10-16,2664,1594,892,19,573,4,106,212198,170622,0,
2020-10-17,2304,1375,816,25,428,6,100,214502,171997,0,
2020-10-18,2244,1382,807,13,461,12,89,216746,173379,0,
2020-10-19,2980,1886,1122,22,612,7,123,219726,175265,0,
2020-10-20,2841,1856,1098,27,570,9,152,222567,177121,0,
2020-10-21,2813,1749,1012,33,546,9,149,225380,178870,0,
2020-10-22,2808,1805,1087,21,566,2,129,228188,180675,0,
2020-10-23,2826,1811,1044,31,591,7,138,231014,182486,0,
2020-10-24,2649,1763,1037,33,530,10,153,233663,184249,0,
2020-10-25,2651,1689,1029,31,513,7,109,236314,185938,0,
2020-10-26,3400,2182,1268,23,690,10,191,239714,188120,0,
2020-10-27,3356,2217,1343,36,670,10,158,243070,190337,0,
2020-10-28,3641,2440,1417,38,773,9,203,246711,192777,0,
2020-10-29,3103,1995,1247,31,590,7,120,249814,194772,0,
2020-10-30,3540,2359,1335,43,812,10,159,253354,197131,0,
2020-10-31,3158,2152,1356,32,622,8,134,256512,199283,0,
2020-11-01,3473,2332,1393,33,748,8,150,259985,201615,0,
2020-11-02,4579,3058,1842,43,973,7,193,264564,204673,0,
2020-11-03,4512,3069,1805,34,936,14,280,269076,207742,0,
2020-11-04,4641,3097,1919,46,916,8,208,273717,210839,0,
2020-11-05,4552,3047,1764,33,962,8,280,278269,213886,0,
2020-11-06,4625,3088,1815,22,995,12,244,282894,216974,0,
2020-11-07,4325,2877,1540,17,1104,9,207,287219,219851,0,
2020-11-08,4038,2677,1462,13,1018,8,176,291257,222528,0,
2020-11-09,5307,3566,1834,24,1445,14,249,296564,226094,0,
2020-11-10,5162,3442,1743,19,1434,15,231,301726,229536,0,
2020-11-11,4954,3424,1822,25,1354,9,214,306680,232960,0,
2020-11-12,5063,3564,1701,19,1603,12,229,311743,236524,0,
2020-11-13,5199,3731,1795,16,1675,16,229,316942,240255,0,
2020-11-14,4549,3411,1697,10,1513,13,178,321491,243666,0,
2020-11-15,4488,3339,1644,20,1508,18,149,325979,247005,0,
2020-11-16,5633,4108,2045,16,1847,22,178,331612,251113,0,
2020-11-17,5466,4008,1910,19,1816,13,250,337078,255121,0,
2020-11-18,5681,4225,2102,28,1882,12,201,342759,259346,0,
2020-11-19,5520,3993,1879,24,1865,17,208,348279,263339,0,
2020-11-20,5540,4157,1980,30,1922,15,210,353819,267496,0,
2020-11-21,5075,3788,1829,21,1754,15,169,358894,271284,0,
2020-11-22,4866,3549,1764,25,1559,22,179,363760,274833,0,
2020-11-23,6361,4605,2265,35,2048,16,241,370121,279438,0,
2020-11-24,6260,4642,2200,30,2138,11,263,376381,284080,0,
2020-11-25,6416,4710,2194,28,2155,14,319,382797,288790,0,
2020-11-26,6115,4556,2143,28,2169,18,198,388912,293346,0,
2020-11-27,6265,4545,2108,34,2167,20,216,395177,297891,0,
2020-11-28,5600,4100,2005,23,1780,15,277,400777,301991,0,
2020-11-29,5419,3863,1723,31,1861,16,232,406196,305854,0,
2020-11-30,6951,4954,2322,36,2304,22,270,413147,310808,0,
2020-12-01,6806,4836,2351,21,2197,7,260,419953,315644,0,
2020-12-02,6712,4819,2147,37,2357,14,264,426665,320463,0,
2020-12-03,6729,4725,2204,33,2179,18,291,433394,325188,0,
2020-12-04,6820,4825,2213,41,2289,10,272,440214,330013,0,
2020-12-05,5831,4104,1851,39,1954,11,249,446045,334117,0,
2020-12-06,5822,4008,1930,34,1754,29,261,451867,338125,0,
2020-12-07,7663,5314,2533,47,2358,28,348,459530,343439,0,
2020-12-08,7192,4909,2279,40,2211,17,362,466722,348348,0,
2020-12-09,6949,4766,2223,31,2115,19,378,473671,353114,0,
2020-12-10,6861,4652,2110,45,2122,24,351,480532,357766,0,
2020-12-11,6852,4708,2132,48,2147,22,359,487384,362474,0,
2020-12-12,6182,4082,1880,42,1817,24,319,493566,366556,0,
2020-12-13,5554,3677,1751,26,1602,16,282,499120,370233,0,
2020-12-14,7703,5103,2322,41,2239,29,472,506823,375336,0,
2020-12-15,7231,4784,2141,33,2161,17,432,514054,380120,0,
2020-12-16,6905,4564,2102,47,1975,10,430,520959,384684,0,
2020-12-17,6673,4336,1912,36,1939,30,419,527632,389020,0,
2020-12-18,6945,4546,2028,52,2010,20,436,534577,393566,0,
2020-12-19,5906,3717,1779,41,1577,17,303,540483,397283,0,
2020-12-20,5931,3784,1853,29,1576,20,306,546414,401067,0,
2020-12-21,7613,4716,2238,41,1946,16,475,554027,405783,0,
2020-12-22,7161,4402,2169,43,1745,22,423,561188,410185,0,
2020-12-23,7412,4606,2280,48,1800,30,448,568600,414791,0,
2020-12-24,6916,4433,2148,43,1814,14,414,575516,419224,0,
2020-12-25,5724,3516,1850,52,1321,15,278,581240,422740,0,
2020-12-26,7626,5001,2596,58,1977,25,345,588866,427741,0,
2020-12-27,7589,4947,2698,69,1785,20,375,596455,432688,0,
2020-12-28,8981,5798,3062,52,2201,25,458,605436,438486,0,
2020-12-29,8203,5309,2851,72,1912,16,458,613639,443795,0,
2020-12-30,7881,5025,2698,59,1760,41,467,621520,448820,0,
2020-12-31,7498,4958,2647,58,1807,16,430,629018,453778,0,
2021-01-01,7152,4503,2415,40,1654,29,365,636170,458281,0,
2021-01-02,7555,5121,2782,69,1783,45,442,643725,463402,0,
2021-01-03,7349,4781,2610,61,1667,50,393,651074,468183,0,
2021-01-04,8963,5867,3170,68,2041,32,556,660037,474050,0,
2021-01-05,7858,5181,2865,64,1713,51,488,667895,479231,0,
2021-01-06,7756,5027,2695,60,1656,53,563,675651,484258,0,
2021-01-07,6906,4466,2409,54,1476,37,490,682557,488724,0,
2021-01-08,6783,4469,2392,58,1482,41,496,689340,493193,0,
2021-01-09,5976,3894,2095,54,1298,41,406,695316,497087,0,
2021-01-10,5605,3695,1976,58,1252,29,380,700921,500782,0,
2021-01-11,6914,4616,2550,59,1468,38,501,707835,505398,0,
2021-01-12,6114,4055,2218,71,1284,30,452,713949,509453,0,
2021-01-13,6111,4053,2138,49,1346,33,487,720060,513506,0,
2021-01-14,5671,3861,2120,43,1224,27,447,725731,517367,0,
2021-01-15,6030,3931,2121,40,1337,31,402,731761,521298,0,
2021-01-16,4750,3201,1738,36,1116,18,293,736511,524499,0,
2021-01-17,4479,2999,1612,38,979,39,331,740990,527498,0,
2021-01-18,5669,3804,2037,40,1219,31,477,746659,531302,0,
2021-01-19,5253,3503,1871,47,1116,12,457,751912,534805,0,
2021-01-20,5073,3402,1876,56,1081,24,365,756985,538207,0,
2021-01-21,4787,3202,1719,30,1030,26,397,761772,541409,0,
2021-01-22,4547,3093,1702,39,1017,18,317,766319,544502,0,
2021-01-23,3957,2689,1475,42,870,15,287,770276,547191,0,
2021-01-24,3536,2381,1304,28,789,12,248,773812,549572,0,
2021-01-25,4652,3042,1641,37,951,18,395,778464,552614,0,
2021-01-26,4120,2690,1465,40,830,10,345,782584,555304,0,
2021-01-27,4229,2836,1581,28,891,15,321,786813,558140,0,
2021-01-28,3898,2520,1361,31,843,17,268,790711,560660,0,
2021-01-29,3804,2476,1335,40,856,14,231,794515,563136,0,
2021-01-30,3169,2110,1111,23,734,10,232,797684,565246,0,
2021-01-31,2872,1886,1064,24,602,18,178,800556,567132,0,
2021-02-01,4153,2733,1422,21,896,15,379,804709,569865,0,
2021-02-02,3640,2388,1314,33,776,13,252,808349,572253,0,
2021-02-03,3557,2335,1279,22,782,11,241,811906,574588,0,
2021-02-04,3345,2202,1194,26,724,14,244,815251,576790,0,
2021-02-05,3368,2217,1166,25,767,16,243,818619,579007,0,
2021-02-06,2806,1898,1068,18,669,7,136,821425,580905,0,
2021-02-07,2660,1779,1009,24,597,13,136,824085,582684,0,
2021-02-08,3531,2364,1362,19,748,9,226,827616,585048,0,
2021-02-09,3257,2124,1214,29,690,13,178,830873,587172,0,
2021-02-10,3316,2266,1351,29,746,5,135,834189,589438,0,
2021-02-11,2916,1978,1209,24,602,7,136,837105,591416,0,
2021-02-12,3132,2100,1217,21,680,8,174,840237,593516,0,
2021-02-13,2688,1916,1161,17,579,4,155,842925,595432,0,
2021-02-14,2546,1734,1052,16,552,21,93,845471,597166,0,
2021-02-15,3069,2041,1245,33,625,7,131,848540,599207,0,
2021-02-16,3035,2124,1284,27,638,13,162,851575,601331,0,
2021-02-17,3132,2163,1323,29,631,8,172,854707,603494,0,
2021-02-18,3046,2134,1290,31,606,7,200,857753,605628,0,
2021-02-19,3010,2108,1256,24,657,5,166,860763,607736,0,
2021-02-20,2753,1910,1149,26,601,12,122,863516,609646,0,
2021-02-21,2534,1800,1055,14,597,10,124,866050,611446,0,
2021-02-22,3231,2231,1324,15,689,6,197,869281,613677,0,
2021-02-23,3037,2159,1318,11,671,4,155,872318,615836,0,
2021-02-24,3134,2171,1345,18,633,7,168,875452,618007,0,
2021-02-25,2861,2023,1235,16,619,4,149,878313,620030,0,
2021-02-26,2949,2102,1304,19,609,10,160,881262,622132,0,
2021-02-27,2730,2018,1232,10,604,15,157,883992,624150,0,
2021-02-28,2682,1967,1205,20,591,8,143,886674,626117,0,
2021-03-01,3538,2550,1507,19,802,8,214,890212,628667,0,
2021-03-02,3149,2310,1426,22,679,8,175,893361,630977,0,
2021-03-03,3318,2384,1479,19,715,15,156,896679,633361,0,
2021-03-04,2902,2180,1325,21,670,16,148,899581,635541,0,
2021-03-05,3247,2408,1525,21,690,4,168,902828,637949,0,
2021-03-06,2831,2125,1311,5,638,13,158,905659,640074,0,
2021-03-07,2718,2025,1213,13,661,9,129,908377,642099,0,
2021-03-08,3575,2685,1642,13,803,20,207,911952,644784,0,
2021-03-09,3382,2591,1596,24,755,11,205,915334,647375,0,
2021-03-10,3690,2808,1739,23,804,16,226,919024,650183,0,
2021-03-11,3306,2489,1532,15,722,19,201,922330,652672,0,
2021-03-12,3437,2632,1591,10,782,18,231,925767,655304,0,
2021-03-13,3176,2439,1539,10,720,10,160,928943,657743,0,
2021-03-14,3097,2305,1398,11,717,26,153,932040,660048,0,
2021-03-15,4189,3330,2023,12,1046,18,231,936229,663378,0,
2021-03-16,4038,3130,1945,11,937,13,224,940267,666508,0,
2021-03-17,4440,3548,2267,9,1035,21,216,944707,670056,0,
2021-03-18,4044,3195,2060,12,904,17,202,948751,673251,0,
2021-03-19,4392,3444,2100,12,1074,20,238,953143,676695,0,
2021-03-20,4204,3320,2020,12,1081,8,199,957347,680015,0,
2021-03-21,4224,3344,1988,17,1093,29,217,961571,683359,0,
2021-03-22,5369,4168,2485,20,1362,14,287,966940,687527,0,
2021-03-23,5596,4365,2523,24,1484,24,310,972536,691892,0,
2021-03-24,5652,4509,2729,21,1412,33,314,978188,696401,0,
2021-03-25,5247,4106,2437,17,1329,19,304,983435,700507,0,
2021-03-26,5717,4521,2680,21,1438,25,357,989152,705028,0,
2021-03-27,5414,4254,2516,22,1429,14,273,994566,709282,0,
2021-03-28,5465,4267,2520,17,1418,30,282,1000031,713549,0,
2021-03-29,6727,5321,3126,14,1795,23,363,1006758,718870,0,
2021-03-30,6768,5296,3142,21,1750,30,353,1013526,724166,0,
2021-03-31,6843,5439,3209,27,1830,19,354,1020369,729605,0,
2021-04-01,7904,6387,3588,37,2176,19,567,1028273,735992,0,
2021-04-02,7203,5721,3368,34,1851,18,450,1035476,741713,0,
2021-04-03,7185,5683,3365,32,1750,17,519,1042661,747396,0,
2021-04-04,7437,5905,3441,29,1938,22,475,1050098,753301,0,
2021-04-05,9653,7747,4406,39,2588,35,679,1059751,761048,0,
2021-04-06,9653,7772,4482,48,2503,24,715,1069404,768820,0,
2021-04-07,9685,7804,4497,43,2511,29,724,1079089,776624,0,
2021-04-08,9039,7299,4145,38,2341,22,753,1088128,783923,0,
2021-04-09,9075,7302,4013,41,2435,41,772,1097203,791225,0,
2021-04-10,8591,7037,3903,41,2344,32,717,1105794,798262,0,
2021-04-11,7843,6357,3516,32,2161,29,619,1113637,804619,0,
2021-04-12,9347,7534,4314,40,2349,37,794,1122984,812153,0,
2021-04-13,8706,7100,4030,32,2273,29,736,1131690,819253,0,
2021-04-14,8828,7220,4074,38,2241,36,831,1140518,826473,0,
2021-04-15,8101,6704,3833,29,2058,20,764,1148619,833177,0,
2021-04-16,8345,6942,3907,23,2293,27,692,1156964,840119,0,
2021-04-17,7924,6614,3766,36,2081,26,705,1164888,846733,0,
2021-04-18,7229,6076,3415,26,1970,34,631,1172117,852809,0,
2021-04-19,8793,7364,4167,36,2335,44,782,1180910,860173,0,
2021-04-20,8308,7001,4103,27,2170,32,669,1189218,867174,0,
2021-04-21,8264,7033,4082,28,2209,56,658,1197482,874207,0,
2021-04-22,7658,6493,3761,17,2071,58,586,1205140,880700,0,
2021-04-23,8100,6942,3996,32,2157,49,708,1213240,887642,0,
2021-04-24,7309,6164,3616,22,1943,23,560,1220549,893806,0,
2021-04-25,6791,5730,3399,21,1805,34,471,1227340,899536,0,
2021-04-26,8246,6976,4074,27,2176,48,651,1235586,906512,0,
2021-04-27,7675,6507,3885,21,1950,21,630,1243261,913019,0,
2021-04-28,8168,6913,4054,27,2120,27,685,1251429,919932,0,
2021-04-29,7154,6050,3618,24,1783,12,613,1258583,925982,0,
2021-04-30,7417,6315,3692,24,1887,38,674,1266000,932297,0,
2021-05-01,7058,6091,3588,18,1959,19,507,1273058,938388,0,
2021-05-02,6135,5258,3225,27,1568,13,425,1279193,943646,0,
2021-05-03,7571,6405,3880,26,2005,20,474,1286764,950051,0,
2021-05-04,6925,5823,3629,22,1757,25,390,1293689,955874,0,
2021-05-05,6798,5778,3553,27,1788,21,389,1300487,961652,0,
2021-05-06,6214,5193,3214,11,1576,14,378,1306701,966845,0,
2021-05-07,6308,5298,3283,19,1638,22,336,1313009,972143,0,
2021-05-08,5649,4763,2948,25,1495,10,285,1318658,976906,0,
2021-05-09,5048,4265,2708,20,1317,6,214,1323706,981171,0,
2021-05-10,6365,5274,3201,26,1665,19,363,1330071,986445,0,
2021-05-11,5531,4579,2815,26,1409,7,322,1335602,991024,0,
2021-05-12,5485,4578,2848,19,1445,7,259,1341087,995602,0,
2021-05-13,4982,4136,2611,19,1259,12,235,1346069,999738,0,
2021-05-14,4915,4076,2474,10,1307,9,276,1350984,1003814,0,
2021-05-15,4332,3568,2180,9,1141,12,226,1355316,1007382,0,
2021-05-16,3842,3154,1901,6,1065,11,171,1359158,1010536,0,
2021-05-17,4579,3740,2263,9,1152,13,303,1363737,1014276,0,
2021-05-18,4123,3317,1989,11,1044,7,266,1367860,1017593,0,
2021-05-19,3726,3023,1863,14,949,4,193,1371586,1020616,0,
2021-05-20,3496,2849,1725,8,870,7,239,1375082,1023465,0,
2021-05-21,3283,2674,1635,7,811,8,213,1378365,1026139,0,
2021-05-22,2672,2191,1343,8,702,4,134,1381037,1028330,0,
2021-05-23,2334,1880,1139,1,624,2,114,1383371,1030210,0,
2021-05-24,2444,1968,1199,6,644,3,116,1385815,1032178,0,
2021-05-25,2715,2187,1389,1,653,7,137,1388530,1034365,0,
2021-05-26,2433,1951,1245,7,591,4,104,1390963,1036316,0,
2021-05-27,2265,1830,1194,6,534,5,91,1393228,1038146,0,
2021-05-28,2131,1713,1113,8,498,6,88,1395359,1039859,0,
2021-05-29,1698,1358,852,1,427,7,71,1397057,1041217,0,
2021-05-30,1559,1254,818,6,373,7,50,1398616,1042471,0,
2021-05-31,1994,1609,1074,1,456,6,72,1400610,1044080,0,
2021-06-01,1868,1541,959,8,478,10,86,1402478,1045621,0,
2021-06-02,1755,1412,934,3,416,2,57,1404233,1047033,0,
2021-06-03,1526,1233,817,5,344,4,63,1405759,1048266,0,
2021-06-04,1508,1189,768,3,347,5,66,1407267,1049455,0,
2021-06-05,1240,1003,653,3,298,6,43,1408507,1050458,0,
2021-06-06,1107,878,582,0,258,3,35,1409614,1051336,0,
2021-06-07,1488,1164,783,3,322,5,51,1411102,1052500,0,
2021-06-08,1222,967,611,2,291,8,55,1412324,1053467,0,
2021-06-09,1223,974,659,7,234,6,68,1413547,1054441,0,
2021-06-10,1213,943,658,6,218,9,52,1414760,1055384,0,
2021-06-11,1084,836,543,1,231,9,52,1415844,1056220,0,
2021-06-12,927,728,475,4,183,9,57,1416771,1056948,0,
2021-06-13,784,619,386,2,183,3,45,1417555,1057567,0,
2021-06-14,1067,805,531,3,221,12,38,1418622,1058372,0,
2021-06-15,928,708,486,0,190,6,26,1419550,1059080,0,
2021-06-16,877,658,443,1,163,10,41,1420427,1059738,0,
2021-06-17,739,559,379,2,146,7,25,1421166,1060297,0,
2021-06-18,745,578,381,3,146,16,32,1421911,1060875,0,
2021-06-19,590,454,265,0,145,6,38,1422501,1061329,0,
2021-06-20,590,432,260,3,136,5,28,1423091,1061761,0,
2021-06-21,738,558,337,1,166,9,45,1423829,1062319,0,
2021-06-22,690,522,324,2,148,6,42,1424519,1062841,0,
2021-06-23,680,508,327,1,145,4,31,1425199,1063349,0,
2021-06-24,602,457,278,4,131,10,34,1425801,1063806,0,
2021-06-25,565,421,266,3,114,6,32,1426366,1064227,0,
2021-06-26,493,358,214,3,112,7,22,1426859,1064585,0,
2021-06-27,448,324,189,1,98,4,32,1427307,1064909,0,
2021-06-28,578,420,244,1,125,10,40,1427885,1065329,0,
2021-06-29,505,360,182,2,118,12,46,1428390,1065689,0,
2021-06-30,506,390,220,4,109,12,45,1428896,1066079,0,
2021-07-01,439,296,169,3,92,12,20,1429335,1066375,0,
2021-07-02,454,331,180,0,103,8,40,1429789,1066706,0,
2021-07-03,450,341,184,2,116,19,20,1430239,1067047,0,
2021-07-04,426,302,160,2,114,4,22,1430665,1067349,0,
2021-07-05,549,370,217,3,119,6,25,1431214,1067719,0,
2021-07-06,514,366,216,4,118,10,18,1431728,1068085,0,
2021-07-07,458,319,178,4,109,12,16,1432186,1068404,0,
2021-07-08,380,257,142,3,87,11,14,1432566,1068661,0,
2021-07-09,391,275,136,2,99,14,24,1432957,1068936,,
2021-07-10,371,266,141,2,99,15,9,1433328,1069202,,
2021-07-11,371,252,127,0,92,18,15,1433699,1069454,,
2021-07-12,502,368,195,1,141,12,19,1434201,1069822,,
2021-07-13,458,321,164,0,121,11,25,1434659,1070143,,
2021-07-14,512,353,177,0,122,33,21,1435171,1070496,,
2021-07-15,455,309,158,1,117,16,17,1435626,1070805,,
2021-07-16,496,354,186,6,126,16,20,1436122,1071159,,
2021-07-17,432,305,158,7,117,14,9,1436554,1071464,,
2021-07-18,517,358,175,7,144,16,16,1437071,1071822,,
2021-07-19,641,476,235,4,208,15,14,1437712,1072298,,
2021-07-20,722,528,264,10,229,12,13,1438434,1072826,,
2021-07-21,700,515,244,5,236,19,11,1439134,1073341,,
2021-07-22,640,457,234,9,187,14,13,1439774,1073798,,
2021-07-23,707,522,272,4,196,16,34,1440481,1074320,,
2021-07-24,667,500,292,4,178,15,11,1441148,1074820,,
2021-07-25,783,576,298,11,236,17,14,1441931,1075396,,
2021-07-26,1051,797,409,7,334,24,23,1442982,1076193,,
2021-07-27,990,749,411,10,293,11,24,1443972,1076942,,
2021-07-28,988,732,388,10,287,24,23,1444960,1077674,,
2021-07-29,973,706,369,10,288,22,17,1445933,1078380,,
2021-07-30,972,691,373,12,261,16,29,1446905,1079071,,
2021-07-31,1012,762,375,9,329,24,25,1447917,1079833,,
2021-08-01,1221,907,485,18,355,24,25,1449138,1080740,,
2021-08-02,1568,1079,493,20,505,27,34,1450706,1081819,,
2021-08-03,1794,1291,639,17,549,26,60,1452500,1083110,,
2021-08-04,1759,1253,610,21,553,19,50,1454259,1084363,,
2021-08-05,1731,1197,625,15,499,25,33,1455990,1085560,,
2021-08-06,1683,1121,552,14,484,20,51,1457673,1086681,,
2021-08-07,1733,1255,637,11,535,27,45,1459406,1087936,,
2021-08-08,1818,1299,671,23,542,20,43,1461224,1089235,,
2021-08-09,2251,1637,829,23,702,22,61,1463475,1090872,,
2021-08-10,2444,1795,866,27,787,41,74,1465919,1092667,,
2021-08-11,2357,1728,843,29,768,24,64,1468276,1094395,,
2021-08-12,2118,1549,770,27,666,35,51,1470394,1095944,,
2021-08-13,2139,1560,798,15,648,38,61,1472533,1097504,,
2021-08-14,2200,1649,849,25,689,28,58,1474733,1099153,,
2021-08-15,2281,1670,861,23,721,16,49,1477014,1100823,,
2021-08-16,3077,2271,1078,32,1053,32,76,1480091,1103094,,
2021-08-17,3025,2213,1091,31,986,28,77,1483116,1105307,,
2021-08-18,3005,2208,1065,35,1003,22,83,1486121,1107515,,
2021-08-19,2760,2006,988,18,904,27,69,1488881,1109521,,
2021-08-20,2867,2181,1035,23,1025,19,79,1491748,1111702,,
2021-08-21,2780,2126,973,15,1034,24,80,1494528,1113828,,
2021-08-22,2950,2235,951,21,1174,25,64,1497478,1116063,,
2021-08-23,3759,2792,1091,14,1559,32,96,1501237,1118855,,
2021-08-24,3790,2803,1053,8,1623,29,90,1505027,1121658,,
2021-08-25,3772,2745,992,6,1643,18,86,1508799,1124403,,
2021-08-26,3403,2506,978,5,1423,20,80,1512202,1126909,,
2021-08-27,3657,2661,951,6,1575,19,110,1515859,1129570,,
2021-08-28,3321,2478,928,8,1444,26,72,1519180,1132048,,
2021-08-29,3301,2438,859,6,1478,21,74,1522481,1134486,,
2021-08-30,4112,2955,1057,11,1779,23,85,1526593,1137441,,
2021-08-31,4100,2916,968,10,1835,16,87,1530693,1140357,,
2021-09-01,4471,3228,1115,6,1992,20,95,1535164,1143585,,
2021-09-02,3929,2829,1015,3,1720,14,77,1539093,1146414,,
2021-09-03,4217,3056,1078,7,1852,25,94,1543310,1149470,,
2021-09-04,3670,2734,943,6,1718,17,50,1546980,1152204,,
2021-09-05,3630,2639,881,5,1689,10,54,1550610,1154843,,
2021-09-06,4094,2979,1007,8,1872,10,82,1554704,1157822,,
2021-09-07,4900,3458,1202,4,2132,11,109,1559604,1161280,,
2021-09-08,4881,3408,1193,6,2109,16,84,1564485,1164688,,
2021-09-09,4527,3145,1110,6,1926,22,81,1569012,1167833,,
2021-09-10,4601,3265,1163,10,2018,11,63,1573613,1171098,,
2021-09-11,3860,2787,966,5,1734,10,72,1577473,1173885,,
2021-09-12,3820,2759,1004,4,1666,11,74,1581293,1176644,,
2021-09-13,5047,3513,1264,7,2143,15,84,1586340,1180157,,
2021-09-14,4686,3281,1175,8,1965,25,108,1591026,1183438,,
2021-09-15,4694,3332,1250,7,1960,15,100,1595720,1186770,,
2021-09-16,4382,3164,1210,1,1854,9,90,1600102,1189934,,
2021-09-17,4540,3196,1203,3,1875,7,108,1604642,1193130,,
2021-09-18,3889,2859,1100,4,1663,15,77,1608531,1195989,,
2021-09-19,3759,2792,1005,12,1694,8,73,1612290,1198781,,
2021-09-20,5059,3691,1421,4,2145,14,107,1617349,1202472,,
2021-09-21,4654,3378,1272,5,1999,11,91,1622003,1205850,,
2021-09-22,4441,3336,1347,8,1890,10,81,1626444,1209186,,
2021-09-23,4222,3106,1295,4,1720,18,69,1630666,1212292,,
2021-09-24,4333,3254,1273,8,1857,7,109,1634999,1215546,,
2021-09-25,3573,2740,1081,3,1585,6,65,1638572,1218286,,
2021-09-26,3699,2831,1130,5,1623,12,61,1642271,1221117,,
2021-09-27,4555,3323,1351,7,1866,14,85,1646826,1224440,,
2021-09-28,3947,2859,1203,7,1561,16,72,1650773,1227299,,
2021-09-29,4027,2952,1256,3,1606,18,69,1654800,1230251,,
2021-09-30,3433,2568,1054,3,1446,10,55,1658233,1232819,,
2021-10-01,3796,2715,1133,0,1498,13,71,1662029,1235534,,
2021-10-02,3059,2238,966,2,1207,10,53,1665088,1237772,,
2021-10-03,2949,2107,936,4,1099,15,53,1668037,1239879,,
2021-10-04,3845,2700,1154,6,1456,15,69,1671882,1242579,,
2021-10-05,3578,2467,1107,4,1273,10,73,1675460,1245046,,
2021-10-06,3392,2365,1101,4,1197,5,58,1678852,1247411,,
2021-10-07,3075,2081,949,3,1045,9,75,1681927,1249492,,
2021-10-08,3232,2190,943,5,1165,11,66,1685159,1251682,,
2021-10-09,2736,1917,858,2,992,10,55,1687895,1253599,,
2021-10-10,2487,1770,802,2,907,10,49,1690382,1255369,,
2021-10-11,2760,1899,851,2,980,15,51,1693142,1257268,,
2021-10-12,3228,2179,976,2,1119,14,68,1696370,1259447,,
2021-10-13,3076,2071,1000,0,1011,12,48,1699446,1261518,,
2021-10-14,2792,1915,857,4,995,11,48,1702238,1263433,,
2021-10-15,2713,1885,846,2,967,10,60,1704951,1265318,,
2021-10-16,2269,1637,729,0,859,10,39,1707220,1266955,,
2021-10-17,2189,1549,689,2,800,10,48,1709409,1268504,,
2021-10-18,2744,1922,913,1,937,14,57,1712153,1270426,,
2021-10-19,2399,1634,751,2,816,13,52,1714552,1272060,,
2021-10-20,2495,1756,829,4,858,8,57,1717047,1273816,,
2021-10-21,2324,1603,803,0,731,10,59,1719371,1275419,,
2021-10-22,2321,1645,764,4,816,4,57,1721692,1277064,,
2021-10-23,1935,1346,614,2,671,5,54,1723627,1278410,,
2021-10-24,2042,1446,651,2,739,7,47,1725669,1279856,,
2021-10-25,2555,1763,838,2,855,21,47,1728224,1281619,,
2021-10-26,2419,1648,794,1,768,19,66,1730643,1283267,,
2021-10-27,2377,1597,754,3,777,12,51,1733020,1284864,,
2021-10-28,2309,1546,754,1,717,9,65,1735329,1286410,,
2021-10-29,2282,1443,680,5,682,7,69,1737611,1287853,,
2021-10-30,2060,1366,660,2,637,16,51,1739671,1289219,,
2021-10-31,2094,1414,699,0,631,13,71,1741765,1290633,,
2021-11-01,2922,2004,933,4,952,11,104,1744687,1292637,,
2021-11-02,2766,1889,934,2,860,16,77,1747453,1294526,,
2021-11-03,2707,1923,912,1,880,22,108,1750160,1296449,,
2021-11-04,2635,1813,930,5,773,13,92,1752795,1298262,,
2021-11-05,2673,1809,917,3,776,15,98,1755468,1300071,,
2021-11-06,2435,1698,875,3,714,22,84,1757903,1301769,,
2021-11-07,2224,1478,746,2,630,14,86,1760127,1303247,,
2021-11-08,2877,1873,985,13,765,23,87,1763004,1305120,,
2021-11-09,2632,1680,928,7,639,21,85,1765636,1306800,,
2021-11-10,2731,1814,964,6,714,13,117,1768367,1308614,,
2021-11-11,2329,1519,786,2,633,20,78,1770696,1310133,,
2021-11-12,2534,1641,897,7,618,15,104,1773230,1311774,,
2021-11-13,2209,1499,833,4,577,12,73,1775439,1313273,,
2021-11-14,2242,1453,737,3,632,24,57,1777681,1314726,,
2021-11-15,2784,1811,1021,4,688,15,83,1780465,1316537,,
2021-11-16,2667,1683,889,5,633,31,125,1783132,1318220,,
2021-11-17,2808,1786,915,1,723,32,115,1785940,1320006,,
2021-11-18,2532,1567,886,3,555,23,100,1788472,1321573,,
2021-11-19,2711,1666,872,3,645,25,121,1791183,1323239,,
2021-11-20,2346,1388,745,5,513,30,95,1793529,1324627,,
2021-11-21,2472,1499,810,5,578,19,87,1796001,1326126,,
2021-11-22,3278,1963,1087,2,700,30,144,1799279,1328089,,
2021-11-23,3030,1835,1041,2,638,32,122,1802309,1329924,,
2021-11-24,3068,1834,1014,6,656,25,133,1805377,1331758,,
2021-11-25,2791,1655,937,0,589,31,98,1808168,1333413,,
2021-11-26,2991,1740,923,5,618,22,172,1811159,1335153,,
2021-11-27,2605,1600,876,1,558,35,130,1813764,1336753,,
2021-11-28,2881,1658,894,1,564,45,154,1816645,1338411,,
2021-11-29,3645,2064,1091,2,729,63,179,1820290,1340475,,
2021-11-30,3471,1945,1015,3,700,34,193,1823761,1342420,,
2021-12-01,3837,2124,1177,4,698,35,210,1827598,1344544,,
2021-12-02,3509,1944,995,4,669,40,236,1831107,1346488,,
2021-12-03,3856,2174,1140,5,731,37,261,1834963,1348662,,
2021-12-04,3254,1768,931,5,607,41,184,1838217,1350430,,
2021-12-05,3540,1973,1052,6,657,43,215,1841757,1352403,,
2021-12-06,4870,2681,1450,7,848,45,331,1846627,1355084,,
2021-12-07,4997,2759,1521,5,786,53,394,1851624,1357843,,
2021-12-08,5031,2859,1505,6,846,43,459,1856655,1360702,,
2021-12-09,4915,2654,1318,10,749,53,524,1861570,1363356,,
2021-12-10,5308,3012,1450,6,799,66,691,1866878,1366368,,
2021-12-11,5215,3040,1282,12,876,69,801,1872093,1369408,,
2021-12-12,6398,3784,1387,12,1074,82,1229,1878491,1373192,,
2021-12-13,9881,5751,1898,11,1513,124,2205,1888372,1378943,,
2021-12-14,10322,5874,1856,19,1497,104,2398,1898694,1384817,,
2021-12-15,11086,6148,1759,27,1365,93,2904,1909780,1390965,,
2021-12-16,11649,6338,1676,18,1280,105,3259,1921429,1397303,,
2021-12-17,14560,8024,1885,13,1731,123,4272,1935989,1405327,,
2021-12-18,15180,8656,1891,13,1878,108,4766,1951169,1413983,,
2021-12-19,18766,10555,1959,19,2633,118,5826,1969935,1424538,,
2021-12-20,29619,16252,2505,19,3860,141,9727,1999554,1440790,,
2021-12-21,31624,16428,2469,12,3677,107,10163,2031178,1457218,,
2021-12-22,31696,15544,2116,15,3078,102,10233,2062874,1472762,,
2021-12-23,31590,16149,2000,11,2994,77,11067,2094464,1488911,,
2021-12-24,28276,14958,1909,10,2829,78,10132,2122740,1503869,,
2021-12-25,23070,11006,1931,10,2721,72,6272,2145810,1514875,,
2021-12-26,32104,15827,2696,13,3703,70,9345,2177914,1530702,,
2021-12-27,44974,23267,3117,22,4181,88,15859,2222888,1553969,,
2021-12-28,52914,28021,2860,12,5120,75,19954,2275802,1581990,,
2021-12-29,56543,30944,2436,7,5260,58,23183,2332345,1612934,,
2021-12-30,53330,30176,2041,17,4654,69,23395,2385675,1643110,,
2021-12-31,39471,20034,1742,9,4085,61,14137,2425146,1663144,,
2022-01-01,26928,11158,1757,11,2627,69,6694,2452074,1674302,,
2022-01-02,33120,15666,1967,12,4581,76,9030,2485194,1689968,,
2022-01-03,45207,21260,2343,19,6930,90,11878,2530401,1711228,,
2022-01-04,44342,21293,2119,10,6961,87,12116,2574743,1732521,,
2022-01-05,39307,20391,1905,10,7166,88,11222,2614050,1752912,,
2022-01-06,32180,18414,1841,7,6821,80,9665,2646230,1771326,,
2022-01-07,29355,17973,1878,11,7046,61,8977,2675585,1789299,,
2022-01-08,21613,13289,1600,7,4804,63,6815,2697198,1802588,,
2022-01-09,21306,13285,1767,7,4677,76,6758,2718504,1815873,,
2022-01-10,30311,19053,2171,16,7379,68,9419,2748815,1834926,,
2022-01-11,27593,16735,2124,14,6646,65,7886,2776408,1851661,,
2022-01-12,25486,15738,2044,6,6641,54,6993,2801894,1867399,,
2022-01-13,22903,14195,1995,5,5899,59,6237,2824797,1881594,,
2022-01-14,21847,13243,2026,6,5342,54,5815,2846644,1894837,,
2022-01-15,16570,9742,1724,4,3503,63,4448,2863214,1904579,,
2022-01-16,15520,9276,1771,2,3556,64,3883,2878734,1913855,,
2022-01-17,19455,10645,2202,6,4545,56,3836,2898189,1924500,,
2022-01-18,19584,10961,2110,13,3701,49,5088,2917773,1935461,,
2022-01-19,18394,10240,1986,5,3512,50,4687,2936167,1945701,,
2022-01-20,16710,9236,1870,3,3328,41,3994,2952877,1954937,,
2022-01-21,15906,8719,1749,2,3081,48,3839,2968783,1963656,,
2022-01-22,12653,7469,1620,3,2821,45,2980,2981436,1971125,,
2022-01-23,12113,7011,1555,5,2793,39,2619,2993549,1978136,,
2022-01-24,17183,9495,1984,5,3564,50,3892,3010732,1987631,,
2022-01-25,15390,8358,1825,3,3260,45,3225,3026122,1995989,,
2022-01-26,14431,7706,1811,1,2957,45,2892,3040553,2003695,,
2022-01-27,13396,6840,1507,5,2709,46,2573,3053949,2010535,,
2022-01-28,12449,6607,1447,4,2704,33,2419,3066398,2017142,,
2022-01-29,9358,5315,1254,3,2120,47,1891,3075756,2022457,,
2022-01-30,9588,5348,1340,3,2154,39,1812,3085344,2027805,,
2022-01-31,13901,7195,1651,3,2921,35,2585,3099245,2035000,,
2022-02-01,12570,6545,1571,2,2534,28,2410,3111815,2041545,,
2022-02-02,11343,5823,1439,1,2266,36,2081,3123158,2047368,,
2022-02-03,10139,5102,1286,4,1961,24,1827,3133297,2052470,,
2022-02-04,9495,4970,1176,1,1891,24,1878,3142792,2057440,,
2022-02-05,7609,4207,1115,2,1660,23,1407,3150401,2061647,,
2022-02-06,7569,4065,1079,4,1506,22,1454,3157970,2065712,,
2022-02-07,10545,5194,1386,4,1869,25,1910,3168515,2070906,,
2022-02-08,8990,4411,1131,2,1546,23,1709,3177505,2075317,,
2022-02-09,8281,3986,1103,2,1428,19,1434,3185786,2079303,,
2022-02-10,7519,3673,945,3,1333,15,1377,3193305,2082976,,
2022-02-11,6895,3460,869,2,1229,17,1343,3200200,2086436,,
2022-02-12,5364,2931,770,3,1145,19,994,3205564,2089367,,
2022-02-13,5529,3113,861,1,1153,19,1079,3211093,2092480,,
2022-02-14,7291,3821,1071,3,1367,16,1364,3218384,2096301,,
2022-02-15,6689,3462,980,0,1237,12,1233,3225073,2099763,,
2022-02-16,6658,3472,1071,0,1104,13,1284,3231731,2103235,,
2022-02-17,5608,2889,852,1,942,15,1079,3237339,2106124,,
2022-02-18,5458,2886,830,0,1007,10,1039,3242797,2109010,,
2022-02-19,4433,2397,671,0,830,8,888,3247230,2111407,,
2022-02-20,4528,2521,723,3,818,11,966,3251758,2113928,,
2022-02-21,5801,2869,785,2,942,11,1129,3257559,2116797,,
2022-02-22,6407,3438,1003,0,1073,9,1353,3263966,2120235,,
2022-02-23,5982,2979,911,0,911,13,1144,3269948,2123214,,
2022-02-24,5206,2634,854,2,820,8,950,3275154,2125848,,
2022-02-25,4916,2668,840,1,844,9,974,3280070,2128516,,
2022-02-26,3959,2209,597,1,750,15,846,3284029,2130725,,
2022-02-27,4369,2417,693,3,839,10,872,3288398,2133142,,
2022-02-28,6125,3168,1018,0,1002,12,1136,3294523,2136310,,
2022-03-01,5641,3054,1013,0,988,8,1045,3300164,2139364,,
2022-03-02,5494,2646,812,4,900,4,926,3305658,2142010,,
2022-03-03,4850,2403,836,1,833,11,722,3310508,2144413,,
2022-03-04,5022,2419,894,3,925,7,590,3315530,2146832,,
2022-03-05,4438,2388,866,0,1058,7,457,3319968,2149220,,
2022-03-06,4328,2433,962,3,1014,8,446,3324296,2151653,,
2022-03-07,6340,3271,1298,1,1326,14,632,3330636,2154924,,
2022-03-08,5960,3013,1120,2,1314,8,569,3336596,2157937,,
2022-03-09,5329,2678,1014,1,1101,5,557,3341925,2160615,,
2022-03-10,4976,2320,813,0,993,5,509,3346901,2162935,,
2022-03-11,4781,2419,834,3,1048,3,531,3351682,2165354,,
2022-03-12,3795,1981,675,0,920,6,380,3355477,2167335,,
2022-03-13,4090,2170,779,1,1023,4,363,3359567,2169505,,
2022-03-14,6425,3000,944,0,1416,4,636,3365992,2172505,,
2022-03-15,5760,2621,863,4,1251,6,497,3371752,2175126,,
2022-03-16,5847,2694,985,0,1128,3,578,3377599,2177820,,
2022-03-17,5211,2338,746,1,1112,1,478,3382810,2180158,,
2022-03-18,5202,2574,804,2,1235,9,524,3388012,2182732,,
2022-03-19,4263,2432,799,1,1237,9,386,3392275,2185164,,
2022-03-20,4990,2771,903,1,1401,5,461,3397265,2187935,,
2022-03-21,7646,3673,1138,1,1796,8,730,3404911,2191608,,
2022-03-22,7628,3847,1379,1,1726,5,736,3412539,2195455,,
2022-03-23,6956,3220,1093,0,1484,6,637,3419495,2198675,,
2022-03-24,6202,2970,881,1,1448,3,637,3425697,2201645,,
2022-03-25,7125,3531,1243,1,1561,7,719,3432822,2205176,,
2022-03-26,5964,3081,1117,0,1424,5,535,3438786,2208257,,
2022-03-27,6473,3370,1176,1,1582,8,603,3445259,2211627,,
2022-03-28,9805,4840,1733,3,2129,3,972,3455064,2216467,,
2022-03-29,9247,4701,1699,1,2033,8,960,3464311,2221168,,
2022-03-30,9068,4232,1448,2,1785,5,992,3473379,2225400,,
2022-03-31,8536,4075,1344,1,1597,7,1126,3481915,2229475,,
2022-04-01,8647,4364,1367,2,1818,11,1166,3490562,2233839,,
2022-04-02,6863,3679,1195,1,1517,8,958,3497425,2237518,,
2022-04-03,7795,4051,1336,0,1657,11,1047,3505220,2241569,,
2022-04-04,11010,5510,1749,1,2101,10,1649,3516230,2247079,,
2022-04-05,10355,5129,1589,2,2006,14,1518,3526585,2252208,,
2022-04-06,9822,4841,1463,3,1834,8,1533,3536407,2257049,,
2022-04-07,9044,4548,1433,1,1651,7,1456,3545451,2261597,,
2022-04-08,8882,4656,1405,3,1681,14,1553,3554333,2266253,,
2022-04-09,6786,3848,1175,2,1631,10,1030,3561119,2270101,,
2022-04-10,6531,4127,1218,0,1770,6,1133,3567650,2274228,,
2022-04-11,7439,5436,1457,1,2107,19,1852,3575089,2279664,,
2022-04-12,6562,4945,1393,1,2005,8,1538,3581651,2284609,,
2022-04-13,6034,4520,1245,1,1809,12,1453,3587685,2289129,,
2022-04-14,5654,4300,1159,2,1671,9,1459,3593339,2293429,,
2022-04-15,4487,3540,902,1,1537,10,1090,3597826,2296969,,
2022-04-16,4549,3615,1049,1,1499,24,1042,3602375,2300584,,
2022-04-17,4585,3833,1077,1,1637,13,1105,3606960,2304417,,
2022-04-18,5964,4887,1384,3,1891,11,1598,3612924,2309304,,
2022-04-19,6345,5034,1351,4,1949,15,1715,3619269,2314338,,
2022-04-20,5575,4351,1207,0,1610,14,1520,3624844,2318689,,
2022-04-21,5229,3951,1087,3,1448,10,1403,3630073,2322640,,
2022-04-22,4852,3817,1052,1,1444,10,1310,3634925,2326457,,
2022-04-23,3729,3039,755,0,1271,8,1005,3638654,2329496,,
2022-04-24,3846,3115,818,0,1307,11,979,3642500,2332611,,
2022-04-25,5552,4374,1220,1,1676,22,1455,3648052,2336985,,
2022-04-26,4931,3875,1053,2,1591,17,1212,3652983,2340860,,
2022-04-27,4362,3417,904,1,1423,18,1071,3657345,2344277,,
2022-04-28,4080,3176,912,0,1302,17,945,3661425,2347453,,
2022-04-29,3680,2885,800,3,1130,6,946,3665105,2350338,,
2022-04-30,2928,2340,690,1,1097,11,541,3668033,2352678,,
2022-05-01,3294,2721,783,0,1257,10,671,3671327,2355399,,
2022-05-02,4475,3446,924,0,1456,10,1056,3675802,2358845,,
2022-05-03,3940,3078,849,0,1348,10,871,3679742,2361923,,
2022-05-04,3603,2679,715,2,1151,13,798,3683345,2364602,,
2022-05-05,3270,2478,679,0,1042,9,748,3686615,2367080,,
2022-05-06,3101,2371,644,0,1018,16,693,3689716,2369451,,
2022-05-07,2392,1916,534,0,918,7,457,3692108,2371367,,
2022-05-08,2469,1988,540,1,949,13,485,3694577,2373355,,
2022-05-09,3521,2718,704,1,1189,8,816,3698098,2376073,,
2022-05-10,3087,2411,608,0,1100,22,681,3701185,2378484,,
2022-05-11,2967,2260,587,3,963,11,696,3704152,2380744,,
2022-05-12,2620,1952,517,2,831,7,595,3706772,2382696,,
2022-05-13,2634,2037,518,0,890,9,620,3709406,2384733,,
2022-05-14,1953,1552,420,0,699,4,429,3711359,2386285,,
2022-05-15,1975,1608,428,0,737,4,439,3713334,2387893,,
2022-05-16,2881,2186,588,0,927,19,652,3716215,2390079,,
2022-05-17,2267,1690,404,0,744,10,532,3718482,2391769,,
2022-05-18,2170,1618,373,0,718,13,514,3720652,2393387,,
2022-05-19,1810,1326,308,1,547,9,461,3722462,2394713,,
2022-05-20,1703,1243,250,0,495,9,489,3724165,2395956,,
2022-05-21,1460,1122,249,2,474,4,393,3725625,2397078,,
2022-05-22,1448,1148,267,1,499,14,367,3727073,2398226,,
2022-05-23,1646,1246,234,0,546,12,454,3728719,2399472,,
2022-05-24,1933,1390,252,1,476,7,654,3730652,2400862,,
2022-05-25,1817,1370,211,0,407,10,742,3732469,2402232,,
2022-05-26,1592,1181,223,0,347,12,599,3734061,2403413,,
2022-05-27,1533,1139,190,0,383,9,557,3735594,2404552,,
2022-05-28,1195,911,182,0,299,11,419,3736789,2405463,,
2022-05-29,1314,1047,185,1,377,9,475,3738103,2406510,,
2022-05-30,1758,1323,212,0,431,12,668,3739861,2407833,,
2022-05-31,1579,1204,213,0,371,14,606,3741440,2409037,,
2022-06-01,1521,1164,207,0,360,15,582,3742961,2410201,,
2022-06-02,1280,960,186,0,251,2,521,3744241,2411161,,
2022-06-03,1256,987,186,0,281,5,515,3745497,2412148,,
2022-06-04,975,772,105,0,215,5,447,3746472,2412920,,
2022-06-05,983,771,125,0,229,5,412,3747455,2413691,,
2022-06-06,1355,1054,154,0,297,2,601,3748810,2414745,,
2022-06-07,1165,888,126,1,242,3,516,3749975,2415633,,
2022-06-08,1027,779,116,0,198,4,461,3751002,2416412,,
2022-06-09,931,677,77,0,172,3,425,3751933,2417089,,
2022-06-10,839,628,75,0,132,2,419,3752772,2417717,,
2022-06-11,474,360,52,1,97,0,210,3753246,2418077,,
2022-06-12,366,317,36,0,70,0,211,3753612,2418394,,
2022-06-13,405,376,25,0,26,0,325,3754017,2418770,,
2022-06-14,23,23,0,0,1,0,22,3754040,2418793,,