date,new,NTotal_ExposureOnly,domestic-contactWithCase,domestic-contactWithTraveller,domestic-unknown,internationalTravel,infopending,cumulative,cumulativeNTotal_ExposureOnly,doubleFlagTest,shaded
2020-01-15,2,1,0,0,0,1,0,2,1,1,14
2020-01-16,5,3,1,0,2,0,0,7,4,1,
2020-01-17,3,1,0,0,0,1,0,10,5,0,
2020-01-18,1,0,0,0,0,0,0,11,5,0,
2020-01-19,0,0,0,0,0,0,0,11,5,0,
2020-01-20,1,0,0,0,0,0,0,12,5,0,
2020-01-21,4,0,0,0,0,0,0,16,5,1,
2020-01-22,6,4,1,0,1,2,0,22,9,0,
2020-01-23,0,0,0,0,0,0,0,22,9,0,
2020-01-24,3,2,0,0,0,2,0,25,11,0,
2020-01-25,4,2,1,0,1,0,0,29,13,0,
2020-01-26,2,1,1,0,0,0,0,31,14,0,
2020-01-27,8,3,2,0,1,0,0,39,17,1,
2020-01-28,7,2,1,0,0,1,0,46,19,0,
2020-01-29,3,1,0,0,0,0,1,49,20,0,
2020-01-30,4,1,1,0,0,0,0,53,21,0,
2020-01-31,3,2,0,0,2,0,0,56,23,0,
2020-02-01,7,5,3,0,1,1,0,63,28,0,
2020-02-02,3,2,0,0,1,1,0,66,30,0,
2020-02-03,2,1,0,0,1,0,0,68,31,0,
2020-02-04,2,2,0,0,2,0,0,70,33,0,
2020-02-05,5,5,3,0,1,1,0,75,38,0,
2020-02-06,0,0,0,0,0,0,0,75,38,0,
2020-02-07,0,0,0,0,0,0,0,75,38,0,
2020-02-08,2,0,0,0,0,0,0,77,38,0,
2020-02-09,2,2,1,0,0,1,0,79,40,1,
2020-02-10,2,2,0,0,1,1,0,81,42,0,
2020-02-11,2,1,1,0,0,0,0,83,43,0,
2020-02-12,4,3,2,0,1,0,0,87,46,0,
2020-02-13,1,1,0,0,0,1,0,88,47,0,
2020-02-14,6,5,0,0,3,2,0,94,52,0,
2020-02-15,3,2,1,0,0,1,0,97,54,0,
2020-02-16,1,1,0,0,0,1,0,98,55,0,
2020-02-17,2,2,1,0,0,1,0,100,57,0,
2020-02-18,2,2,2,0,0,0,0,102,59,0,
2020-02-19,4,4,2,0,1,1,0,106,63,0,
2020-02-20,11,10,4,1,3,2,0,117,73,0,
2020-02-21,3,3,0,0,1,2,0,120,76,0,
2020-02-22,8,8,2,0,3,3,0,128,84,0,
2020-02-23,23,22,11,0,3,7,1,151,106,0,
2020-02-24,15,14,3,0,2,9,0,166,120,1,
2020-02-25,16,16,4,0,2,10,0,182,136,0,
2020-02-26,14,13,6,1,4,2,0,196,149,0,
2020-02-27,27,26,12,0,7,7,0,223,175,0,
2020-02-28,39,37,17,0,6,14,0,262,212,0,
2020-02-29,28,27,8,0,7,12,0,290,239,0,
2020-03-01,60,59,12,0,26,20,1,350,298,1,
2020-03-02,56,56,8,0,18,30,0,406,354,0,
2020-03-03,55,55,15,0,12,28,0,461,409,0,
2020-03-04,62,58,13,1,14,30,0,523,467,0,
2020-03-05,67,67,12,1,23,31,0,590,534,0,
2020-03-06,85,84,17,2,25,40,0,675,618,0,
2020-03-07,90,90,14,2,30,44,0,765,708,1,
2020-03-08,135,134,27,2,45,60,0,900,842,0,
2020-03-09,224,223,44,10,79,90,0,1124,1065,0,
2020-03-10,261,258,56,8,75,119,0,1385,1323,0,
2020-03-11,301,301,76,10,88,126,1,1686,1624,1,
2020-03-12,394,392,92,9,128,162,1,2080,2016,0,
2020-03-13,467,460,125,8,151,174,2,2547,2476,0,
2020-03-14,471,468,99,14,170,183,2,3018,2944,0,
2020-03-15,613,606,157,9,211,227,2,3631,3550,1,
2020-03-16,855,845,256,11,310,267,1,4486,4395,0,
2020-03-17,882,869,262,15,323,264,5,5368,5264,0,
2020-03-18,983,970,291,16,355,304,4,6351,6234,0,
2020-03-19,816,803,255,11,300,234,3,7167,7037,0,
2020-03-20,1064,1053,362,20,428,234,9,8231,8090,1,
2020-03-21,911,892,320,7,326,235,4,9142,8982,0,
2020-03-22,874,855,319,13,336,185,2,10016,9837,0,
2020-03-23,1108,1082,465,15,420,173,9,11124,10919,0,
2020-03-24,1009,995,405,18,393,174,5,12133,11914,0,
2020-03-25,1022,995,450,12,415,109,9,13155,12909,0,
2020-03-26,952,930,453,10,344,114,9,14107,13839,0,
2020-03-27,980,963,486,7,373,85,12,15087,14802,0,
2020-03-28,978,965,475,9,387,84,10,16065,15767,0,
2020-03-29,894,881,464,7,354,50,6,16959,16648,1,
2020-03-30,1188,1171,581,10,488,79,13,18147,17819,0,
2020-03-31,1010,997,557,3,355,69,13,19157,18816,0,
2020-04-01,1330,1317,762,10,453,83,9,20487,20133,0,
2020-04-02,1201,1189,752,9,374,46,8,21688,21322,0,
2020-04-03,1343,1332,892,6,375,51,8,23031,22654,0,
2020-04-04,1177,1171,746,9,371,28,17,24208,23825,0,
2020-04-05,1081,1073,677,5,369,13,9,25289,24898,0,
2020-04-06,1443,1435,882,11,515,14,13,26732,26333,0,
2020-04-07,1314,1305,797,13,466,16,13,28046,27638,0,
2020-04-08,1408,1399,882,10,488,5,14,29454,29037,0,
2020-04-09,1513,1507,968,14,497,4,24,30967,30544,0,
2020-04-10,1822,1814,1143,19,622,6,24,32789,32358,0,
2020-04-11,1711,1705,965,11,686,4,39,34500,34063,1,
2020-04-12,1447,1444,885,16,509,7,27,35947,35507,0,
2020-04-13,2133,2129,1169,33,889,6,32,38080,37636,0,
2020-04-14,1833,1826,1099,21,671,2,33,39913,39462,0,
2020-04-15,1961,1954,1230,22,673,4,25,41874,41416,0,
2020-04-16,1967,1959,1104,19,779,1,56,43841,43375,0,
2020-04-17,1865,1859,1106,17,699,3,34,45706,45234,0,
2020-04-18,1624,1618,1041,20,527,3,27,47330,46852,0,
2020-04-19,1230,1223,741,15,452,4,11,48560,48075,0,
2020-04-20,1847,1841,1082,10,713,2,34,50407,49916,0,
2020-04-21,1412,1406,838,13,520,6,29,51819,51322,0,
2020-04-22,1577,1568,909,13,615,1,30,53396,52890,0,
2020-04-23,1587,1572,916,18,603,4,31,54983,54462,0,
2020-04-24,1542,1533,932,11,544,2,44,56525,55995,0,
2020-04-25,1405,1397,823,14,473,5,82,57930,57392,0,
2020-04-26,1321,1315,790,13,466,4,42,59251,58707,0,
2020-04-27,1658,1641,947,12,637,5,40,60909,60348,0,
2020-04-28,1541,1527,928,18,553,6,22,62450,61875,0,
2020-04-29,1480,1473,806,4,647,2,14,63930,63348,0,
2020-04-30,1473,1462,825,4,612,4,17,65403,64810,0,
2020-05-01,1597,1581,895,8,655,4,19,67000,66391,0,
2020-05-02,1076,1069,658,8,385,0,18,68076,67460,0,
2020-05-03,1026,1022,620,6,381,5,10,69102,68482,1,
2020-05-04,1366,1357,775,6,553,2,21,70468,69839,0,
2020-05-05,1304,1295,726,6,536,1,26,71772,71134,0,
2020-05-06,1125,1121,660,8,433,2,18,72897,72255,0,
2020-05-07,1185,1175,714,4,432,6,19,74082,73430,0,
2020-05-08,1183,1176,699,7,453,2,15,75265,74606,0,
2020-05-09,1030,1022,636,8,355,4,19,76295,75628,0,
2020-05-10,929,923,543,7,357,5,11,77224,76551,0,
2020-05-11,1231,1225,731,8,449,6,31,78455,77776,0,
2020-05-12,1168,1156,716,2,412,6,20,79623,78932,0,
2020-05-13,1104,1093,649,3,423,3,15,80727,80025,0,
2020-05-14,1161,1156,684,3,451,5,13,81888,81181,0,
2020-05-15,1223,1217,712,0,480,11,14,83111,82398,0,
2020-05-16,997,994,604,2,373,2,13,84108,83392,0,
2020-05-17,917,904,539,2,344,8,11,85025,84296,0,
2020-05-18,1098,1081,618,2,449,5,7,86123,85377,0,
2020-05-19,962,953,578,3,360,4,8,87085,86330,0,
2020-05-20,1134,1118,657,2,447,1,11,88219,87448,0,
2020-05-21,887,873,550,2,304,6,11,89106,88321,0,
2020-05-22,844,826,509,0,310,5,2,89950,89147,0,
2020-05-23,707,690,446,1,233,4,6,90657,89837,0,
2020-05-24,649,640,396,0,229,4,11,91306,90477,0,
2020-05-25,857,839,504,2,312,4,17,92163,91316,0,
2020-05-26,745,726,457,1,255,7,6,92908,92042,0,
2020-05-27,721,703,425,2,264,2,10,93629,92745,0,
2020-05-28,598,580,362,2,203,2,11,94227,93325,0,
2020-05-29,728,720,436,0,276,3,5,94955,94045,0,
2020-05-30,567,559,402,2,152,1,2,95522,94604,0,
2020-05-31,409,398,259,0,130,3,6,95931,95002,0,
2020-06-01,687,676,395,6,246,6,23,96618,95678,0,
2020-06-02,504,485,318,1,156,6,4,97122,96163,0,
2020-06-03,498,489,322,4,151,3,9,97620,96652,0,
2020-06-04,470,454,266,1,170,11,6,98090,97106,0,
2020-06-05,454,439,311,0,121,4,3,98544,97545,0,
2020-06-06,376,367,233,1,125,5,3,98920,97912,0,
2020-06-07,310,301,213,1,81,1,5,99230,98213,0,
2020-06-08,437,420,285,6,113,11,5,99667,98633,0,
2020-06-09,381,372,250,3,110,4,5,100048,99005,0,
2020-06-10,442,434,259,6,151,9,9,100490,99439,0,
2020-06-11,373,356,240,3,105,5,3,100863,99795,0,
2020-06-12,377,369,224,5,131,6,3,101240,100164,0,
2020-06-13,277,271,181,1,83,5,1,101517,100435,0,
2020-06-14,306,296,190,0,94,9,3,101823,100731,0,
2020-06-15,403,394,245,4,134,7,4,102226,101125,0,
2020-06-16,375,355,233,2,106,10,4,102601,101480,0,
2020-06-17,362,352,223,0,119,6,4,102963,101832,0,
2020-06-18,327,314,199,1,106,4,4,103290,102146,0,
2020-06-19,337,334,231,0,88,11,4,103627,102480,0,
2020-06-20,288,280,188,0,83,8,1,103915,102760,0,
2020-06-21,272,268,176,0,85,4,3,104187,103028,0,
2020-06-22,326,317,212,2,95,4,4,104513,103345,0,
2020-06-23,334,326,220,2,91,6,7,104847,103671,0,
2020-06-24,288,284,183,2,86,9,4,105135,103955,0,
2020-06-25,473,460,324,2,123,5,6,105608,104415,0,
2020-06-26,282,269,170,0,83,10,6,105890,104684,0,
2020-06-27,258,250,166,1,73,7,3,106148,104934,0,
2020-06-28,242,234,133,1,90,9,1,106390,105168,0,
2020-06-29,334,324,197,2,105,10,10,106724,105492,0,
2020-06-30,315,300,197,4,94,2,3,107039,105792,0,
2020-07-01,287,275,178,8,83,5,1,107326,106067,0,
2020-07-02,270,258,161,1,83,6,7,107596,106325,0,
2020-07-03,313,294,185,2,91,13,3,107909,106619,0,
2020-07-04,296,280,173,3,93,10,1,108205,106899,0,
2020-07-05,282,274,179,3,85,6,1,108487,107173,0,
2020-07-06,519,494,270,2,178,16,28,109006,107667,0,
2020-07-07,531,507,265,6,206,20,10,109537,108174,0,
2020-07-08,448,418,277,4,122,10,5,109985,108592,0,
2020-07-09,457,430,267,3,139,12,9,110442,109022,0,
2020-07-10,415,388,258,5,107,13,5,110857,109410,0,
2020-07-11,386,371,227,3,127,12,2,111243,109781,0,
2020-07-12,401,381,237,3,133,6,2,111644,110162,0,
2020-07-13,612,574,359,12,188,12,3,112256,110736,0,
2020-07-14,552,503,299,4,180,13,7,112808,111239,0,
2020-07-15,583,521,314,3,173,16,15,113391,111760,0,
2020-07-16,474,422,261,4,137,17,3,113865,112182,0,
2020-07-17,515,462,272,6,166,7,11,114380,112644,0,
2020-07-18,412,378,227,2,134,8,7,114792,113022,0,
2020-07-19,401,358,200,4,140,11,3,115193,113380,0,
2020-07-20,537,472,264,6,183,14,5,115730,113852,0,
2020-07-21,525,462,261,10,179,6,6,116255,114314,0,
2020-07-22,455,379,181,6,178,10,4,116710,114693,0,
2020-07-23,461,354,175,3,163,7,6,117171,115047,0,
2020-07-24,462,375,180,7,176,5,7,117633,115422,0,
2020-07-25,317,235,111,4,111,6,3,117950,115657,0,
2020-07-26,343,220,100,6,102,10,2,118293,115877,0,
2020-07-27,487,327,177,3,129,13,5,118780,116204,0,
2020-07-28,427,283,154,1,111,13,4,119207,116487,0,
2020-07-29,415,247,139,2,99,3,4,119622,116734,0,
2020-07-30,350,215,110,1,88,6,10,119972,116949,0,
2020-07-31,348,218,119,0,84,10,5,120320,117167,0,
2020-08-01,347,209,113,8,63,17,8,120667,117376,0,
2020-08-02,339,197,124,6,59,6,2,121006,117573,0,
2020-08-03,450,273,161,2,99,10,1,121456,117846,0,
2020-08-04,455,309,186,0,98,18,7,121911,118155,0,
2020-08-05,388,278,171,9,87,9,2,122299,118433,0,
2020-08-06,355,250,159,4,72,9,6,122654,118683,0,
2020-08-07,392,300,189,2,92,5,12,123046,118983,0,
2020-08-08,338,238,151,4,77,2,4,123384,119221,0,
2020-08-09,326,254,149,7,87,8,3,123710,119475,0,
2020-08-10,487,369,219,8,124,12,6,124197,119844,0,
2020-08-11,481,359,220,5,123,10,1,124678,120203,0,
2020-08-12,411,321,210,11,85,12,3,125089,120524,0,
2020-08-13,431,351,223,8,107,10,3,125520,120875,0,
2020-08-14,380,300,174,7,108,9,2,125900,121175,0,
2020-08-15,368,300,171,7,110,6,6,126268,121475,0,
2020-08-16,386,292,167,14,103,5,3,126654,121767,0,
2020-08-17,562,422,269,11,127,7,8,127216,122189,0,
2020-08-18,437,348,205,4,123,4,12,127653,122537,0,
2020-08-19,467,357,211,9,122,5,10,128120,122894,0,
2020-08-20,454,354,223,5,109,4,13,128574,123248,0,
2020-08-21,433,336,210,9,104,4,9,129007,123584,0,
2020-08-22,403,338,228,7,94,6,3,129410,123922,0,
2020-08-23,406,312,200,3,102,6,1,129816,124234,0,
2020-08-24,578,423,260,15,133,7,8,130394,124657,0,
2020-08-25,620,449,288,12,138,10,1,131014,125106,0,
2020-08-26,622,451,284,13,145,4,5,131636,125557,0,
2020-08-27,493,359,228,11,107,3,10,132129,125916,0,
2020-08-28,568,418,264,11,127,7,9,132697,126334,0,
2020-08-29,459,329,207,10,89,5,18,133156,126663,0,
2020-08-30,555,392,239,4,125,7,17,133711,127055,0,
2020-08-31,661,432,263,11,133,9,16,134372,127487,0,
2020-09-01,764,518,305,18,163,7,25,135136,128005,0,
2020-09-02,796,533,335,12,154,8,24,135932,128538,0,
2020-09-03,674,456,268,5,164,4,15,136606,128994,0,
2020-09-04,729,482,289,9,159,10,15,137335,129476,0,
2020-09-05,684,423,259,9,129,9,17,138019,129899,0,
2020-09-06,700,426,274,4,135,8,5,138719,130325,1,
2020-09-07,809,492,298,9,162,9,14,139528,130817,0,
2020-09-08,990,623,362,14,221,10,16,140518,131440,0,
2020-09-09,1037,630,375,12,219,4,20,141555,132070,0,
2020-09-10,1021,645,372,6,227,9,31,142576,132715,0,
2020-09-11,989,646,362,10,250,9,15,143565,133361,0,
2020-09-12,973,639,382,8,227,3,19,144538,134000,0,
2020-09-13,981,610,343,8,239,6,14,145519,134610,0,
2020-09-14,1300,822,489,14,285,7,27,146819,135432,0,
2020-09-15,1344,811,458,10,304,3,36,148163,136243,0,
2020-09-16,1370,811,486,22,273,4,26,149533,137054,0,
2020-09-17,1352,772,479,21,239,7,26,150885,137826,0,
2020-09-18,1429,800,516,8,239,1,36,152314,138626,0,
2020-09-19,1271,722,400,18,281,5,18,153585,139348,0,
2020-09-20,1389,775,430,12,286,10,37,154974,140123,0,
2020-09-21,1877,1039,577,15,385,5,57,156851,141162,0,
2020-09-22,1886,963,534,13,356,8,52,158737,142125,0,
2020-09-23,1924,982,534,15,342,2,89,160661,143107,0,
2020-09-24,1974,985,520,10,359,2,94,162635,144092,0,
2020-09-25,2063,1049,551,20,367,9,102,164698,145141,0,
2020-09-26,1881,933,493,7,332,4,97,166579,146074,0,
2020-09-27,1988,964,473,10,356,6,119,168567,147038,0,
2020-09-28,2514,1210,627,15,428,3,137,171081,148248,0,
2020-09-29,2285,1124,553,23,406,3,139,173366,149372,0,
2020-09-30,2283,1129,556,16,442,1,114,175649,150501,0,
2020-10-01,2182,1103,581,9,408,9,96,177831,151604,0,
2020-10-02,2156,1079,549,17,402,9,102,179987,152683,0,
2020-10-03,1841,940,474,19,349,10,88,181828,153623,0,
2020-10-04,1874,928,513,14,314,4,83,183702,154551,0,
2020-10-05,2492,1278,685,20,458,5,110,186194,155829,0,
2020-10-06,2326,1254,673,30,415,9,127,188520,157083,0,
2020-10-07,2305,1269,687,20,442,10,110,190825,158352,0,
2020-10-08,2263,1191,648,14,410,10,109,193088,159543,0,
2020-10-09,2301,1239,650,18,451,7,113,195389,160782,0,
2020-10-10,2185,1345,682,17,554,7,85,197574,162127,0,
2020-10-11,1923,1115,607,17,395,5,91,199497,163242,0,
2020-10-12,2339,1329,714,19,496,8,92,201836,164571,0,
2020-10-13,2594,1524,867,23,519,9,106,204430,166095,0,
2020-10-14,2518,1512,880,26,504,7,95,206948,167607,0,
2020-10-15,2586,1422,846,24,444,10,98,209534,169029,0,
2020-10-16,2664,1594,892,19,573,4,106,212198,170623,0,
2020-10-17,2304,1375,816,25,428,6,100,214502,171998,0,
2020-10-18,2244,1382,807,13,461,12,89,216746,173380,0,
2020-10-19,2980,1886,1122,22,612,7,123,219726,175266,0,
2020-10-20,2841,1856,1098,27,570,9,152,222567,177122,0,
2020-10-21,2813,1749,1012,33,546,9,149,225380,178871,0,
2020-10-22,2808,1805,1087,21,566,2,129,228188,180676,0,
2020-10-23,2826,1811,1044,31,591,7,138,231014,182487,0,
2020-10-24,2648,1762,1037,33,529,10,153,233662,184249,0,
2020-10-25,2651,1689,1029,31,513,7,109,236313,185938,0,
2020-10-26,3400,2182,1268,23,690,10,191,239713,188120,0,
2020-10-27,3356,2217,1343,36,670,10,158,243069,190337,0,
2020-10-28,3641,2440,1417,38,773,9,203,246710,192777,0,
2020-10-29,3103,1995,1247,31,590,7,120,249813,194772,0,
2020-10-30,3540,2359,1335,43,812,10,159,253353,197131,0,
2020-10-31,3158,2152,1356,32,622,8,134,256511,199283,0,
2020-11-01,3473,2332,1393,33,748,8,150,259984,201615,0,
2020-11-02,4578,3058,1842,43,973,7,193,264562,204673,0,
2020-11-03,4512,3069,1805,34,936,14,280,269074,207742,0,
2020-11-04,4641,3097,1919,46,916,8,208,273715,210839,0,
2020-11-05,4552,3047,1764,33,962,8,280,278267,213886,0,
2020-11-06,4625,3088,1815,22,995,12,244,282892,216974,0,
2020-11-07,4325,2877,1540,17,1104,9,207,287217,219851,0,
2020-11-08,4038,2677,1462,13,1018,8,176,291255,222528,0,
2020-11-09,5307,3566,1834,24,1445,14,249,296562,226094,0,
2020-11-10,5162,3442,1743,19,1434,15,231,301724,229536,0,
2020-11-11,4954,3424,1822,25,1354,9,214,306678,232960,0,
2020-11-12,5063,3564,1701,19,1603,12,229,311741,236524,0,
2020-11-13,5199,3731,1795,16,1675,16,229,316940,240255,0,
2020-11-14,4549,3411,1697,10,1513,13,178,321489,243666,0,
2020-11-15,4489,3340,1644,21,1508,18,149,325978,247006,0,
2020-11-16,5633,4107,2044,16,1847,22,178,331611,251113,0,
2020-11-17,5466,4007,1909,19,1816,13,250,337077,255120,0,
2020-11-18,5680,4225,2102,28,1882,12,201,342757,259345,0,
2020-11-19,5520,3993,1879,24,1865,17,208,348277,263338,0,
2020-11-20,5540,4157,1980,30,1922,15,210,353817,267495,0,
2020-11-21,5076,3789,1829,21,1755,15,169,358893,271284,0,
2020-11-22,4865,3549,1764,25,1559,22,179,363758,274833,0,
2020-11-23,6361,4606,2266,35,2048,16,241,370119,279439,0,
2020-11-24,6260,4642,2200,30,2138,11,263,376379,284081,0,
2020-11-25,6415,4709,2193,28,2155,14,319,382794,288790,0,
2020-11-26,6115,4557,2144,28,2169,18,198,388909,293347,0,
2020-11-27,6265,4545,2108,34,2167,20,216,395174,297892,0,
2020-11-28,5600,4101,2005,23,1781,15,277,400774,301993,0,
2020-11-29,5419,3863,1723,31,1861,16,232,406193,305856,0,
2020-11-30,6951,4953,2321,36,2304,22,270,413144,310809,0,
2020-12-01,6806,4837,2351,21,2198,7,260,419950,315646,0,
2020-12-02,6713,4819,2147,37,2357,14,264,426663,320465,0,
2020-12-03,6729,4726,2204,33,2180,18,291,433392,325191,0,
2020-12-04,6821,4827,2214,41,2290,10,272,440213,330018,0,
2020-12-05,5831,4104,1851,39,1954,11,249,446044,334122,0,
2020-12-06,5822,4008,1930,34,1754,29,261,451866,338130,0,
2020-12-07,7662,5314,2533,47,2358,28,348,459528,343444,0,
2020-12-08,7192,4909,2279,40,2211,17,362,466720,348353,0,
2020-12-09,6949,4766,2223,31,2115,19,378,473669,353119,0,
2020-12-10,6861,4652,2110,45,2122,24,351,480530,357771,0,
2020-12-11,6852,4708,2132,48,2147,22,359,487382,362479,0,
2020-12-12,6182,4083,1881,42,1817,24,319,493564,366562,0,
2020-12-13,5554,3677,1751,26,1602,16,282,499118,370239,0,
2020-12-14,7703,5103,2322,41,2239,29,472,506821,375342,0,
2020-12-15,7231,4784,2141,33,2161,17,432,514052,380126,0,
2020-12-16,6904,4564,2102,47,1975,10,430,520956,384690,0,
2020-12-17,6673,4336,1912,36,1939,30,419,527629,389026,0,
2020-12-18,6945,4547,2028,52,2011,20,436,534574,393573,0,
2020-12-19,5907,3717,1779,41,1577,17,303,540481,397290,0,
2020-12-20,5931,3784,1853,29,1576,20,306,546412,401074,0,
2020-12-21,7613,4716,2238,41,1946,16,475,554025,405790,0,
2020-12-22,7161,4402,2169,43,1745,22,423,561186,410192,0,
2020-12-23,7412,4606,2280,48,1800,30,448,568598,414798,0,
2020-12-24,6915,4433,2148,43,1814,14,414,575513,419231,0,
2020-12-25,5724,3516,1850,52,1321,15,278,581237,422747,0,
2020-12-26,7626,5001,2596,58,1977,25,345,588863,427748,0,
2020-12-27,7589,4947,2698,69,1785,20,375,596452,432695,0,
2020-12-28,8982,5799,3062,52,2202,25,458,605434,438494,0,
2020-12-29,8204,5309,2851,72,1912,16,458,613638,443803,0,
2020-12-30,7880,5025,2698,59,1760,41,467,621518,448828,0,
2020-12-31,7498,4957,2646,58,1807,16,430,629016,453785,0,
2021-01-01,7152,4503,2415,40,1654,29,365,636168,458288,0,
2021-01-02,7555,5121,2782,69,1783,45,442,643723,463409,0,
2021-01-03,7349,4781,2610,61,1667,50,393,651072,468190,0,
2021-01-04,8963,5868,3171,68,2041,32,556,660035,474058,0,
2021-01-05,7858,5181,2865,64,1713,51,488,667893,479239,0,
2021-01-06,7756,5027,2695,60,1656,53,563,675649,484266,0,
2021-01-07,6906,4466,2409,54,1476,37,490,682555,488732,0,
2021-01-08,6783,4470,2393,58,1482,41,496,689338,493202,0,
2021-01-09,5976,3894,2095,54,1298,41,406,695314,497096,0,
2021-01-10,5606,3695,1976,58,1252,29,380,700920,500791,0,
2021-01-11,6912,4615,2549,59,1468,38,501,707832,505406,0,
2021-01-12,6114,4055,2218,71,1284,30,452,713946,509461,0,
2021-01-13,6111,4053,2138,49,1346,33,487,720057,513514,0,
2021-01-14,5669,3861,2120,43,1224,27,447,725726,517375,0,
2021-01-15,6029,3931,2121,40,1337,31,402,731755,521306,0,
2021-01-16,4751,3201,1738,36,1116,18,293,736506,524507,0,
2021-01-17,4479,2999,1612,38,979,39,331,740985,527506,0,
2021-01-18,5669,3804,2037,40,1219,31,477,746654,531310,0,
2021-01-19,5254,3504,1872,47,1116,12,457,751908,534814,0,
2021-01-20,5072,3402,1876,56,1081,24,365,756980,538216,0,
2021-01-21,4787,3202,1719,30,1030,26,397,761767,541418,0,
2021-01-22,4547,3094,1703,39,1017,18,317,766314,544512,0,
2021-01-23,3957,2689,1475,42,870,15,287,770271,547201,0,
2021-01-24,3536,2381,1304,28,789,12,248,773807,549582,0,
2021-01-25,4652,3042,1641,37,951,18,395,778459,552624,0,
2021-01-26,4120,2689,1464,40,830,10,345,782579,555313,0,
2021-01-27,4228,2835,1580,28,891,15,321,786807,558148,0,
2021-01-28,3898,2519,1361,31,842,17,268,790705,560667,0,
2021-01-29,3803,2475,1334,40,856,14,231,794508,563142,0,
2021-01-30,3170,2111,1112,23,734,10,232,797678,565253,0,
2021-01-31,2872,1886,1064,24,602,18,178,800550,567139,0,
2021-02-01,4152,2734,1423,21,896,15,379,804702,569873,0,
2021-02-02,3640,2388,1314,33,776,13,252,808342,572261,0,
2021-02-03,3557,2335,1279,22,782,11,241,811899,574596,0,
2021-02-04,3345,2202,1194,26,724,14,244,815244,576798,0,
2021-02-05,3368,2217,1166,25,767,16,243,818612,579015,0,
2021-02-06,2805,1898,1068,18,669,7,136,821417,580913,0,
2021-02-07,2659,1779,1009,24,597,13,136,824076,582692,0,
2021-02-08,3531,2364,1362,19,748,9,226,827607,585056,0,
2021-02-09,3257,2124,1214,29,690,13,178,830864,587180,0,
2021-02-10,3315,2265,1349,29,747,5,135,834179,589445,0,
2021-02-11,2916,1979,1210,24,602,7,136,837095,591424,0,
2021-02-12,3132,2100,1216,21,681,8,174,840227,593524,0,
2021-02-13,2687,1915,1161,17,578,4,155,842914,595439,0,
2021-02-14,2547,1735,1053,16,552,21,93,845461,597174,0,
2021-02-15,3068,2041,1245,33,625,7,131,848529,599215,0,
2021-02-16,3035,2124,1284,27,638,13,162,851564,601339,0,
2021-02-17,3132,2163,1323,29,631,8,172,854696,603502,0,
2021-02-18,3045,2133,1289,31,606,7,200,857741,605635,0,
2021-02-19,3009,2108,1256,24,657,5,166,860750,607743,0,
2021-02-20,2753,1910,1149,26,601,12,122,863503,609653,0,
2021-02-21,2535,1800,1055,14,597,10,124,866038,611453,0,
2021-02-22,3231,2231,1324,15,689,6,197,869269,613684,0,
2021-02-23,3035,2159,1318,11,671,4,155,872304,615843,0,
2021-02-24,3134,2171,1345,18,633,7,168,875438,618014,0,
2021-02-25,2860,2023,1235,16,619,4,149,878298,620037,0,
2021-02-26,2949,2102,1304,19,609,10,160,881247,622139,0,
2021-02-27,2730,2018,1232,10,604,15,157,883977,624157,0,
2021-02-28,2681,1967,1205,20,591,8,143,886658,626124,0,
2021-03-01,3538,2550,1507,19,802,8,214,890196,628674,0,
2021-03-02,3149,2310,1426,22,679,8,175,893345,630984,0,
2021-03-03,3318,2384,1479,19,715,15,156,896663,633368,0,
2021-03-04,2901,2179,1325,21,670,16,147,899564,635547,0,
2021-03-05,3247,2408,1525,21,690,4,168,902811,637955,0,
2021-03-06,2831,2125,1311,5,638,13,158,905642,640080,0,
2021-03-07,2719,2026,1214,13,661,9,129,908361,642106,0,
2021-03-08,3575,2685,1642,13,803,20,207,911936,644791,0,
2021-03-09,3382,2591,1596,24,755,11,205,915318,647382,0,
2021-03-10,3688,2808,1739,23,804,16,226,919006,650190,0,
2021-03-11,3306,2490,1533,15,722,19,201,922312,652680,0,
2021-03-12,3436,2632,1591,10,782,18,231,925748,655312,0,
2021-03-13,3177,2440,1540,10,720,10,160,928925,657752,0,
2021-03-14,3096,2305,1398,11,717,26,153,932021,660057,0,
2021-03-15,4188,3330,2023,12,1046,18,231,936209,663387,0,
2021-03-16,4037,3130,1945,11,937,13,224,940246,666517,0,
2021-03-17,4441,3549,2268,9,1035,21,216,944687,670066,0,
2021-03-18,4042,3194,2059,12,904,17,202,948729,673260,0,
2021-03-19,4391,3444,2100,12,1074,20,238,953120,676704,0,
2021-03-20,4203,3320,2020,12,1081,8,199,957323,680024,0,
2021-03-21,4224,3344,1988,17,1093,29,217,961547,683368,0,
2021-03-22,5369,4168,2485,20,1362,14,287,966916,687536,0,
2021-03-23,5596,4365,2523,24,1484,24,310,972512,691901,0,
2021-03-24,5649,4509,2729,21,1412,33,314,978161,696410,0,
2021-03-25,5247,4106,2437,17,1329,19,304,983408,700516,0,
2021-03-26,5718,4521,2680,21,1438,25,357,989126,705037,0,
2021-03-27,5413,4254,2516,22,1429,14,273,994539,709291,0,
2021-03-28,5465,4267,2520,17,1418,30,282,1000004,713558,0,
2021-03-29,6727,5321,3126,14,1795,23,363,1006731,718879,0,
2021-03-30,6766,5295,3141,21,1750,30,353,1013497,724174,0,
2021-03-31,6843,5439,3209,27,1830,19,354,1020340,729613,0,
2021-04-01,7904,6388,3588,37,2177,19,567,1028244,736001,0,
2021-04-02,7204,5721,3368,34,1850,18,451,1035448,741722,0,
2021-04-03,7186,5684,3364,32,1752,17,519,1042634,747406,0,
2021-04-04,7438,5905,3441,29,1938,22,475,1050072,753311,0,
2021-04-05,9652,7747,4406,39,2588,35,679,1059724,761058,0,
2021-04-06,9652,7772,4482,48,2503,24,715,1069376,768830,0,
2021-04-07,9684,7803,4496,43,2511,29,724,1079060,776633,0,
2021-04-08,9038,7299,4145,38,2341,22,753,1088098,783932,0,
2021-04-09,9073,7302,4013,41,2435,41,772,1097171,791234,0,
2021-04-10,8592,7038,3904,41,2344,32,717,1105763,798272,0,
2021-04-11,7842,6358,3517,32,2161,29,619,1113605,804630,0,
2021-04-12,9347,7534,4313,40,2350,37,794,1122952,812164,0,
2021-04-13,8705,7100,4030,32,2272,29,737,1131657,819264,0,
2021-04-14,8830,7223,4076,38,2242,36,831,1140487,826487,0,
2021-04-15,8103,6706,3833,29,2059,20,765,1148590,833193,0,
2021-04-16,8344,6942,3907,23,2293,27,692,1156934,840135,0,
2021-04-17,7920,6614,3766,36,2081,26,705,1164854,846749,0,
2021-04-18,7229,6076,3414,26,1971,34,631,1172083,852825,0,
2021-04-19,8793,7365,4167,36,2336,44,782,1180876,860190,0,
2021-04-20,8309,7002,4103,27,2171,32,669,1189185,867192,0,
2021-04-21,8259,7032,4081,28,2209,56,658,1197444,874224,0,
2021-04-22,7659,6493,3761,17,2070,58,587,1205103,880717,0,
2021-04-23,8099,6944,3997,33,2157,49,708,1213202,887661,0,
2021-04-24,7309,6164,3616,22,1943,23,560,1220511,893825,0,
2021-04-25,6791,5730,3399,21,1805,34,471,1227302,899555,0,
2021-04-26,8245,6976,4074,27,2176,48,651,1235547,906531,0,
2021-04-27,7672,6507,3885,21,1950,21,630,1243219,913038,0,
2021-04-28,8168,6912,4054,27,2114,27,690,1251387,919950,0,
2021-04-29,7153,6050,3618,24,1783,12,613,1258540,926000,0,
2021-04-30,7418,6316,3693,24,1886,38,675,1265958,932316,0,
2021-05-01,7057,6091,3588,18,1959,19,507,1273015,938407,0,
2021-05-02,6135,5258,3224,27,1569,13,425,1279150,943665,0,
2021-05-03,7571,6405,3879,26,2006,20,474,1286721,950070,0,
2021-05-04,6926,5824,3629,22,1758,25,390,1293647,955894,0,
2021-05-05,6799,5779,3553,27,1789,21,389,1300446,961673,0,
2021-05-06,6213,5193,3214,11,1576,14,378,1306659,966866,0,
2021-05-07,6308,5298,3283,19,1637,22,337,1312967,972164,0,
2021-05-08,5649,4764,2949,25,1494,10,286,1318616,976928,0,
2021-05-09,5048,4265,2708,20,1317,6,214,1323664,981193,0,
2021-05-10,6365,5274,3201,26,1665,19,363,1330029,986467,0,
2021-05-11,5530,4579,2815,26,1409,7,322,1335559,991046,0,
2021-05-12,5485,4578,2848,19,1445,7,259,1341044,995624,0,
2021-05-13,4982,4136,2611,19,1259,12,235,1346026,999760,0,
2021-05-14,4916,4077,2474,10,1308,9,276,1350942,1003837,0,
2021-05-15,4332,3568,2179,9,1141,12,227,1355274,1007405,0,
2021-05-16,3841,3154,1901,6,1064,11,172,1359115,1010559,0,
2021-05-17,4579,3740,2262,9,1152,13,304,1363694,1014299,0,
2021-05-18,4122,3317,1989,11,1044,7,266,1367816,1017616,0,
2021-05-19,3725,3023,1863,14,949,4,193,1371541,1020639,0,
2021-05-20,3496,2849,1725,8,870,7,239,1375037,1023488,0,
2021-05-21,3283,2674,1635,7,811,8,213,1378320,1026162,0,
2021-05-22,2671,2190,1342,8,702,4,134,1380991,1028352,0,
2021-05-23,2334,1880,1139,1,624,2,114,1383325,1030232,0,
2021-05-24,2444,1968,1199,6,643,3,117,1385769,1032200,0,
2021-05-25,2716,2187,1389,1,653,7,137,1388485,1034387,0,
2021-05-26,2433,1951,1245,7,591,4,104,1390918,1036338,0,
2021-05-27,2265,1830,1194,6,533,5,92,1393183,1038168,0,
2021-05-28,2130,1712,1113,8,498,6,87,1395313,1039880,0,
2021-05-29,1697,1358,852,1,427,7,71,1397010,1041238,0,
2021-05-30,1559,1254,818,6,373,7,50,1398569,1042492,0,
2021-05-31,1995,1609,1074,1,456,6,72,1400564,1044101,0,
2021-06-01,1868,1541,959,8,478,10,86,1402432,1045642,0,
2021-06-02,1755,1411,933,3,416,2,57,1404187,1047053,0,
2021-06-03,1526,1232,816,5,344,4,63,1405713,1048285,0,
2021-06-04,1506,1188,767,3,347,5,66,1407219,1049473,0,
2021-06-05,1240,1002,653,3,297,6,43,1408459,1050475,0,
2021-06-06,1107,875,579,0,258,3,35,1409566,1051350,0,
2021-06-07,1488,1163,783,3,321,5,51,1411054,1052513,0,
2021-06-08,1223,967,611,2,291,8,55,1412277,1053480,0,
2021-06-09,1223,974,659,7,234,6,68,1413500,1054454,0,
2021-06-10,1213,943,658,6,218,9,52,1414713,1055397,0,
2021-06-11,1084,836,543,1,231,9,52,1415797,1056233,0,
2021-06-12,926,727,474,4,183,9,57,1416723,1056960,0,
2021-06-13,784,617,384,2,183,3,45,1417507,1057577,0,
2021-06-14,1067,803,529,3,221,12,38,1418574,1058380,0,
2021-06-15,927,705,484,0,189,6,26,1419501,1059085,0,
2021-06-16,878,657,442,1,163,10,41,1420379,1059742,0,
2021-06-17,739,559,379,2,146,7,25,1421118,1060301,0,
2021-06-18,746,577,380,3,146,16,32,1421864,1060878,0,
2021-06-19,590,453,265,0,144,6,38,1422454,1061331,0,
2021-06-20,590,431,260,3,135,5,28,1423044,1061762,0,
2021-06-21,738,555,335,1,165,9,45,1423782,1062317,0,
2021-06-22,690,520,322,2,148,6,42,1424472,1062837,0,
2021-06-23,679,506,325,1,145,4,31,1425151,1063343,0,
2021-06-24,602,456,277,4,131,10,34,1425753,1063799,0,
2021-06-25,564,420,265,3,114,6,32,1426317,1064219,0,
2021-06-26,492,357,214,3,111,7,22,1426809,1064576,0,
2021-06-27,448,324,189,1,98,4,32,1427257,1064900,0,
2021-06-28,579,420,244,1,125,10,40,1427836,1065320,0,
2021-06-29,505,359,181,2,118,12,46,1428341,1065679,0,
2021-06-30,505,389,218,4,110,12,45,1428846,1066068,0,
2021-07-01,438,296,169,3,92,12,20,1429284,1066364,0,
2021-07-02,454,329,178,0,103,8,40,1429738,1066693,0,
2021-07-03,450,341,184,2,116,19,20,1430188,1067034,0,
2021-07-04,426,302,160,2,114,4,22,1430614,1067336,0,
2021-07-05,549,371,218,3,119,6,25,1431163,1067707,0,
2021-07-06,514,366,216,4,118,10,18,1431677,1068073,0,
2021-07-07,458,319,178,4,109,12,16,1432135,1068392,0,
2021-07-08,380,257,142,3,87,11,14,1432515,1068649,0,
2021-07-09,392,275,136,2,99,14,24,1432907,1068924,,
2021-07-10,371,266,141,2,99,15,9,1433278,1069190,,
2021-07-11,371,252,127,0,92,18,15,1433649,1069442,,
2021-07-12,502,368,195,1,141,12,19,1434151,1069810,,
2021-07-13,458,321,164,0,121,11,25,1434609,1070131,,
2021-07-14,512,353,177,0,122,33,21,1435121,1070484,,
2021-07-15,455,308,157,1,117,16,17,1435576,1070792,,
2021-07-16,496,354,186,6,126,16,20,1436072,1071146,,
2021-07-17,432,305,158,7,117,14,9,1436504,1071451,,
2021-07-18,517,358,175,7,144,16,16,1437021,1071809,,
2021-07-19,641,476,235,4,208,15,14,1437662,1072285,,
2021-07-20,722,528,264,10,229,12,13,1438384,1072813,,
2021-07-21,700,515,244,5,236,19,11,1439084,1073328,,
2021-07-22,640,457,234,9,187,14,13,1439724,1073785,,
2021-07-23,707,522,272,4,196,16,34,1440431,1074307,,
2021-07-24,667,500,292,4,178,15,11,1441098,1074807,,
2021-07-25,783,576,298,11,236,17,14,1441881,1075383,,
2021-07-26,1051,797,409,7,334,24,23,1442932,1076180,,
2021-07-27,990,749,411,10,293,11,24,1443922,1076929,,
2021-07-28,988,732,388,10,287,24,23,1444910,1077661,,
2021-07-29,973,707,370,10,288,22,17,1445883,1078368,,
2021-07-30,972,691,373,12,261,16,29,1446855,1079059,,
2021-07-31,1012,762,375,9,329,24,25,1447867,1079821,,
2021-08-01,1221,907,485,18,355,24,25,1449088,1080728,,
2021-08-02,1569,1080,494,20,505,27,34,1450657,1081808,,
2021-08-03,1794,1291,639,17,549,26,60,1452451,1083099,,
2021-08-04,1758,1252,609,21,553,19,50,1454209,1084351,,
2021-08-05,1731,1197,625,15,499,25,33,1455940,1085548,,
2021-08-06,1683,1121,552,14,484,20,51,1457623,1086669,,
2021-08-07,1732,1255,637,11,535,27,45,1459355,1087924,,
2021-08-08,1818,1299,671,23,542,20,43,1461173,1089223,,
2021-08-09,2251,1637,829,23,702,22,61,1463424,1090860,,
2021-08-10,2443,1794,865,27,787,41,74,1465867,1092654,,
2021-08-11,2357,1727,842,29,768,24,64,1468224,1094381,,
2021-08-12,2118,1549,770,27,666,35,51,1470342,1095930,,
2021-08-13,2140,1560,798,15,648,38,61,1472482,1097490,,
2021-08-14,2201,1650,850,25,689,28,58,1474683,1099140,,
2021-08-15,2281,1670,861,23,721,16,49,1476964,1100810,,
2021-08-16,3077,2271,1078,32,1053,32,76,1480041,1103081,,
2021-08-17,3024,2213,1091,31,986,28,77,1483065,1105294,,
2021-08-18,3005,2208,1065,35,1003,22,83,1486070,1107502,,
2021-08-19,2760,2006,988,18,904,27,69,1488830,1109508,,
2021-08-20,2866,2180,1034,23,1025,19,79,1491696,1111688,,
2021-08-21,2777,2124,972,15,1033,24,80,1494473,1113812,,
2021-08-22,2948,2234,950,21,1174,25,64,1497421,1116046,,
2021-08-23,3762,2789,1090,14,1558,32,95,1501183,1118835,,
2021-08-24,3793,2802,1052,8,1623,29,90,1504976,1121637,,
2021-08-25,3771,2744,991,6,1642,18,87,1508747,1124381,,
2021-08-26,3402,2503,975,5,1423,20,80,1512149,1126884,,
2021-08-27,3660,2661,951,6,1575,19,110,1515809,1129545,,
2021-08-28,3320,2477,927,8,1444,26,72,1519129,1132022,,
2021-08-29,3300,2437,858,6,1478,21,74,1522429,1134459,,
2021-08-30,4111,2955,1057,11,1779,23,85,1526540,1137414,,
2021-08-31,4100,2916,968,10,1835,16,87,1530640,1140330,,
2021-09-01,4472,3229,1114,6,1994,20,95,1535112,1143559,,
2021-09-02,3928,2829,1015,3,1720,14,77,1539040,1146388,,
2021-09-03,4216,3055,1078,7,1851,25,94,1543256,1149443,,
2021-09-04,3670,2734,943,6,1718,17,50,1546926,1152177,,
2021-09-05,3630,2638,880,5,1689,10,54,1550556,1154815,,
2021-09-06,4093,2976,1004,8,1872,10,82,1554649,1157791,,
2021-09-07,4902,3457,1201,4,2131,11,110,1559551,1161248,,
2021-09-08,4883,3409,1193,6,2110,16,84,1564434,1164657,,
2021-09-09,4526,3145,1110,6,1925,22,82,1568960,1167802,,
2021-09-10,4601,3265,1163,10,2018,11,63,1573561,1171067,,
2021-09-11,3860,2787,966,5,1734,10,72,1577421,1173854,,
2021-09-12,3819,2758,1004,4,1665,11,74,1581240,1176612,,
2021-09-13,5047,3512,1263,7,2143,15,84,1586287,1180124,,
2021-09-14,4687,3282,1175,8,1966,25,108,1590974,1183406,,
2021-09-15,4694,3331,1249,7,1960,15,100,1595668,1186737,,
2021-09-16,4383,3165,1210,1,1855,9,90,1600051,1189902,,
2021-09-17,4539,3195,1202,3,1875,7,108,1604590,1193097,,
2021-09-18,3889,2859,1100,4,1663,15,77,1608479,1195956,,
2021-09-19,3758,2792,1005,12,1694,8,73,1612237,1198748,,
2021-09-20,5059,3690,1420,4,2145,14,107,1617296,1202438,,
2021-09-21,4653,3378,1272,5,1999,11,91,1621949,1205816,,
2021-09-22,4440,3335,1346,8,1890,10,81,1626389,1209151,,
2021-09-23,4220,3104,1294,4,1719,18,69,1630609,1212255,,
2021-09-24,4333,3254,1273,8,1857,7,109,1634942,1215509,,
2021-09-25,3573,2740,1081,3,1585,6,65,1638515,1218249,,
2021-09-26,3699,2831,1130,5,1623,12,61,1642214,1221080,,
2021-09-27,4554,3322,1350,7,1866,14,85,1646768,1224402,,
2021-09-28,3946,2859,1203,7,1561,16,72,1650714,1227261,,
2021-09-29,4027,2952,1256,3,1606,18,69,1654741,1230213,,
2021-09-30,3431,2567,1053,3,1446,10,55,1658172,1232780,,
2021-10-01,3796,2716,1133,0,1499,13,71,1661968,1235496,,
2021-10-02,3054,2235,963,2,1207,10,53,1665022,1237731,,
2021-10-03,2948,2107,936,4,1099,15,53,1667970,1239838,,
2021-10-04,3846,2700,1154,6,1456,15,69,1671816,1242538,,
2021-10-05,3579,2463,1103,4,1273,10,73,1675395,1245001,,
2021-10-06,3390,2361,1097,4,1197,5,58,1678785,1247362,,
2021-10-07,3076,2080,948,3,1045,9,75,1681861,1249442,,
2021-10-08,3236,2191,941,5,1168,11,66,1685097,1251633,,
2021-10-09,2736,1916,857,2,992,10,55,1687833,1253549,,
2021-10-10,2487,1771,802,2,908,10,49,1690320,1255320,,
2021-10-11,2758,1899,851,2,980,15,51,1693078,1257219,,
2021-10-12,3227,2178,975,2,1119,14,68,1696305,1259397,,
2021-10-13,3074,2071,1000,0,1011,12,48,1699379,1261468,,
2021-10-14,2793,1915,857,4,995,11,48,1702172,1263383,,
2021-10-15,2713,1885,846,2,967,10,60,1704885,1265268,,
2021-10-16,2269,1637,729,0,859,10,39,1707154,1266905,,
2021-10-17,2189,1549,689,2,800,10,48,1709343,1268454,,
2021-10-18,2744,1921,912,1,937,14,57,1712087,1270375,,
2021-10-19,2400,1635,752,2,816,13,52,1714487,1272010,,
2021-10-20,2495,1756,829,4,858,8,57,1716982,1273766,,
2021-10-21,2324,1603,803,0,731,10,59,1719306,1275369,,
2021-10-22,2319,1644,762,4,817,4,57,1721625,1277013,,
2021-10-23,1934,1346,614,2,671,5,54,1723559,1278359,,
2021-10-24,2041,1444,649,2,739,7,47,1725600,1279803,,
2021-10-25,2555,1762,837,2,855,21,47,1728155,1281565,,
2021-10-26,2415,1644,791,1,767,19,66,1730570,1283209,,
2021-10-27,2380,1596,754,3,776,12,51,1732950,1284805,,
2021-10-28,2309,1546,754,1,717,9,65,1735259,1286351,,
2021-10-29,2281,1440,677,5,682,7,69,1737540,1287791,,
2021-10-30,2059,1365,660,1,637,16,51,1739599,1289156,,
2021-10-31,2094,1413,698,0,631,13,71,1741693,1290569,,
2021-11-01,2923,2003,932,4,952,11,104,1744616,1292572,,
2021-11-02,2769,1889,934,2,860,16,77,1747385,1294461,,
2021-11-03,2706,1923,912,1,880,22,108,1750091,1296384,,
2021-11-04,2634,1813,930,5,773,13,92,1752725,1298197,,
2021-11-05,2673,1809,917,3,776,15,98,1755398,1300006,,
2021-11-06,2435,1698,875,3,714,22,84,1757833,1301704,,
2021-11-07,2224,1478,746,2,630,14,86,1760057,1303182,,
2021-11-08,2880,1872,985,13,764,23,87,1762937,1305054,,
2021-11-09,2632,1680,928,7,639,21,85,1765569,1306734,,
2021-11-10,2731,1814,964,6,714,13,117,1768300,1308548,,
2021-11-11,2329,1519,786,2,633,20,78,1770629,1310067,,
2021-11-12,2534,1640,897,7,617,15,104,1773163,1311707,,
2021-11-13,2208,1498,833,4,576,12,73,1775371,1313205,,
2021-11-14,2242,1453,737,3,632,24,57,1777613,1314658,,
2021-11-15,2784,1811,1021,4,688,15,83,1780397,1316469,,
2021-11-16,2668,1683,889,5,633,31,125,1783065,1318152,,
2021-11-17,2808,1786,915,1,723,32,115,1785873,1319938,,
2021-11-18,2532,1567,886,3,555,23,100,1788405,1321505,,
2021-11-19,2711,1666,872,3,645,25,121,1791116,1323171,,
2021-11-20,2346,1388,745,5,513,30,95,1793462,1324559,,
2021-11-21,2472,1498,810,5,577,19,87,1795934,1326057,,
2021-11-22,3276,1961,1085,2,700,30,144,1799210,1328018,,
2021-11-23,3030,1835,1041,2,638,32,122,1802240,1329853,,
2021-11-24,3067,1833,1014,6,655,25,133,1805307,1331686,,
2021-11-25,2792,1654,936,0,589,31,98,1808099,1333340,,
2021-11-26,2990,1739,922,5,618,22,172,1811089,1335079,,
2021-11-27,2604,1599,875,1,558,35,130,1813693,1336678,,
2021-11-28,2880,1657,893,1,564,45,154,1816573,1338335,,
2021-11-29,3643,2062,1089,2,729,63,179,1820216,1340397,,
2021-11-30,3473,1944,1013,3,700,34,194,1823689,1342341,,
2021-12-01,3842,2123,1176,4,698,35,210,1827531,1344464,,
2021-12-02,3509,1943,994,4,669,40,236,1831040,1346407,,
2021-12-03,3856,2174,1140,5,731,37,261,1834896,1348581,,
2021-12-04,3254,1768,931,5,607,41,184,1838150,1350349,,
2021-12-05,3540,1973,1052,6,657,43,215,1841690,1352322,,
2021-12-06,4870,2681,1450,7,848,45,331,1846560,1355003,,
2021-12-07,4999,2761,1521,5,787,53,395,1851559,1357764,,
2021-12-08,5030,2858,1504,6,846,43,459,1856589,1360622,,
2021-12-09,4915,2654,1318,10,750,53,523,1861504,1363276,,
2021-12-10,5307,3011,1450,6,798,66,691,1866811,1366287,,
2021-12-11,5215,3040,1282,12,876,69,801,1872026,1369327,,
2021-12-12,6397,3783,1387,12,1074,82,1228,1878423,1373110,,
2021-12-13,9883,5752,1899,11,1513,124,2205,1888306,1378862,,
2021-12-14,10319,5873,1856,19,1497,104,2397,1898625,1384735,,
2021-12-15,11086,6148,1759,27,1365,93,2904,1909711,1390883,,
2021-12-16,11649,6338,1676,18,1280,105,3259,1921360,1397221,,
2021-12-17,14560,8024,1885,13,1731,123,4272,1935920,1405245,,
2021-12-18,15181,8658,1892,13,1879,108,4766,1951101,1413903,,
2021-12-19,18766,10554,1960,19,2633,117,5825,1969867,1424457,,
2021-12-20,29618,16252,2507,19,3860,141,9725,1999485,1440709,,
2021-12-21,31617,16421,2469,12,3677,107,10156,2031102,1457130,,
2021-12-22,31691,15539,2116,15,3077,102,10229,2062793,1472669,,
2021-12-23,31575,16131,1999,11,2998,77,11046,2094368,1488800,,
2021-12-24,28253,14935,1908,10,2829,78,10110,2122621,1503735,,
2021-12-25,23066,10999,1931,10,2721,72,6265,2145687,1514734,,
2021-12-26,32102,15825,2695,13,3704,70,9343,2177789,1530559,,
2021-12-27,44976,23265,3115,22,4182,87,15859,2222765,1553824,,
2021-12-28,52914,28021,2860,12,5120,75,19954,2275679,1581845,,
2021-12-29,56540,30939,2437,7,5259,57,23179,2332219,1612784,,
2021-12-30,53322,30167,2036,17,4654,69,23391,2385541,1642951,,
2021-12-31,39469,20031,1740,9,4086,61,14135,2425010,1662982,,
2022-01-01,26927,11159,1756,11,2627,69,6696,2451937,1674141,,
2022-01-02,33126,15661,1962,12,4582,76,9029,2485063,1689802,,
2022-01-03,45213,21255,2338,19,6931,90,11877,2530276,1711057,,
2022-01-04,44343,21294,2118,10,6962,87,12117,2574619,1732351,,
2022-01-05,39306,20389,1902,10,7165,88,11224,2613925,1752740,,
2022-01-06,32180,18416,1841,7,6823,80,9665,2646105,1771156,,
2022-01-07,29354,17971,1877,11,7046,61,8976,2675459,1789127,,
2022-01-08,21611,13288,1599,7,4805,63,6814,2697070,1802415,,
2022-01-09,21304,13282,1765,7,4677,76,6757,2718374,1815697,,
2022-01-10,30310,19052,2169,16,7383,68,9416,2748684,1834749,,
2022-01-11,27594,16732,2123,14,6647,65,7883,2776278,1851481,,
2022-01-12,25485,15736,2046,6,6642,54,6988,2801763,1867217,,
2022-01-13,22898,14192,1991,5,5900,59,6237,2824661,1881409,,
2022-01-14,21844,13243,2025,6,5343,54,5815,2846505,1894652,,
2022-01-15,16569,9740,1721,4,3504,63,4448,2863074,1904392,,
2022-01-16,15521,9279,1771,2,3557,64,3885,2878595,1913671,,
2022-01-17,19453,10645,2201,6,4546,56,3836,2898048,1924316,,
2022-01-18,19584,10960,2107,13,3703,49,5088,2917632,1935276,,
2022-01-19,18393,10239,1985,5,3512,50,4687,2936025,1945515,,
2022-01-20,16703,9232,1865,4,3328,41,3994,2952728,1954747,,
2022-01-21,15907,8718,1747,2,3082,48,3839,2968635,1963465,,
2022-01-22,12659,7472,1618,3,2824,45,2982,2981294,1970937,,
2022-01-23,12112,7013,1555,5,2795,39,2619,2993406,1977950,,
2022-01-24,17184,9494,1981,5,3565,50,3893,3010590,1987444,,
2022-01-25,15383,8354,1822,3,3262,45,3222,3025973,1995798,,
2022-01-26,14433,7707,1811,1,2957,45,2893,3040406,2003505,,
2022-01-27,13398,6839,1505,5,2709,46,2574,3053804,2010344,,
2022-01-28,12450,6606,1445,4,2705,33,2419,3066254,2016950,,
2022-01-29,9357,5314,1252,3,2120,47,1892,3075611,2022264,,
2022-01-30,9590,5347,1340,3,2153,39,1812,3085201,2027611,,
2022-01-31,13902,7196,1652,3,2921,35,2585,3099103,2034807,,
2022-02-01,12573,6546,1571,2,2535,28,2410,3111676,2041353,,
2022-02-02,11342,5822,1437,1,2266,36,2082,3123018,2047175,,
2022-02-03,10138,5100,1284,4,1960,24,1828,3133156,2052275,,
2022-02-04,9496,4972,1177,1,1892,24,1878,3142652,2057247,,
2022-02-05,7610,4208,1115,2,1660,23,1408,3150262,2061455,,
2022-02-06,7569,4065,1079,4,1506,22,1454,3157831,2065520,,
2022-02-07,10544,5193,1386,4,1869,25,1909,3168375,2070713,,
2022-02-08,8990,4411,1132,2,1546,23,1708,3177365,2075124,,
2022-02-09,8280,3985,1102,2,1429,19,1433,3185645,2079109,,
2022-02-10,7520,3674,945,3,1333,15,1378,3193165,2082783,,
2022-02-11,6896,3461,868,2,1232,17,1342,3200061,2086244,,
2022-02-12,5363,2930,770,3,1145,19,993,3205424,2089174,,
2022-02-13,5529,3113,861,1,1153,19,1079,3210953,2092287,,
2022-02-14,7290,3820,1070,3,1368,16,1363,3218243,2096107,,
2022-02-15,6690,3462,980,0,1237,12,1233,3224933,2099569,,
2022-02-16,6657,3471,1071,0,1103,13,1284,3231590,2103040,,
2022-02-17,5606,2889,850,1,944,15,1079,3237196,2105929,,
2022-02-18,5459,2886,830,0,1007,10,1039,3242655,2108815,,
2022-02-19,4434,2397,670,0,831,8,888,3247089,2111212,,
2022-02-20,4527,2520,722,3,819,11,965,3251616,2113732,,
2022-02-21,5800,2868,784,2,942,11,1129,3257416,2116600,,
2022-02-22,6407,3438,1003,0,1073,9,1353,3263823,2120038,,
2022-02-23,5984,2981,910,0,914,13,1144,3269807,2123019,,
2022-02-24,5206,2634,854,2,820,8,950,3275013,2125653,,
2022-02-25,4916,2668,839,1,845,9,974,3279929,2128321,,
2022-02-26,3959,2209,597,1,751,15,845,3283888,2130530,,
2022-02-27,4368,2416,692,3,839,10,872,3288256,2132946,,
2022-02-28,6125,3168,1016,0,1003,12,1137,3294381,2136114,,
2022-03-01,5641,3054,1013,0,988,8,1045,3300022,2139168,,
2022-03-02,5494,2646,812,4,900,4,926,3305516,2141814,,
2022-03-03,4850,2403,836,1,833,11,722,3310366,2144217,,
2022-03-04,5022,2419,894,3,926,7,589,3315388,2146636,,
2022-03-05,4437,2388,866,0,1058,7,457,3319825,2149024,,
2022-03-06,4328,2433,962,3,1014,8,446,3324153,2151457,,
2022-03-07,6340,3271,1298,1,1325,14,633,3330493,2154728,,
2022-03-08,5961,3014,1120,2,1314,8,570,3336454,2157742,,
2022-03-09,5329,2678,1014,1,1102,5,556,3341783,2160420,,
2022-03-10,4976,2320,813,0,993,5,509,3346759,2162740,,
2022-03-11,4782,2419,834,3,1048,3,531,3351541,2165159,,
2022-03-12,3794,1981,675,0,920,6,380,3355335,2167140,,
2022-03-13,4089,2170,779,1,1023,4,363,3359424,2169310,,
2022-03-14,6425,3000,944,0,1416,4,636,3365849,2172310,,
2022-03-15,5758,2620,862,4,1251,6,497,3371607,2174930,,
2022-03-16,5841,2688,985,0,1128,3,572,3377448,2177618,,
2022-03-17,5210,2337,746,1,1111,1,478,3382658,2179955,,
2022-03-18,5203,2574,804,2,1235,9,524,3387861,2182529,,
2022-03-19,4263,2432,799,1,1237,9,386,3392124,2184961,,
2022-03-20,4990,2771,902,1,1401,5,462,3397114,2187732,,
2022-03-21,7647,3672,1137,1,1797,8,729,3404761,2191404,,
2022-03-22,7629,3848,1379,1,1726,5,737,3412390,2195252,,
2022-03-23,6955,3220,1092,0,1485,6,637,3419345,2198472,,
2022-03-24,6201,2969,881,1,1447,3,637,3425546,2201441,,
2022-03-25,7127,3531,1243,1,1560,7,720,3432673,2204972,,
2022-03-26,5964,3081,1116,0,1424,5,536,3438637,2208053,,
2022-03-27,6472,3369,1176,1,1582,8,602,3445109,2211422,,
2022-03-28,9806,4840,1733,3,2129,3,972,3454915,2216262,,
2022-03-29,9247,4701,1699,1,2034,8,959,3464162,2220963,,
2022-03-30,9067,4232,1449,2,1786,5,990,3473229,2225195,,
2022-03-31,8535,4075,1341,1,1597,7,1129,3481764,2229270,,
2022-04-01,8645,4364,1367,2,1819,11,1165,3490409,2233634,,
2022-04-02,6862,3681,1196,1,1519,8,957,3497271,2237315,,
2022-04-03,7796,4052,1335,0,1659,11,1047,3505067,2241367,,
2022-04-04,11004,5507,1747,1,2102,10,1647,3516071,2246874,,
2022-04-05,10354,5129,1589,2,2006,14,1518,3526425,2252003,,
2022-04-06,9821,4840,1462,3,1834,8,1533,3536246,2256843,,
2022-04-07,9041,4546,1432,1,1657,7,1449,3545287,2261389,,
2022-04-08,8880,4655,1405,3,1688,14,1545,3554167,2266044,,
2022-04-09,6785,3847,1175,2,1637,10,1023,3560952,2269891,,
2022-04-10,6529,4127,1218,0,1778,6,1125,3567481,2274018,,
2022-04-11,7436,5435,1455,1,2113,19,1847,3574917,2279453,,
2022-04-12,6560,4946,1392,1,2014,8,1531,3581477,2284399,,
2022-04-13,6033,4521,1246,1,1817,12,1445,3587510,2288920,,
2022-04-14,5652,4301,1159,2,1680,9,1451,3593162,2293221,,
2022-04-15,4485,3540,900,1,1541,10,1088,3597647,2296761,,
2022-04-16,4548,3614,1049,1,1501,24,1039,3602195,2300375,,
2022-04-17,4585,3834,1077,1,1643,13,1100,3606780,2304209,,
2022-04-18,5961,4885,1384,3,1897,11,1590,3612741,2309094,,
2022-04-19,6342,5032,1351,4,1952,15,1710,3619083,2314126,,
2022-04-20,5572,4351,1207,0,1615,14,1515,3624655,2318477,,
2022-04-21,5225,3948,1084,3,1456,10,1395,3629880,2322425,,
2022-04-22,4850,3817,1051,1,1446,10,1309,3634730,2326242,,
2022-04-23,3729,3039,755,0,1278,8,998,3638459,2329281,,
2022-04-24,3845,3116,818,0,1312,11,975,3642304,2332397,,
2022-04-25,5552,4374,1220,1,1680,22,1451,3647856,2336771,,
2022-04-26,4933,3877,1053,2,1605,17,1200,3652789,2340648,,
2022-04-27,4360,3418,905,1,1427,18,1067,3657149,2344066,,
2022-04-28,4081,3177,913,0,1305,17,942,3661230,2347243,,
2022-04-29,3678,2884,797,3,1133,6,945,3664908,2350127,,
2022-04-30,2926,2338,691,1,1099,11,536,3667834,2352465,,
2022-05-01,3291,2718,784,0,1258,9,667,3671125,2355183,,
2022-05-02,4473,3443,922,0,1462,10,1049,3675598,2358626,,
2022-05-03,3936,3075,848,0,1348,10,869,3679534,2361701,,
2022-05-04,3596,2678,714,2,1156,13,793,3683130,2364379,,
2022-05-05,3267,2477,680,0,1041,9,747,3686397,2366856,,
2022-05-06,3097,2370,643,0,1020,16,691,3689494,2369226,,
2022-05-07,2387,1913,533,0,917,7,456,3691881,2371139,,
2022-05-08,2468,1987,540,1,951,13,482,3694349,2373126,,
2022-05-09,3518,2715,703,1,1189,8,814,3697867,2375841,,
2022-05-10,3080,2404,606,0,1099,22,677,3700947,2378245,,
2022-05-11,2966,2259,585,3,965,11,695,3703913,2380504,,
2022-05-12,2617,1950,516,2,831,6,595,3706530,2382454,,
2022-05-13,2629,2032,516,0,890,9,617,3709159,2384486,,
2022-05-14,1936,1537,416,0,690,3,428,3711095,2386023,,
2022-05-15,1953,1527,397,0,693,1,436,3713048,2387550,,
2022-05-16,2848,2023,528,0,831,12,652,3715896,2389573,,
2022-05-17,2285,1643,385,0,718,8,532,3718181,2391216,,
2022-05-18,2133,1494,339,0,636,8,511,3720314,2392710,,
2022-05-19,1826,1275,291,1,515,9,459,3722140,2393985,,
2022-05-20,1746,1212,239,0,478,6,489,3723886,2395197,,
2022-05-21,1415,1032,227,2,413,2,388,3725301,2396229,,
2022-05-22,1326,1030,225,1,438,8,358,3726627,2397259,,
2022-05-23,1558,1163,209,0,499,9,446,3728185,2398422,,
2022-05-24,1839,1319,233,1,428,3,654,3730024,2399741,,
2022-05-25,1740,1304,178,0,387,5,734,3731764,2401045,,
2022-05-26,1514,1108,191,0,319,4,594,3733278,2402153,,
2022-05-27,1441,1049,168,0,336,5,540,3734719,2403202,,
2022-05-28,1110,832,161,0,264,7,400,3735829,2404034,,
2022-05-29,1210,945,155,1,330,4,455,3737039,2404979,,
2022-05-30,1644,1212,175,0,388,6,643,3738683,2406191,,
2022-05-31,1446,1081,179,0,327,5,570,3740129,2407272,,
2022-06-01,1370,1018,173,0,302,5,538,3741499,2408290,,
2022-06-02,1149,834,140,0,213,0,481,3742648,2409124,,
2022-06-03,1064,804,143,0,197,3,461,3743712,2409928,,
2022-06-04,696,572,72,0,136,1,363,3744408,2410500,,
2022-06-05,561,490,62,0,107,1,320,3744969,2410990,,
2022-06-06,665,590,57,0,67,0,466,3745634,2411580,,
2022-06-07,369,363,20,0,18,0,325,3746003,2411943,,
2022-06-08,19,19,3,0,0,0,16,3746022,2411962,,