date,new,NTotal_ExposureOnly,domestic-contactWithCase,domestic-contactWithTraveller,domestic-unknown,internationalTravel,infopending,cumulative,cumulativeNTotal_ExposureOnly,doubleFlagTest,shaded
2020-01-15,2,1,0,0,0,1,0,2,1,1,14
2020-01-16,5,3,1,0,2,0,0,7,4,1,
2020-01-17,3,1,0,0,0,1,0,10,5,0,
2020-01-18,1,0,0,0,0,0,0,11,5,0,
2020-01-19,0,0,0,0,0,0,0,11,5,0,
2020-01-20,1,0,0,0,0,0,0,12,5,0,
2020-01-21,4,0,0,0,0,0,0,16,5,1,
2020-01-22,6,4,1,0,1,2,0,22,9,0,
2020-01-23,0,0,0,0,0,0,0,22,9,0,
2020-01-24,3,2,0,0,0,2,0,25,11,0,
2020-01-25,4,2,1,0,1,0,0,29,13,0,
2020-01-26,2,1,1,0,0,0,0,31,14,0,
2020-01-27,8,3,2,0,1,0,0,39,17,1,
2020-01-28,7,2,1,0,0,1,0,46,19,0,
2020-01-29,3,1,0,0,0,0,1,49,20,0,
2020-01-30,4,1,1,0,0,0,0,53,21,0,
2020-01-31,2,1,0,0,1,0,0,55,22,0,
2020-02-01,7,5,3,0,1,1,0,62,27,0,
2020-02-02,3,2,0,0,1,1,0,65,29,0,
2020-02-03,2,1,0,0,1,0,0,67,30,0,
2020-02-04,2,2,0,0,2,0,0,69,32,0,
2020-02-05,3,3,1,0,1,1,0,72,35,0,
2020-02-06,0,0,0,0,0,0,0,72,35,0,
2020-02-07,0,0,0,0,0,0,0,72,35,0,
2020-02-08,2,0,0,0,0,0,0,74,35,0,
2020-02-09,1,1,0,0,0,1,0,75,36,0,
2020-02-10,2,2,0,0,1,1,0,77,38,0,
2020-02-11,2,1,0,0,1,0,0,79,39,1,
2020-02-12,4,3,2,0,1,0,0,83,42,0,
2020-02-13,1,1,0,0,0,1,0,84,43,0,
2020-02-14,6,5,0,0,3,2,0,90,48,0,
2020-02-15,3,2,1,0,0,1,0,93,50,0,
2020-02-16,1,1,0,0,0,1,0,94,51,0,
2020-02-17,2,2,1,0,0,1,0,96,53,0,
2020-02-18,2,2,2,0,0,0,0,98,55,0,
2020-02-19,4,4,2,0,1,1,0,102,59,0,
2020-02-20,9,9,3,1,3,2,0,111,68,0,
2020-02-21,3,3,0,0,1,2,0,114,71,0,
2020-02-22,8,8,2,0,3,3,0,122,79,0,
2020-02-23,22,22,11,0,3,7,1,144,101,0,
2020-02-24,15,14,3,0,2,9,0,159,115,1,
2020-02-25,16,16,4,0,2,10,0,175,131,0,
2020-02-26,14,13,6,1,4,2,0,189,144,0,
2020-02-27,27,26,12,0,7,7,0,216,170,0,
2020-02-28,39,37,17,0,6,14,0,255,207,0,
2020-02-29,27,27,8,0,7,12,0,282,234,0,
2020-03-01,60,59,12,0,26,20,1,342,293,1,
2020-03-02,56,56,8,0,18,30,0,398,349,0,
2020-03-03,55,55,15,0,12,28,0,453,404,0,
2020-03-04,62,58,13,1,14,30,0,515,462,0,
2020-03-05,67,67,12,1,23,31,0,582,529,0,
2020-03-06,86,85,17,2,26,40,0,668,614,0,
2020-03-07,91,91,14,3,30,44,0,759,705,1,
2020-03-08,135,134,27,2,45,60,0,894,839,0,
2020-03-09,224,223,44,10,79,90,0,1118,1062,0,
2020-03-10,258,255,56,9,72,118,0,1376,1317,0,
2020-03-11,296,296,74,11,85,125,1,1672,1613,1,
2020-03-12,391,389,92,9,128,159,1,2063,2002,0,
2020-03-13,466,459,124,8,151,174,2,2529,2461,0,
2020-03-14,468,466,98,15,168,183,2,2997,2927,0,
2020-03-15,608,601,152,10,212,225,2,3605,3528,1,
2020-03-16,848,839,254,11,308,265,1,4453,4367,0,
2020-03-17,876,865,260,16,320,264,5,5329,5232,0,
2020-03-18,976,965,283,19,356,303,4,6305,6197,0,
2020-03-19,813,802,253,13,298,235,3,7118,6999,0,
2020-03-20,1067,1055,362,21,424,239,9,8185,8054,1,
2020-03-21,914,895,320,8,326,237,4,9099,8949,0,
2020-03-22,876,860,320,13,340,185,2,9975,9809,0,
2020-03-23,1103,1080,464,16,418,173,9,11078,10889,0,
2020-03-24,1000,986,397,21,391,173,4,12078,11875,0,
2020-03-25,1016,993,450,13,414,108,8,13094,12868,0,
2020-03-26,948,929,449,12,342,117,9,14042,13797,0,
2020-03-27,973,959,483,8,372,84,12,15015,14756,0,
2020-03-28,978,966,472,9,390,84,11,15993,15722,0,
2020-03-29,892,880,462,7,355,50,6,16885,16602,1,
2020-03-30,1189,1173,584,10,489,77,13,18074,17775,0,
2020-03-31,1013,1001,560,3,357,68,13,19087,18776,0,
2020-04-01,1329,1315,756,12,454,84,9,20416,20091,0,
2020-04-02,1196,1188,749,11,374,46,8,21612,21279,0,
2020-04-03,1339,1328,887,6,374,53,8,22951,22607,0,
2020-04-04,1175,1170,745,9,371,28,17,24126,23777,0,
2020-04-05,1080,1074,680,5,368,13,8,25206,24851,0,
2020-04-06,1444,1437,884,11,515,14,13,26650,26288,0,
2020-04-07,1313,1304,793,13,469,16,13,27963,27592,0,
2020-04-08,1410,1403,884,10,489,6,14,29373,28995,0,
2020-04-09,1510,1505,968,14,495,4,24,30883,30500,0,
2020-04-10,1814,1806,1136,19,621,6,24,32697,32306,0,
2020-04-11,1714,1710,971,11,685,4,39,34411,34016,1,
2020-04-12,1448,1445,886,16,509,7,27,35859,35461,0,
2020-04-13,2131,2128,1168,33,889,6,32,37990,37589,0,
2020-04-14,1826,1819,1094,21,669,2,33,39816,39408,0,
2020-04-15,1961,1954,1231,22,672,4,25,41777,41362,0,
2020-04-16,1968,1959,1104,19,780,1,55,43745,43321,0,
2020-04-17,1864,1858,1104,17,699,3,35,45609,45179,0,
2020-04-18,1621,1615,1041,20,524,3,27,47230,46794,0,
2020-04-19,1233,1227,743,15,454,4,11,48463,48021,0,
2020-04-20,1847,1842,1081,10,714,2,35,50310,49863,0,
2020-04-21,1415,1411,841,13,522,6,29,51725,51274,0,
2020-04-22,1575,1567,911,13,612,1,30,53300,52841,0,
2020-04-23,1587,1573,917,18,602,5,31,54887,54414,0,
2020-04-24,1542,1534,931,11,547,2,43,56429,55948,0,
2020-04-25,1406,1398,823,14,474,5,82,57835,57346,0,
2020-04-26,1319,1313,789,13,464,4,43,59154,58659,0,
2020-04-27,1659,1645,951,12,637,5,40,60813,60304,0,
2020-04-28,1539,1525,925,18,554,6,22,62352,61829,0,
2020-04-29,1480,1473,806,4,647,2,14,63832,63302,0,
2020-04-30,1474,1465,829,4,612,3,17,65306,64767,0,
2020-05-01,1598,1582,895,8,656,4,19,66904,66349,0,
2020-05-02,1074,1068,657,8,385,0,18,67978,67417,0,
2020-05-03,1026,1022,621,6,380,5,10,69004,68439,1,
2020-05-04,1367,1357,775,6,553,2,21,70371,69796,0,
2020-05-05,1302,1295,728,6,534,1,26,71673,71091,0,
2020-05-06,1128,1124,661,8,435,2,18,72801,72215,0,
2020-05-07,1181,1173,712,4,432,6,19,73982,73388,0,
2020-05-08,1185,1178,701,7,454,1,15,75167,74566,0,
2020-05-09,1026,1018,634,8,354,4,18,76193,75584,0,
2020-05-10,922,917,543,7,351,5,11,77115,76501,0,
2020-05-11,1229,1224,729,8,450,7,30,78344,77725,0,
2020-05-12,1167,1156,718,2,410,6,20,79511,78881,0,
2020-05-13,1110,1098,650,3,426,3,16,80621,79979,0,
2020-05-14,1163,1160,686,3,452,5,14,81784,81139,0,
2020-05-15,1219,1213,711,0,477,11,14,83003,82352,0,
2020-05-16,996,993,601,2,375,2,13,83999,83345,0,
2020-05-17,911,900,537,2,342,8,11,84910,84245,0,
2020-05-18,1099,1082,618,2,450,5,7,86009,85327,0,
2020-05-19,967,959,582,3,362,4,8,86976,86286,0,
2020-05-20,1128,1113,654,2,445,1,11,88104,87399,0,
2020-05-21,884,871,547,2,305,6,11,88988,88270,0,
2020-05-22,848,832,513,0,312,5,2,89836,89102,0,
2020-05-23,704,688,443,1,234,4,6,90540,89790,0,
2020-05-24,653,644,401,0,228,4,11,91193,90434,0,
2020-05-25,861,844,508,3,312,4,17,92054,91278,0,
2020-05-26,746,729,459,1,256,7,6,92800,92007,0,
2020-05-27,719,701,423,2,264,2,10,93519,92708,0,
2020-05-28,598,581,362,2,204,2,11,94117,93289,0,
2020-05-29,737,728,444,0,276,3,5,94854,94017,0,
2020-05-30,563,554,397,2,152,1,2,95417,94571,0,
2020-05-31,407,397,258,0,130,3,6,95824,94968,0,
2020-06-01,689,679,395,6,249,6,23,96513,95647,0,
2020-06-02,500,485,320,1,155,5,4,97013,96132,0,
2020-06-03,495,487,322,4,149,4,8,97508,96619,0,
2020-06-04,466,452,265,1,169,11,6,97974,97071,0,
2020-06-05,451,437,312,0,119,3,3,98425,97508,0,
2020-06-06,374,366,234,1,124,4,3,98799,97874,0,
2020-06-07,312,303,213,1,83,1,5,99111,98177,0,
2020-06-08,439,423,288,6,114,10,5,99550,98600,0,
2020-06-09,374,366,244,3,110,4,5,99924,98966,0,
2020-06-10,443,435,259,5,152,10,9,100367,99401,0,
2020-06-11,376,360,242,3,107,5,3,100743,99761,0,
2020-06-12,376,370,224,5,132,6,3,101119,100131,0,
2020-06-13,277,271,181,1,83,5,1,101396,100402,0,
2020-06-14,301,293,186,0,95,9,3,101697,100695,0,
2020-06-15,400,392,243,4,134,7,4,102097,101087,0,
2020-06-16,373,357,234,2,106,10,5,102470,101444,0,
2020-06-17,366,356,229,0,117,6,4,102836,101800,0,
2020-06-18,331,317,198,1,110,4,4,103167,102117,0,
2020-06-19,337,334,231,0,88,11,4,103504,102451,0,
2020-06-20,287,279,186,0,84,8,1,103791,102730,0,
2020-06-21,271,268,176,0,85,4,3,104062,102998,0,
2020-06-22,326,317,211,2,96,4,4,104388,103315,0,
2020-06-23,330,325,219,2,91,6,7,104718,103640,0,
2020-06-24,289,285,183,2,87,9,4,105007,103925,0,
2020-06-25,472,461,326,2,122,5,6,105479,104386,0,
2020-06-26,281,270,170,0,83,11,6,105760,104656,0,
2020-06-27,254,247,165,1,71,7,3,106014,104903,0,
2020-06-28,240,234,135,1,88,9,1,106254,105137,0,
2020-06-29,336,327,198,2,107,10,10,106590,105464,0,
2020-06-30,314,299,197,4,93,2,3,106904,105763,0,
2020-07-01,286,274,177,8,83,5,1,107190,106037,0,
2020-07-02,268,258,161,1,83,6,7,107458,106295,0,
2020-07-03,312,294,185,2,91,13,3,107770,106589,0,
2020-07-04,298,281,173,3,94,10,1,108068,106870,0,
2020-07-05,273,268,177,3,81,6,1,108341,107138,0,
2020-07-06,516,491,268,2,176,17,28,108857,107629,0,
2020-07-07,527,506,263,6,208,19,10,109384,108135,0,
2020-07-08,448,419,279,4,121,10,5,109832,108554,0,
2020-07-09,457,431,268,3,139,12,9,110289,108985,0,
2020-07-10,416,389,258,5,107,14,5,110705,109374,0,
2020-07-11,387,373,228,3,128,12,2,111092,109747,0,
2020-07-12,400,381,236,3,134,6,2,111492,110128,0,
2020-07-13,607,570,358,12,185,12,3,112099,110698,0,
2020-07-14,551,504,299,4,181,13,7,112650,111202,0,
2020-07-15,575,519,311,3,174,16,15,113225,111721,0,
2020-07-16,468,419,259,4,136,17,3,113693,112140,0,
2020-07-17,515,463,272,6,167,7,11,114208,112603,0,
2020-07-18,413,381,228,2,137,7,7,114621,112984,0,
2020-07-19,398,357,202,4,138,11,2,115019,113341,0,
2020-07-20,535,473,264,6,184,14,5,115554,113814,0,
2020-07-21,529,469,267,10,181,6,5,116083,114283,0,
2020-07-22,453,381,181,6,180,10,4,116536,114664,0,
2020-07-23,456,355,175,3,164,7,6,116992,115019,0,
2020-07-24,465,376,180,7,177,5,7,117457,115395,0,
2020-07-25,315,232,108,4,111,6,3,117772,115627,0,
2020-07-26,341,220,102,6,100,10,2,118113,115847,0,
2020-07-27,487,329,176,3,131,14,5,118600,116176,0,
2020-07-28,425,285,155,1,111,14,4,119025,116461,0,
2020-07-29,408,246,138,2,99,3,4,119433,116707,0,
2020-07-30,345,213,109,1,87,6,10,119778,116920,0,
2020-07-31,346,220,120,0,85,10,5,120124,117140,0,
2020-08-01,344,208,113,8,62,17,8,120468,117348,0,
2020-08-02,338,197,124,6,59,6,2,120806,117545,0,
2020-08-03,445,273,162,2,98,10,1,121251,117818,0,
2020-08-04,451,313,186,0,100,20,7,121702,118131,0,
2020-08-05,385,277,171,9,87,8,2,122087,118408,0,
2020-08-06,352,249,160,4,72,7,6,122439,118657,0,
2020-08-07,392,301,189,2,92,6,12,122831,118958,0,
2020-08-08,334,237,151,4,76,2,4,123165,119195,0,
2020-08-09,325,254,149,7,87,8,3,123490,119449,0,
2020-08-10,479,365,215,8,124,12,6,123969,119814,0,
2020-08-11,478,359,220,5,122,11,1,124447,120173,0,
2020-08-12,412,322,211,11,86,11,3,124859,120495,0,
2020-08-13,429,350,223,8,107,10,2,125288,120845,0,
2020-08-14,382,303,176,7,108,9,3,125670,121148,0,
2020-08-15,370,302,171,7,111,7,6,126040,121450,0,
2020-08-16,381,291,166,14,104,4,3,126421,121741,0,
2020-08-17,552,415,264,11,126,7,7,126973,122156,0,
2020-08-18,434,348,205,4,123,4,12,127407,122504,0,
2020-08-19,459,352,208,9,120,5,10,127866,122856,0,
2020-08-20,454,353,223,5,108,4,13,128320,123209,0,
2020-08-21,428,334,207,9,104,5,9,128748,123543,0,
2020-08-22,398,333,225,7,93,5,3,129146,123876,0,
2020-08-23,409,316,203,3,103,6,1,129555,124192,0,
2020-08-24,585,433,265,15,137,7,9,130140,124625,0,
2020-08-25,620,451,291,12,137,10,1,130760,125076,0,
2020-08-26,623,454,287,13,144,5,5,131383,125530,0,
2020-08-27,496,364,231,11,109,3,10,131879,125894,0,
2020-08-28,564,414,262,11,126,6,9,132443,126308,0,
2020-08-29,457,327,207,10,87,5,18,132900,126635,0,
2020-08-30,560,397,242,4,127,7,17,133460,127032,0,
2020-08-31,653,429,260,11,133,9,16,134113,127461,0,
2020-09-01,755,513,301,18,162,7,25,134868,127974,0,
2020-09-02,791,530,333,12,153,8,24,135659,128504,0,
2020-09-03,670,455,267,5,164,4,15,136329,128959,0,
2020-09-04,727,479,287,9,158,10,15,137056,129438,0,
2020-09-05,675,414,254,9,125,9,17,137731,129852,0,
2020-09-06,694,421,270,4,134,8,5,138425,130273,1,
2020-09-07,802,487,298,8,159,9,13,139227,130760,0,
2020-09-08,974,610,352,14,218,10,16,140201,131370,0,
2020-09-09,1024,626,374,12,216,4,20,141225,131996,0,
2020-09-10,1023,650,378,6,226,9,31,142248,132646,0,
2020-09-11,982,639,358,10,247,9,15,143230,133285,0,
2020-09-12,987,652,389,8,234,3,18,144217,133937,0,
2020-09-13,977,611,344,8,241,6,12,145194,134548,0,
2020-09-14,1276,800,477,14,275,7,27,146470,135348,0,
2020-09-15,1330,797,445,10,304,3,35,147800,136145,0,
2020-09-16,1375,815,493,22,271,4,25,149175,136960,0,
2020-09-17,1344,770,478,21,237,7,27,150519,137730,0,
2020-09-18,1431,802,516,8,241,1,36,151950,138532,0,
2020-09-19,1247,700,389,18,269,6,18,153197,139232,0,
2020-09-20,1371,759,418,12,283,9,37,154568,139991,0,
2020-09-21,1839,1009,558,15,375,5,56,156407,141000,0,
2020-09-22,1882,960,522,13,366,8,51,158289,141960,0,
2020-09-23,1944,1003,555,13,343,2,90,160233,142963,0,
2020-09-24,1969,981,522,10,355,2,92,162202,143944,0,
2020-09-25,2068,1059,563,19,371,9,97,164270,145003,0,
2020-09-26,1892,946,501,7,337,4,97,166162,145949,0,
2020-09-27,1979,963,475,10,351,6,121,168141,146912,0,
2020-09-28,2500,1198,624,15,423,3,133,170641,148110,0,
2020-09-29,2278,1124,550,23,405,3,143,172919,149234,0,
2020-09-30,2270,1120,559,15,434,1,111,175189,150354,0,
2020-10-01,2178,1104,579,9,412,9,95,177367,151458,0,
2020-10-02,2146,1076,544,16,403,9,104,179513,152534,0,
2020-10-03,1840,939,473,18,350,10,88,181353,153473,0,
2020-10-04,1863,920,509,14,315,4,78,183216,154393,0,
2020-10-05,2482,1263,674,19,455,5,110,185698,155656,0,
2020-10-06,2337,1263,677,31,422,10,123,188035,156919,0,
2020-10-07,2297,1260,687,20,436,9,108,190332,158179,0,
2020-10-08,2261,1192,657,14,405,10,106,192593,159371,0,
2020-10-09,2311,1247,653,18,457,7,112,194904,160618,0,
2020-10-10,2180,1339,682,17,552,7,81,197084,161957,0,
2020-10-11,1926,1117,605,17,396,5,94,199010,163074,0,
2020-10-12,2344,1339,716,19,501,8,95,201354,164413,0,
2020-10-13,2587,1522,866,22,518,9,107,203941,165935,0,
2020-10-14,2524,1522,879,26,509,7,101,206465,167457,0,
2020-10-15,2585,1421,845,24,443,10,99,209050,168878,0,
2020-10-16,2663,1596,893,19,575,4,105,211713,170474,0,
2020-10-17,2313,1386,819,25,431,6,105,214026,171860,0,
2020-10-18,2239,1379,805,12,459,12,91,216265,173239,0,
2020-10-19,2984,1890,1125,22,613,7,123,219249,175129,0,
2020-10-20,2833,1854,1097,27,569,9,152,222082,176983,0,
2020-10-21,2803,1743,1010,32,542,9,150,224885,178726,0,
2020-10-22,2799,1798,1089,21,559,2,127,227684,180524,0,
2020-10-23,2824,1811,1040,30,600,7,134,230508,182335,0,
2020-10-24,2642,1758,1033,33,530,10,152,233150,184093,0,
2020-10-25,2649,1684,1024,32,506,7,115,235799,185777,0,
2020-10-26,3390,2170,1260,22,684,11,193,239189,187947,0,
2020-10-27,3361,2216,1341,36,667,9,163,242550,190163,0,
2020-10-28,3631,2422,1414,36,765,9,198,246181,192585,0,
2020-10-29,3111,1991,1241,32,589,7,122,249292,194576,0,
2020-10-30,3540,2352,1331,43,814,9,155,252832,196928,0,
2020-10-31,3166,2161,1356,31,628,8,138,255998,199089,0,
2020-11-01,3457,2304,1375,33,740,8,148,259455,201393,0,
2020-11-02,4571,3041,1836,43,959,7,196,264026,204434,0,
2020-11-03,4501,3048,1785,33,938,15,277,268527,207482,0,
2020-11-04,4630,3072,1903,47,913,7,202,273157,210554,0,
2020-11-05,4542,3031,1753,34,955,8,281,277699,213585,0,
2020-11-06,4636,3088,1809,22,999,11,247,282335,216673,0,
2020-11-07,4329,2866,1537,17,1092,9,211,286664,219539,0,
2020-11-08,4034,2667,1450,13,1021,8,175,290698,222206,0,
2020-11-09,5304,3551,1825,25,1439,14,248,296002,225757,0,
2020-11-10,5150,3427,1732,18,1428,15,234,301152,229184,0,
2020-11-11,4950,3406,1814,26,1342,9,215,306102,232590,0,
2020-11-12,5079,3574,1711,18,1600,12,233,311181,236164,0,
2020-11-13,5192,3697,1777,16,1659,16,229,316373,239861,0,
2020-11-14,4541,3399,1694,10,1505,13,177,320914,243260,0,
2020-11-15,4473,3301,1630,22,1483,18,148,325387,246561,0,
2020-11-16,5631,4086,2041,17,1829,22,177,331018,250647,0,
2020-11-17,5453,3983,1903,19,1797,14,250,336471,254630,0,
2020-11-18,5666,4185,2098,26,1849,12,200,342137,258815,0,
2020-11-19,5516,3974,1866,23,1858,16,211,347653,262789,0,
2020-11-20,5543,4134,1969,30,1910,15,210,353196,266923,0,
2020-11-21,5081,3789,1825,22,1758,15,169,358277,270712,0,
2020-11-22,4854,3522,1751,25,1547,22,177,363131,274234,0,
2020-11-23,6349,4573,2255,34,2025,16,243,369480,278807,0,
2020-11-24,6247,4598,2189,29,2105,11,264,375727,283405,0,
2020-11-25,6410,4681,2185,27,2138,15,316,382137,288086,0,
2020-11-26,6116,4536,2137,29,2153,18,199,388253,292622,0,
2020-11-27,6262,4526,2091,34,2164,19,218,394515,297148,0,
2020-11-28,5602,4078,2004,23,1755,15,281,400117,301226,0,
2020-11-29,5417,3847,1719,31,1848,16,233,405534,305073,0,
2020-11-30,6919,4912,2302,37,2279,21,273,412453,309985,0,
2020-12-01,6796,4808,2341,20,2181,7,259,419249,314793,0,
2020-12-02,6714,4799,2140,36,2347,14,262,425963,319592,0,
2020-12-03,6711,4695,2193,32,2159,18,293,432674,324287,0,
2020-12-04,6812,4801,2203,39,2273,10,276,439486,329088,0,
2020-12-05,5843,4078,1840,38,1938,11,251,445329,333166,0,
2020-12-06,5821,3993,1918,33,1750,31,261,451150,337159,0,
2020-12-07,7665,5290,2519,47,2351,27,346,458815,342449,0,
2020-12-08,7192,4881,2270,37,2194,17,363,466007,347330,0,
2020-12-09,6926,4727,2222,30,2079,19,377,472933,352057,0,
2020-12-10,6870,4631,2105,45,2108,24,349,479803,356688,0,
2020-12-11,6852,4685,2125,48,2133,22,357,486655,361373,0,
2020-12-12,6182,4064,1875,42,1803,24,320,492837,365437,0,
2020-12-13,5538,3643,1738,25,1581,16,283,498375,369080,0,
2020-12-14,7697,5045,2310,36,2198,29,472,506072,374125,0,
2020-12-15,7228,4763,2136,33,2146,17,431,513300,378888,0,
2020-12-16,6899,4544,2103,45,1954,10,432,520199,383432,0,
2020-12-17,6669,4310,1899,34,1926,30,421,526868,387742,0,
2020-12-18,6932,4523,2025,53,1992,20,433,533800,392265,0,
2020-12-19,5920,3724,1781,41,1579,17,306,539720,395989,0,
2020-12-20,5916,3759,1843,29,1563,20,304,545636,399748,0,
2020-12-21,7580,4690,2227,41,1932,16,474,553216,404438,0,
2020-12-22,7152,4387,2168,41,1730,22,426,560368,408825,0,
2020-12-23,7409,4607,2282,49,1798,30,448,567777,413432,0,
2020-12-24,6900,4409,2138,44,1800,14,413,574677,417841,0,
2020-12-25,5724,3515,1847,51,1324,15,278,580401,421356,0,
2020-12-26,7622,4979,2581,58,1966,25,349,588023,426335,0,
2020-12-27,7594,4931,2692,69,1774,20,376,595617,431266,0,
2020-12-28,8963,5763,3037,52,2190,25,459,604580,437029,0,
2020-12-29,8187,5292,2848,72,1902,16,454,612767,442321,0,
2020-12-30,7890,5015,2681,59,1767,41,467,620657,447336,0,
2020-12-31,7480,4938,2628,57,1804,16,433,628137,452274,0,
2021-01-01,7146,4478,2400,40,1646,28,364,635283,456752,0,
2021-01-02,7555,5097,2775,69,1764,44,445,642838,461849,0,
2021-01-03,7349,4749,2580,60,1667,50,392,650187,466598,0,
2021-01-04,8959,5821,3126,67,2040,31,557,659146,472419,0,
2021-01-05,7854,5131,2816,63,1716,51,485,667000,477550,0,
2021-01-06,7761,4998,2672,59,1653,53,561,674761,482548,0,
2021-01-07,6908,4443,2385,51,1475,38,494,681669,486991,0,
2021-01-08,6781,4428,2367,57,1467,41,496,688450,491419,0,
2021-01-09,5999,3873,2073,52,1301,40,407,694449,495292,0,
2021-01-10,5592,3661,1954,56,1243,29,379,700041,498953,0,
2021-01-11,6898,4588,2518,58,1473,37,502,706939,503541,0,
2021-01-12,6108,4014,2176,70,1287,29,452,713047,507555,0,
2021-01-13,6107,4024,2118,47,1341,33,485,719154,511579,0,
2021-01-14,5664,3819,2087,43,1216,28,445,724818,515398,0,
2021-01-15,6029,3893,2091,40,1330,30,402,730847,519291,0,
2021-01-16,4727,3164,1693,36,1123,20,292,735574,522455,0,
2021-01-17,4486,2974,1594,36,977,37,330,740060,525429,0,
2021-01-18,5682,3780,2014,38,1219,31,478,745742,529209,0,
2021-01-19,5237,3463,1834,46,1114,12,457,750979,532672,0,
2021-01-20,5067,3363,1840,53,1080,24,366,756046,536035,0,
2021-01-21,4793,3192,1712,28,1027,26,399,760839,539227,0,
2021-01-22,4534,3070,1681,39,1018,18,314,765373,542297,0,
2021-01-23,3954,2659,1445,43,870,14,287,769327,544956,0,
2021-01-24,3524,2349,1275,26,788,11,249,772851,547305,0,
2021-01-25,4657,3030,1634,36,948,18,394,777508,550335,0,
2021-01-26,4112,2667,1440,38,832,10,347,781620,553002,0,
2021-01-27,4217,2800,1550,28,886,15,321,785837,555802,0,
2021-01-28,3902,2500,1342,29,845,17,267,789739,558302,0,
2021-01-29,3800,2447,1312,38,851,14,232,793539,560749,0,
2021-01-30,3166,2093,1096,23,734,10,230,796705,562842,0,
2021-01-31,2882,1888,1066,23,602,18,179,799587,564730,0,
2021-02-01,4134,2707,1398,21,894,15,379,803721,567437,0,
2021-02-02,3632,2374,1299,32,778,14,251,807353,569811,0,
2021-02-03,3551,2322,1268,21,783,10,240,810904,572133,0,
2021-02-04,3344,2195,1185,26,727,14,243,814248,574328,0,
2021-02-05,3367,2210,1162,25,765,16,242,817615,576538,0,
2021-02-06,2797,1885,1059,17,670,7,132,820412,578423,0,
2021-02-07,2652,1768,998,24,596,13,137,823064,580191,0,
2021-02-08,3519,2338,1342,18,744,9,225,826583,582529,0,
2021-02-09,3240,2108,1204,27,686,13,178,829823,584637,0,
2021-02-10,3302,2249,1337,28,744,5,135,833125,586886,0,
2021-02-11,2905,1963,1196,23,602,7,135,836030,588849,0,
2021-02-12,3126,2091,1209,21,682,7,172,839156,590940,0,
2021-02-13,2679,1910,1155,17,579,4,155,841835,592850,0,
2021-02-14,2545,1733,1052,16,551,21,93,844380,594583,0,
2021-02-15,3066,2037,1240,32,631,7,127,847446,596620,0,
2021-02-16,3026,2115,1277,26,638,13,161,850472,598735,0,
2021-02-17,3112,2149,1313,29,627,8,172,853584,600884,0,
2021-02-18,3038,2126,1286,30,603,7,200,856622,603010,0,
2021-02-19,3002,2105,1252,24,658,5,166,859624,605115,0,
2021-02-20,2746,1905,1147,25,597,12,124,862370,607020,0,
2021-02-21,2535,1798,1052,14,596,10,126,864905,608818,0,
2021-02-22,3227,2227,1321,15,689,6,196,868132,611045,0,
2021-02-23,3028,2152,1312,11,669,4,156,871160,613197,0,
2021-02-24,3125,2160,1335,18,634,7,166,874285,615357,0,
2021-02-25,2851,2022,1234,15,618,4,151,877136,617379,0,
2021-02-26,2943,2099,1301,18,609,10,161,880079,619478,0,
2021-02-27,2718,2010,1230,11,600,14,155,882797,621488,0,
2021-02-28,2665,1956,1195,20,591,9,141,885462,623444,0,
2021-03-01,3532,2547,1500,19,806,8,214,888994,625991,0,
2021-03-02,3140,2292,1415,22,675,7,173,892134,628283,0,
2021-03-03,3320,2381,1479,18,712,15,157,895454,630664,0,
2021-03-04,2898,2173,1318,21,672,16,146,898352,632837,0,
2021-03-05,3232,2400,1515,21,692,4,168,901584,635237,0,
2021-03-06,2827,2115,1306,5,634,13,157,904411,637352,0,
2021-03-07,2714,2024,1212,13,660,9,130,907125,639376,0,
2021-03-08,3567,2670,1634,13,797,20,206,910692,642046,0,
2021-03-09,3379,2576,1587,24,749,11,205,914071,644622,0,
2021-03-10,3690,2803,1732,22,802,18,229,917761,647425,0,
2021-03-11,3306,2479,1524,14,720,19,202,921067,649904,0,
2021-03-12,3422,2622,1584,10,781,16,231,924489,652526,0,
2021-03-13,3179,2436,1538,10,719,10,159,927668,654962,0,
2021-03-14,3082,2288,1388,11,710,26,153,930750,657250,0,
2021-03-15,4177,3315,2012,12,1043,18,230,934927,660565,0,
2021-03-16,4035,3124,1943,11,932,13,225,938962,663689,0,
2021-03-17,4424,3530,2251,8,1033,21,217,943386,667219,0,
2021-03-18,4026,3180,2046,11,906,17,200,947412,670399,0,
2021-03-19,4379,3432,2090,12,1073,20,237,951791,673831,0,
2021-03-20,4200,3313,2015,11,1077,8,202,955991,677144,0,
2021-03-21,4214,3331,1981,16,1083,31,220,960205,680475,0,
2021-03-22,5360,4147,2466,19,1362,14,286,965565,684622,0,
2021-03-23,5600,4329,2505,24,1463,25,312,971165,688951,0,
2021-03-24,5645,4480,2711,21,1404,30,314,976810,693431,0,
2021-03-25,5251,4086,2418,17,1328,19,304,982061,697517,0,
2021-03-26,5690,4493,2653,22,1435,25,358,987751,702010,0,
2021-03-27,5403,4232,2501,22,1426,13,270,993154,706242,0,
2021-03-28,5455,4245,2508,16,1411,30,280,998609,710487,0,
2021-03-29,6708,5295,3106,14,1789,23,363,1005317,715782,0,
2021-03-30,6752,5263,3116,21,1744,31,351,1012069,721045,0,
2021-03-31,6835,5413,3190,30,1820,19,354,1018904,726458,0,
2021-04-01,7890,6355,3568,36,2168,18,565,1026794,732813,0,
2021-04-02,7183,5698,3358,33,1843,17,447,1033977,738511,0,
2021-04-03,7184,5660,3344,32,1748,16,520,1041161,744171,0,
2021-04-04,7414,5879,3422,29,1934,22,472,1048575,750050,0,
2021-04-05,9621,7700,4384,39,2579,35,663,1058196,757750,0,
2021-04-06,9624,7723,4452,49,2489,25,708,1067820,765473,0,
2021-04-07,9665,7771,4474,42,2512,28,715,1077485,773244,0,
2021-04-08,9026,7253,4110,38,2334,22,749,1086511,780497,0,
2021-04-09,9033,7250,3988,39,2426,42,755,1095544,787747,0,
2021-04-10,8582,7007,3882,41,2340,32,712,1104126,794754,0,
2021-04-11,7842,6341,3503,32,2154,28,624,1111968,801095,0,
2021-04-12,9313,7494,4286,40,2340,37,791,1121281,808589,0,
2021-04-13,8697,7071,4002,30,2266,29,744,1129978,815660,0,
2021-04-14,8833,7205,4054,37,2232,34,848,1138811,822865,0,
2021-04-15,8102,6689,3807,29,2051,20,782,1146913,829554,0,
2021-04-16,8329,6912,3890,23,2281,28,690,1155242,836466,0,
2021-04-17,7912,6593,3756,35,2072,26,704,1163154,843059,0,
2021-04-18,7223,6054,3396,26,1969,33,630,1170377,849113,0,
2021-04-19,8792,7343,4146,34,2335,44,784,1179169,856456,0,
2021-04-20,8307,6971,4081,27,2163,32,668,1187476,863427,0,
2021-04-21,8233,6987,4054,28,2201,56,648,1195709,870414,0,
2021-04-22,7654,6476,3748,18,2063,58,589,1203363,876890,0,
2021-04-23,8086,6911,3977,33,2145,51,705,1211449,883801,0,
2021-04-24,7296,6129,3592,21,1930,23,563,1218745,889930,0,
2021-04-25,6788,5688,3366,21,1799,34,468,1225533,895618,0,
2021-04-26,8225,6932,4044,27,2163,47,651,1233758,902550,0,
2021-04-27,7679,6477,3874,20,1937,20,626,1241437,909027,0,
2021-04-28,8164,6886,4026,26,2112,25,697,1249601,915913,0,
2021-04-29,7160,6014,3584,21,1773,12,624,1256761,921927,0,
2021-04-30,7407,6284,3669,24,1877,40,674,1264168,928211,0,
2021-05-01,7052,6052,3561,18,1947,18,508,1271220,934263,0,
2021-05-02,6155,5253,3211,27,1567,12,436,1277375,939516,0,
2021-05-03,7568,6379,3852,26,1999,20,482,1284943,945895,0,
2021-05-04,6910,5795,3612,22,1744,25,392,1291853,951690,0,
2021-05-05,6784,5755,3534,27,1784,22,388,1298637,957445,0,
2021-05-06,6193,5165,3194,11,1569,13,378,1304830,962610,0,
2021-05-07,6315,5269,3258,19,1631,22,339,1311145,967879,0,
2021-05-08,5645,4749,2938,25,1490,10,286,1316790,972628,0,
2021-05-09,5036,4237,2688,20,1310,6,213,1321826,976865,0,
2021-05-10,6352,5235,3181,26,1649,19,360,1328178,982100,0,
2021-05-11,5517,4561,2800,26,1405,7,323,1333695,986661,0,
2021-05-12,5469,4536,2816,18,1435,7,260,1339164,991197,0,
2021-05-13,4980,4111,2594,18,1251,12,236,1344144,995308,0,
2021-05-14,4928,4057,2463,11,1297,10,276,1349072,999365,0,
2021-05-15,4323,3550,2168,9,1135,11,227,1353395,1002915,0,
2021-05-16,3834,3136,1890,6,1057,11,172,1357229,1006051,0,
2021-05-17,4565,3716,2241,9,1148,13,305,1361794,1009767,0,
2021-05-18,4105,3297,1976,11,1038,7,265,1365899,1013064,0,
2021-05-19,3718,2997,1844,14,943,4,192,1369617,1016061,0,
2021-05-20,3502,2832,1709,8,868,7,240,1373119,1018893,0,
2021-05-21,3281,2650,1613,7,806,8,216,1376400,1021543,0,
2021-05-22,2662,2180,1334,8,701,4,133,1379062,1023723,0,
2021-05-23,2329,1863,1127,1,618,3,114,1381391,1025586,0,
2021-05-24,2439,1952,1186,6,641,2,117,1383830,1027538,0,
2021-05-25,2707,2164,1370,1,650,7,136,1386537,1029702,0,
2021-05-26,2433,1939,1236,7,588,4,104,1388970,1031641,0,
2021-05-27,2256,1808,1175,6,530,5,92,1391226,1033449,0,
2021-05-28,2119,1701,1104,8,496,6,87,1393345,1035150,0,
2021-05-29,1694,1348,843,1,425,6,73,1395039,1036498,0,
2021-05-30,1554,1248,813,6,372,7,50,1396593,1037746,0,
2021-05-31,1988,1591,1060,1,452,6,72,1398581,1039337,0,
2021-06-01,1859,1518,942,8,473,9,86,1400440,1040855,0,
2021-06-02,1752,1401,923,3,416,2,57,1402192,1042256,0,
2021-06-03,1517,1218,802,5,344,4,63,1403709,1043474,0,
2021-06-04,1501,1173,757,3,342,5,66,1405210,1044647,0,
2021-06-05,1234,995,648,2,296,6,43,1406444,1045642,0,
2021-06-06,1107,872,579,0,255,3,35,1407551,1046514,0,
2021-06-07,1480,1153,776,3,318,5,51,1409031,1047667,0,
2021-06-08,1226,957,600,2,292,8,55,1410257,1048624,0,
2021-06-09,1209,955,647,6,229,6,67,1411466,1049579,0,
2021-06-10,1201,928,645,6,215,9,53,1412667,1050507,0,
2021-06-11,1069,820,531,1,226,9,53,1413736,1051327,0,
2021-06-12,921,716,462,4,184,9,57,1414657,1052043,0,
2021-06-13,773,608,377,2,182,3,44,1415430,1052651,0,
2021-06-14,1064,793,519,3,221,12,38,1416494,1053444,0,
2021-06-15,929,696,477,0,186,6,27,1417423,1054140,0,
2021-06-16,867,647,435,1,160,10,41,1418290,1054787,0,
2021-06-17,737,547,369,2,144,7,25,1419027,1055334,0,
2021-06-18,743,566,371,3,145,16,31,1419770,1055900,0,
2021-06-19,584,452,266,0,142,6,38,1420354,1056352,0,
2021-06-20,582,425,255,3,134,5,28,1420936,1056777,0,
2021-06-21,719,551,332,1,164,9,45,1421655,1057328,0,
2021-06-22,687,506,309,2,147,6,42,1422342,1057834,0,
2021-06-23,682,495,316,1,143,4,31,1423024,1058329,0,
2021-06-24,599,456,275,4,132,11,34,1423623,1058785,0,
2021-06-25,560,418,262,3,113,6,34,1424183,1059203,0,
2021-06-26,486,357,212,3,112,8,22,1424669,1059560,0,
2021-06-27,452,319,184,1,99,4,31,1425121,1059879,0,
2021-06-28,573,415,243,1,122,9,40,1425694,1060294,0,
2021-06-29,505,351,174,2,117,12,46,1426199,1060645,0,
2021-06-30,501,386,216,4,109,12,45,1426700,1061031,0,
2021-07-01,431,292,167,2,92,11,20,1427131,1061323,0,
2021-07-02,450,323,172,0,103,8,40,1427581,1061646,0,
2021-07-03,445,338,182,2,116,18,20,1428026,1061984,0,
2021-07-04,422,302,160,2,114,4,22,1428448,1062286,0,
2021-07-05,539,367,214,3,118,7,25,1428987,1062653,0,
2021-07-06,512,360,212,4,116,10,18,1429499,1063013,0,
2021-07-07,453,314,173,4,109,12,16,1429952,1063327,0,
2021-07-08,378,255,140,3,86,12,14,1430330,1063582,0,
2021-07-09,392,274,135,2,99,14,24,1430722,1063856,,
2021-07-10,364,267,141,2,100,15,9,1431086,1064123,,
2021-07-11,365,250,126,0,91,18,15,1431451,1064373,,
2021-07-12,498,365,192,1,140,12,20,1431949,1064738,,
2021-07-13,450,313,160,0,118,10,25,1432399,1065051,,
2021-07-14,509,353,177,0,122,33,21,1432908,1065404,,
2021-07-15,449,306,156,1,116,16,17,1433357,1065710,,
2021-07-16,490,350,183,6,125,16,20,1433847,1066060,,
2021-07-17,427,301,155,7,116,14,9,1434274,1066361,,
2021-07-18,510,354,171,7,144,16,16,1434784,1066715,,
2021-07-19,639,465,225,4,206,16,14,1435423,1067180,,
2021-07-20,716,520,258,10,227,12,13,1436139,1067700,,
2021-07-21,699,508,240,5,234,18,11,1436838,1068208,,
2021-07-22,635,451,230,9,185,14,13,1437473,1068659,,
2021-07-23,703,524,272,4,198,16,34,1438176,1069183,,
2021-07-24,656,496,290,4,176,15,11,1438832,1069679,,
2021-07-25,774,572,295,11,234,18,14,1439606,1070251,,
2021-07-26,1042,790,405,5,332,24,24,1440648,1071041,,
2021-07-27,988,738,403,10,290,12,23,1441636,1071779,,
2021-07-28,983,722,381,10,283,24,24,1442619,1072501,,
2021-07-29,972,700,365,11,286,20,18,1443591,1073201,,
2021-07-30,972,691,370,11,264,17,29,1444563,1073892,,
2021-07-31,1006,756,373,9,325,24,25,1445569,1074648,,
2021-08-01,1209,897,478,17,352,25,25,1446778,1075545,,
2021-08-02,1553,1072,488,19,503,28,34,1448331,1076617,,
2021-08-03,1790,1279,625,17,550,27,60,1450121,1077896,,
2021-08-04,1756,1242,603,21,549,19,50,1451877,1079138,,
2021-08-05,1717,1173,608,15,494,23,33,1453594,1080311,,
2021-08-06,1673,1105,535,13,485,21,51,1455267,1081416,,
2021-08-07,1719,1245,630,11,534,25,45,1456986,1082661,,
2021-08-08,1807,1292,666,23,540,20,43,1458793,1083953,,
2021-08-09,2243,1623,817,23,700,22,61,1461036,1085576,,
2021-08-10,2439,1783,855,27,786,41,74,1463475,1087359,,
2021-08-11,2355,1714,833,28,765,24,64,1465830,1089073,,
2021-08-12,2126,1537,761,26,665,34,51,1467956,1090610,,
2021-08-13,2143,1546,786,15,645,38,62,1470099,1092156,,
2021-08-14,2190,1635,838,25,686,28,58,1472289,1093791,,
2021-08-15,2270,1655,850,23,716,16,50,1474559,1095446,,
2021-08-16,3050,2245,1063,31,1043,32,76,1477609,1097691,,
2021-08-17,3016,2191,1072,31,982,29,77,1480625,1099882,,
2021-08-18,3005,2187,1045,35,1002,22,83,1483630,1102069,,
2021-08-19,2768,1986,968,18,902,27,71,1486398,1104055,,
2021-08-20,2871,2147,1014,22,1012,19,80,1489269,1106202,,
2021-08-21,2749,2096,948,15,1029,24,80,1492018,1108298,,
2021-08-22,2934,2216,940,21,1167,24,64,1494952,1110514,,
2021-08-23,3758,2762,1067,13,1554,32,96,1498710,1113276,,
2021-08-24,3779,2769,1035,8,1606,29,91,1502489,1116045,,
2021-08-25,3751,2714,977,6,1627,18,86,1506240,1118759,,
2021-08-26,3397,2482,954,5,1423,20,80,1509637,1121241,,
2021-08-27,3661,2621,917,6,1568,19,111,1513298,1123862,,
2021-08-28,3304,2455,915,8,1434,26,72,1516602,1126317,,
2021-08-29,3273,2412,840,6,1469,21,76,1519875,1128729,,
2021-08-30,4110,2922,1037,11,1766,23,85,1523985,1131651,,
2021-08-31,4066,2872,941,10,1818,17,86,1528051,1134523,,
2021-09-01,4470,3197,1090,6,1986,20,95,1532521,1137720,,
2021-09-02,3920,2806,998,4,1713,14,77,1536441,1140526,,
2021-09-03,4190,3029,1062,7,1841,25,94,1540631,1143555,,
2021-09-04,3662,2719,931,6,1716,17,49,1544293,1146274,,
2021-09-05,3596,2614,863,4,1682,10,55,1547889,1148888,,
2021-09-06,4044,2949,979,8,1871,10,81,1551933,1151837,,
2021-09-07,4882,3426,1182,4,2119,11,110,1556815,1155263,,
2021-09-08,4848,3369,1157,6,2106,16,84,1561663,1158632,,
2021-09-09,4467,3076,1054,6,1911,23,82,1566130,1161708,,
2021-09-10,4527,3177,1085,10,2008,11,63,1570657,1164885,,
2021-09-11,3814,2742,935,5,1718,10,74,1574471,1167627,,
2021-09-12,3774,2704,957,4,1659,11,73,1578245,1170331,,
2021-09-13,5019,3426,1183,6,2139,14,84,1583264,1173757,,
2021-09-14,4620,3219,1116,8,1963,24,108,1587884,1176976,,
2021-09-15,4595,3236,1168,7,1946,14,101,1592479,1180212,,
2021-09-16,4292,3074,1136,1,1840,8,89,1596771,1183286,,
2021-09-17,4463,3135,1153,3,1864,7,108,1601234,1186421,,
2021-09-18,3812,2797,1053,3,1649,15,77,1605046,1189218,,
2021-09-19,3665,2746,956,12,1696,8,74,1608711,1191964,,
2021-09-20,4933,3587,1327,4,2135,14,107,1613644,1195551,,
2021-09-21,4597,3300,1208,5,1985,11,91,1618241,1198851,,
2021-09-22,4351,3230,1254,7,1876,10,83,1622592,1202081,,
2021-09-23,4163,3015,1206,4,1718,18,69,1626755,1205096,,
2021-09-24,4246,3163,1190,8,1846,8,111,1631001,1208259,,
2021-09-25,3494,2671,1016,3,1581,6,65,1634495,1210930,,
2021-09-26,3589,2743,1053,6,1608,12,64,1638084,1213673,,
2021-09-27,4442,3197,1237,6,1853,14,87,1642526,1216870,,
2021-09-28,3817,2736,1088,7,1552,15,74,1646343,1219606,,
2021-09-29,3935,2851,1160,3,1600,18,70,1650278,1222457,,
2021-09-30,3306,2471,958,3,1445,10,55,1653584,1224928,,
2021-10-01,3698,2611,1038,0,1488,13,72,1657282,1227539,,
2021-10-02,2957,2169,906,2,1198,10,53,1660239,1229708,,
2021-10-03,2863,2046,878,4,1095,15,54,1663102,1231754,,
2021-10-04,3760,2589,1048,6,1451,15,69,1666862,1234343,,
2021-10-05,3461,2348,998,4,1263,10,73,1670323,1236691,,
2021-10-06,3282,2250,991,4,1192,5,58,1673605,1238941,,
2021-10-07,2967,1995,868,3,1040,9,75,1676572,1240936,,
2021-10-08,3121,2095,850,5,1163,11,66,1679693,1243031,,
2021-10-09,2663,1850,797,2,988,10,53,1682356,1244881,,
2021-10-10,2397,1712,746,2,905,10,49,1684753,1246593,,
2021-10-11,2620,1790,758,2,964,15,51,1687373,1248383,,
2021-10-12,3098,2067,871,2,1109,14,71,1690471,1250450,,
2021-10-13,2979,1966,899,0,1007,12,48,1693450,1252416,,
2021-10-14,2716,1842,785,4,992,11,50,1696166,1254258,,
2021-10-15,2620,1802,770,2,961,10,59,1698786,1256060,,
2021-10-16,2226,1606,701,0,856,10,39,1701012,1257666,,
2021-10-17,2136,1532,670,2,802,10,48,1703148,1259198,,
2021-10-18,2669,1840,828,1,940,14,57,1705817,1261038,,
2021-10-19,2350,1579,696,2,816,13,52,1708167,1262617,,
2021-10-20,2446,1685,759,4,857,8,57,1710613,1264302,,
2021-10-21,2257,1536,734,0,732,10,60,1712870,1265838,,
2021-10-22,2270,1596,712,4,818,4,58,1715140,1267434,,
2021-10-23,1882,1312,583,2,668,5,54,1717022,1268746,,
2021-10-24,1997,1416,620,2,738,9,47,1719019,1270162,,
2021-10-25,2496,1702,782,2,850,21,47,1721515,1271864,,
2021-10-26,2315,1576,727,1,765,17,66,1723830,1273440,,
2021-10-27,2304,1551,718,3,767,12,51,1726134,1274991,,
2021-10-28,2250,1488,704,1,709,9,65,1728384,1276479,,
2021-10-29,2245,1396,634,5,682,7,68,1730629,1277875,,
2021-10-30,2012,1335,631,1,636,16,51,1732641,1279210,,
2021-10-31,2057,1397,686,0,628,13,70,1734698,1280607,,
2021-11-01,2861,1954,882,4,953,11,104,1737559,1282561,,
2021-11-02,2712,1860,902,2,863,16,77,1740271,1284421,,
2021-11-03,2651,1890,880,1,880,22,107,1742922,1286311,,
2021-11-04,2562,1760,876,5,774,13,92,1745484,1288071,,
2021-11-05,2590,1760,869,3,776,15,97,1748074,1289831,,
2021-11-06,2366,1666,840,3,717,22,84,1750440,1291497,,
2021-11-07,2164,1441,712,2,628,14,85,1752604,1292938,,
2021-11-08,2799,1788,900,13,765,23,87,1755403,1294726,,
2021-11-09,2563,1627,876,7,639,21,84,1757966,1296353,,
2021-11-10,2645,1759,909,6,713,13,118,1760611,1298112,,
2021-11-11,2255,1476,744,2,632,20,78,1762866,1299588,,
2021-11-12,2453,1584,843,8,616,15,102,1765319,1301172,,
2021-11-13,2144,1463,799,4,575,12,73,1767463,1302635,,
2021-11-14,2195,1426,713,3,629,24,57,1769658,1304061,,
2021-11-15,2705,1741,957,4,682,15,83,1772363,1305802,,
2021-11-16,2566,1644,851,5,632,31,125,1774929,1307446,,
2021-11-17,2734,1749,881,1,720,33,114,1777663,1309195,,
2021-11-18,2417,1501,820,3,556,22,100,1780080,1310696,,
2021-11-19,2601,1623,828,3,646,25,121,1782681,1312319,,
2021-11-20,2278,1358,718,5,508,30,97,1784959,1313677,,
2021-11-21,2403,1472,785,5,577,19,86,1787362,1315149,,
2021-11-22,3150,1885,1016,2,699,29,139,1790512,1317034,,
2021-11-23,2927,1777,983,2,638,33,121,1793439,1318811,,
2021-11-24,2953,1771,955,6,651,25,134,1796392,1320582,,
2021-11-25,2685,1590,870,0,590,30,100,1799077,1322172,,
2021-11-26,2898,1693,876,5,618,22,172,1801975,1323865,,
2021-11-27,2557,1573,852,1,553,35,132,1804532,1325438,,
2021-11-28,2804,1622,859,1,564,45,153,1807336,1327060,,
2021-11-29,3524,1991,1025,2,725,63,176,1810860,1329051,,
2021-11-30,3358,1887,957,3,701,34,192,1814218,1330938,,
2021-12-01,3698,2050,1107,4,698,35,206,1817916,1332988,,
2021-12-02,3399,1906,957,4,669,40,236,1821315,1334894,,
2021-12-03,3744,2142,1101,5,733,37,266,1825059,1337036,,
2021-12-04,3174,1735,895,5,614,41,180,1828233,1338771,,
2021-12-05,3435,1942,1025,6,660,43,208,1831668,1340713,,
2021-12-06,4678,2631,1398,7,848,45,333,1836346,1343344,,
2021-12-07,4801,2685,1451,5,787,53,389,1841147,1346029,,
2021-12-08,4868,2811,1460,6,847,43,455,1846015,1348840,,
2021-12-09,4752,2611,1274,10,750,53,524,1850767,1351451,,
2021-12-10,5161,2955,1405,6,787,66,691,1855928,1354406,,
2021-12-11,5068,2992,1243,12,871,70,796,1860996,1357398,,
2021-12-12,6274,3739,1357,11,1068,81,1222,1867270,1361137,,
2021-12-13,9636,5669,1838,10,1491,123,2207,1876906,1366806,,
2021-12-14,10096,5808,1813,19,1475,104,2397,1887002,1372614,,
2021-12-15,10824,6051,1700,26,1338,91,2896,1897826,1378665,,
2021-12-16,11388,6214,1598,17,1252,102,3245,1909214,1384879,,
2021-12-17,14302,7891,1797,12,1676,120,4286,1923516,1392770,,
2021-12-18,14915,8481,1786,13,1816,104,4762,1938431,1401251,,
2021-12-19,18446,10337,1840,18,2527,113,5839,1956877,1411588,,
2021-12-20,29101,15943,2369,19,3665,137,9753,1985978,1427531,,
2021-12-21,31016,16030,2302,12,3492,107,10117,2016994,1443561,,
2021-12-22,31045,15102,1974,14,2906,103,10105,2048039,1458663,,
2021-12-23,30942,15633,1819,11,2825,71,10907,2078981,1474296,,
2021-12-24,27678,14522,1739,10,2683,76,10014,2106659,1488818,,
2021-12-25,22751,10704,1842,10,2596,71,6185,2129410,1499522,,
2021-12-26,31299,15349,2496,13,3508,65,9267,2160709,1514871,,
2021-12-27,43804,22522,2875,21,3934,82,15610,2204513,1537393,,
2021-12-28,51647,27282,2648,13,4814,69,19738,2256160,1564675,,
2021-12-29,54849,30035,2223,5,4860,57,22890,2311009,1594710,,
2021-12-30,51617,29331,1844,16,4404,63,23004,2362626,1624041,,
2021-12-31,38120,19334,1581,9,3914,58,13772,2400746,1643375,,
2022-01-01,25953,10800,1635,10,2524,66,6565,2426699,1654175,,
2022-01-02,31930,15061,1794,11,4362,73,8821,2458629,1669236,,
2022-01-03,43694,20348,2168,16,6584,86,11494,2502323,1689584,,
2022-01-04,42682,19619,1924,7,5945,84,11659,2545005,1709203,,
2022-01-05,37655,17467,1736,9,5073,78,10571,2582660,1726670,,
2022-01-06,30994,15574,1700,5,4709,71,9089,2613654,1742244,,
2022-01-07,28530,15679,1727,11,5138,59,8744,2642184,1757923,,
2022-01-08,21000,11793,1466,7,3593,58,6669,2663184,1769716,,
2022-01-09,20378,11639,1629,7,3533,74,6396,2683562,1781355,,
2022-01-10,29127,15614,1990,13,4476,63,9072,2712689,1796969,,
2022-01-11,26609,14082,1950,11,4351,58,7712,2739298,1811051,,
2022-01-12,24410,12609,1881,4,3942,52,6730,2763708,1823660,,
2022-01-13,22097,11959,1816,3,4039,55,6046,2785805,1835619,,
2022-01-14,21035,11844,1850,6,4249,45,5694,2806840,1847463,,
2022-01-15,15626,8913,1555,3,2982,54,4319,2822466,1856376,,
2022-01-16,14823,8765,1598,2,3302,62,3801,2837289,1865141,,
2022-01-17,18559,10043,1954,4,4184,53,3848,2855848,1875184,,
2022-01-18,18601,10414,1862,11,3478,46,5017,2874449,1885598,,
2022-01-19,17632,9541,1742,4,3137,44,4614,2892081,1895139,,
2022-01-20,16039,8799,1621,4,3161,30,3983,2908120,1903938,,
2022-01-21,15068,8348,1524,3,2974,44,3803,2923188,1912286,,
2022-01-22,12161,7151,1417,3,2747,36,2948,2935349,1919437,,
2022-01-23,11505,6689,1369,6,2669,37,2608,2946854,1926126,,
2022-01-24,16139,9092,1742,5,3438,45,3862,2962993,1935218,,
2022-01-25,14383,7951,1571,3,3165,35,3177,2977376,1943169,,
2022-01-26,13532,7343,1593,1,2839,37,2873,2990908,1950512,,
2022-01-27,12635,6550,1348,4,2622,37,2539,3003543,1957062,,
2022-01-28,11576,6320,1264,4,2614,25,2413,3015119,1963382,,
2022-01-29,8860,5048,1090,3,2029,43,1883,3023979,1968430,,
2022-01-30,9071,5105,1187,3,2079,35,1801,3033050,1973535,,
2022-01-31,12976,6870,1470,2,2786,30,2582,3046026,1980405,,
2022-02-01,11677,2179,174,0,145,1,1859,3057703,1982584,,
2022-02-02,10413,1339,43,0,31,0,1265,3068116,1983923,,
2022-02-03,9224,4717,963,3,1906,20,1825,3077340,1988640,,
2022-02-04,8785,4464,826,1,1756,20,1861,3086125,1993104,,
2022-02-05,6725,3541,739,2,1376,22,1402,3092850,1996645,,
2022-02-06,6578,3321,716,3,1194,14,1394,3099428,1999966,,
2022-02-07,8961,4271,838,4,1473,16,1940,3108389,2004237,,
2022-02-08,7633,3616,671,2,1233,18,1692,3116022,2007853,,
2022-02-09,6757,3087,589,2,1076,15,1405,3122779,2010940,,
2022-02-10,5762,2606,476,2,833,11,1284,3128541,2013546,,
2022-02-11,4966,2274,402,0,650,16,1206,3133507,2015820,,
2022-02-12,3150,1471,291,0,413,7,760,3136657,2017291,,
2022-02-13,2247,1241,225,0,285,8,723,3138904,2018532,,
2022-02-14,2312,1285,168,0,160,5,952,3141216,2019817,,
2022-02-15,1265,876,59,0,50,0,767,3142481,2020693,,
2022-02-16,295,65,5,0,3,0,57,3142776,2020758,,