date,new,NTotal_ExposureOnly,domestic-contactWithCase,domestic-contactWithTraveller,domestic-unknown,internationalTravel,infopending,cumulative,cumulativeNTotal_ExposureOnly,doubleFlagTest,shaded
2020-01-15,2,1,0,0,0,1,0,2,1,1,14
2020-01-16,5,3,1,0,2,0,0,7,4,1,
2020-01-17,3,1,0,0,0,1,0,10,5,0,
2020-01-18,0,0,0,0,0,0,0,10,5,0,
2020-01-19,0,0,0,0,0,0,0,10,5,0,
2020-01-20,1,0,0,0,0,0,0,11,5,0,
2020-01-21,1,0,0,0,0,0,0,12,5,0,
2020-01-22,4,0,0,0,0,0,0,16,5,1,
2020-01-23,0,0,0,0,0,0,0,16,5,0,
2020-01-24,7,4,1,0,1,2,0,23,9,0,
2020-01-25,3,2,0,0,0,2,0,26,11,0,
2020-01-26,3,2,1,0,1,0,0,29,13,0,
2020-01-27,2,1,1,0,0,0,0,31,14,0,
2020-01-28,8,3,2,0,1,0,0,39,17,1,
2020-01-29,7,2,1,0,0,1,0,46,19,0,
2020-01-30,2,1,0,0,0,0,1,48,20,0,
2020-01-31,3,1,1,0,0,0,0,51,21,0,
2020-02-01,2,1,0,0,1,0,0,53,22,0,
2020-02-02,7,5,3,0,1,1,0,60,27,0,
2020-02-03,3,2,0,0,1,1,0,63,29,0,
2020-02-04,1,1,0,0,1,0,0,64,30,0,
2020-02-05,2,2,0,0,2,0,0,66,32,0,
2020-02-06,0,0,0,0,0,0,0,66,32,0,
2020-02-07,0,0,0,0,0,0,0,66,32,0,
2020-02-08,3,3,1,0,1,1,0,69,35,0,
2020-02-09,1,0,0,0,0,0,0,70,35,0,
2020-02-10,1,1,0,0,0,1,0,71,36,0,
2020-02-11,2,2,0,0,1,1,0,73,38,0,
2020-02-12,2,1,0,0,1,0,0,75,39,0,
2020-02-13,4,3,2,0,1,0,0,79,42,1,
2020-02-14,1,1,0,0,0,1,0,80,43,0,
2020-02-15,6,5,0,0,3,2,0,86,48,0,
2020-02-16,3,2,1,0,0,1,0,89,50,0,
2020-02-17,1,1,0,0,0,1,0,90,51,0,
2020-02-18,2,2,1,0,0,1,0,92,53,0,
2020-02-19,2,2,2,0,0,0,0,94,55,0,
2020-02-20,4,4,2,0,1,1,0,98,59,0,
2020-02-21,9,9,3,1,3,2,0,107,68,0,
2020-02-22,3,3,0,0,1,2,0,110,71,0,
2020-02-23,8,8,2,0,3,3,0,118,79,0,
2020-02-24,22,22,11,0,3,7,1,140,101,0,
2020-02-25,15,14,3,0,2,9,0,155,115,0,
2020-02-26,16,16,4,0,2,10,0,171,131,1,
2020-02-27,14,13,6,1,4,2,0,185,144,0,
2020-02-28,27,26,12,0,7,7,0,212,170,0,
2020-02-29,39,37,17,0,6,14,0,251,207,0,
2020-03-01,27,27,8,0,7,12,0,278,234,0,
2020-03-02,60,59,12,0,26,20,1,338,293,0,
2020-03-03,56,56,8,0,18,30,0,394,349,1,
2020-03-04,55,55,15,0,12,28,0,449,404,0,
2020-03-05,62,58,13,1,14,30,0,511,462,0,
2020-03-06,67,67,12,1,23,31,0,578,529,0,
2020-03-07,86,85,17,2,26,40,0,664,614,0,
2020-03-08,91,91,14,3,30,44,0,755,705,0,
2020-03-09,135,134,27,2,45,60,0,890,839,1,
2020-03-10,224,223,44,10,79,90,0,1114,1062,0,
2020-03-11,256,254,55,9,72,118,0,1370,1316,0,
2020-03-12,296,296,74,11,85,125,1,1666,1612,0,
2020-03-13,391,389,92,9,128,159,1,2057,2001,1,
2020-03-14,465,459,124,8,151,174,2,2522,2460,0,
2020-03-15,468,466,98,15,168,183,2,2990,2926,0,
2020-03-16,608,601,152,10,212,225,2,3598,3527,0,
2020-03-17,847,838,253,11,308,265,1,4445,4365,1,
2020-03-18,874,865,260,16,320,264,5,5319,5230,0,
2020-03-19,974,965,283,19,356,303,4,6293,6195,0,
2020-03-20,811,802,253,13,298,235,3,7104,6997,0,
2020-03-21,1066,1055,363,21,423,239,9,8170,8052,0,
2020-03-22,912,895,320,8,326,237,4,9082,8947,1,
2020-03-23,874,860,320,13,340,185,2,9956,9807,0,
2020-03-24,1101,1081,465,16,418,173,9,11057,10888,0,
2020-03-25,999,986,398,21,390,173,4,12056,11874,0,
2020-03-26,1013,993,450,13,414,108,8,13069,12867,0,
2020-03-27,947,929,449,12,342,117,9,14016,13796,0,
2020-03-28,973,959,483,8,372,84,12,14989,14755,0,
2020-03-29,977,966,472,9,390,84,11,15966,15721,0,
2020-03-30,891,880,462,7,355,50,6,16857,16601,0,
2020-03-31,1186,1173,584,10,489,77,13,18043,17774,0,
2020-04-01,1010,1001,560,3,357,68,13,19053,18775,1,
2020-04-02,1326,1314,755,12,454,84,9,20379,20089,0,
2020-04-03,1195,1188,749,11,374,46,8,21574,21277,0,
2020-04-04,1339,1328,887,6,374,53,8,22913,22605,0,
2020-04-05,1174,1170,745,9,371,28,17,24087,23775,0,
2020-04-06,1080,1074,680,5,368,13,8,25167,24849,0,
2020-04-07,1443,1436,884,11,514,14,13,26610,26285,0,
2020-04-08,1313,1304,793,13,469,16,13,27923,27589,0,
2020-04-09,1409,1403,884,10,489,6,14,29332,28992,0,
2020-04-10,1509,1505,968,14,495,4,24,30841,30497,0,
2020-04-11,1814,1806,1136,19,621,6,24,32655,32303,0,
2020-04-12,1714,1710,971,11,685,4,39,34369,34013,0,
2020-04-13,1447,1444,886,16,508,7,27,35816,35457,0,
2020-04-14,2132,2129,1169,33,889,6,32,37948,37586,0,
2020-04-15,1825,1819,1094,21,669,2,33,39773,39405,1,
2020-04-16,1961,1954,1231,22,672,4,25,41734,41359,0,
2020-04-17,1966,1959,1104,19,780,1,55,43700,43318,0,
2020-04-18,1864,1858,1104,17,699,3,35,45564,45176,0,
2020-04-19,1621,1615,1041,20,524,3,27,47185,46791,0,
2020-04-20,1232,1227,743,15,454,4,11,48417,48018,0,
2020-04-21,1847,1842,1081,10,714,2,35,50264,49860,0,
2020-04-22,1415,1411,841,13,522,6,29,51679,51271,0,
2020-04-23,1572,1565,909,13,612,1,30,53251,52836,0,
2020-04-24,1589,1574,918,18,602,5,31,54840,54410,0,
2020-04-25,1542,1534,931,11,547,2,43,56382,55944,0,
2020-04-26,1406,1398,823,14,474,5,82,57788,57342,0,
2020-04-27,1319,1313,789,13,464,4,43,59107,58655,0,
2020-04-28,1657,1645,951,12,637,5,40,60764,60300,0,
2020-04-29,1538,1525,925,18,554,6,22,62302,61825,0,
2020-04-30,1479,1473,806,4,647,2,14,63781,63298,0,
2020-05-01,1474,1464,828,4,612,3,17,65255,64762,0,
2020-05-02,1596,1582,895,8,656,4,19,66851,66344,0,
2020-05-03,1074,1068,657,8,385,0,18,67925,67412,0,
2020-05-04,1025,1022,621,6,380,5,10,68950,68434,0,
2020-05-05,1367,1357,775,6,553,2,21,70317,69791,0,
2020-05-06,1302,1295,728,6,534,1,26,71619,71086,0,
2020-05-07,1128,1123,661,8,434,2,18,72747,72209,0,
2020-05-08,1180,1173,712,4,432,6,19,73927,73382,0,
2020-05-09,1186,1178,701,7,454,1,15,75113,74560,0,
2020-05-10,1026,1018,634,8,354,4,18,76139,75578,0,
2020-05-11,921,917,543,7,351,5,11,77060,76495,0,
2020-05-12,1226,1224,729,8,450,7,30,78286,77719,0,
2020-05-13,1166,1156,718,2,410,6,20,79452,78875,0,
2020-05-14,1109,1098,650,3,426,3,16,80561,79973,1,
2020-05-15,1162,1160,686,3,452,5,14,81723,81133,0,
2020-05-16,1216,1212,711,0,477,11,13,82939,82345,0,
2020-05-17,996,993,601,2,375,2,13,83935,83338,0,
2020-05-18,911,900,537,2,342,8,11,84846,84238,0,
2020-05-19,1097,1082,618,2,450,5,7,85943,85320,0,
2020-05-20,966,959,582,3,362,4,8,86909,86279,0,
2020-05-21,1127,1113,654,2,445,1,11,88036,87392,0,
2020-05-22,884,871,547,2,305,6,11,88920,88263,0,
2020-05-23,845,832,513,0,312,5,2,89765,89095,0,
2020-05-24,701,688,443,1,234,4,6,90466,89783,0,
2020-05-25,652,644,401,0,228,4,11,91118,90427,0,
2020-05-26,859,844,508,3,312,4,17,91977,91271,0,
2020-05-27,746,729,459,1,256,7,6,92723,92000,0,
2020-05-28,718,701,423,2,264,2,10,93441,92701,0,
2020-05-29,597,581,362,2,204,2,11,94038,93282,0,
2020-05-30,735,728,444,0,276,3,5,94773,94010,0,
2020-05-31,562,554,397,2,152,1,2,95335,94564,0,
2020-06-01,407,397,258,0,130,3,6,95742,94961,0,
2020-06-02,689,679,395,6,249,6,23,96431,95640,0,
2020-06-03,498,485,320,1,155,5,4,96929,96125,0,
2020-06-04,493,487,322,4,149,4,8,97422,96612,0,
2020-06-05,466,452,265,1,169,11,6,97888,97064,0,
2020-06-06,450,437,312,0,119,3,3,98338,97501,0,
2020-06-07,374,366,234,1,124,4,3,98712,97867,0,
2020-06-08,312,303,213,1,83,1,5,99024,98170,0,
2020-06-09,439,423,288,6,114,10,5,99463,98593,0,
2020-06-10,374,366,244,3,110,4,5,99837,98959,0,
2020-06-11,442,435,259,5,152,10,9,100279,99394,0,
2020-06-12,376,360,242,3,107,5,3,100655,99754,0,
2020-06-13,376,370,224,5,132,6,3,101031,100124,0,
2020-06-14,276,271,181,1,83,5,1,101307,100395,0,
2020-06-15,300,293,186,0,95,9,3,101607,100688,0,
2020-06-16,401,393,244,4,134,7,4,102008,101081,0,
2020-06-17,371,357,234,2,106,10,5,102379,101438,0,
2020-06-18,365,356,229,0,117,6,4,102744,101794,0,
2020-06-19,330,317,198,1,110,4,4,103074,102111,0,
2020-06-20,337,334,231,0,88,11,4,103411,102445,0,
2020-06-21,286,279,186,0,84,8,1,103697,102724,0,
2020-06-22,271,268,176,0,85,4,3,103968,102992,0,
2020-06-23,326,317,211,2,96,4,4,104294,103309,0,
2020-06-24,328,325,219,2,91,6,7,104622,103634,0,
2020-06-25,289,285,183,2,87,9,4,104911,103919,0,
2020-06-26,469,461,326,2,122,5,6,105380,104380,0,
2020-06-27,280,270,170,0,83,11,6,105660,104650,0,
2020-06-28,253,247,165,1,71,7,3,105913,104897,0,
2020-06-29,240,234,135,1,88,9,1,106153,105131,0,
2020-06-30,336,327,198,2,107,10,10,106489,105458,0,
2020-07-01,313,299,197,4,93,2,3,106802,105757,0,
2020-07-02,286,274,177,8,83,5,1,107088,106031,0,
2020-07-03,268,258,161,1,83,6,7,107356,106289,0,
2020-07-04,310,294,185,2,91,13,3,107666,106583,0,
2020-07-05,298,281,173,3,94,10,1,107964,106864,0,
2020-07-06,272,268,177,3,81,6,1,108236,107132,0,
2020-07-07,512,491,269,2,175,17,28,108748,107623,0,
2020-07-08,526,506,263,6,208,19,10,109274,108129,0,
2020-07-09,447,418,279,4,120,10,5,109721,108547,0,
2020-07-10,456,431,268,3,139,12,9,110177,108978,0,
2020-07-11,416,389,258,5,107,14,5,110593,109367,0,
2020-07-12,386,373,228,3,128,12,2,110979,109740,0,
2020-07-13,399,381,236,3,134,6,2,111378,110121,0,
2020-07-14,607,570,358,12,185,12,3,111985,110691,0,
2020-07-15,551,504,299,4,181,13,7,112536,111195,0,
2020-07-16,574,519,311,3,174,16,15,113110,111714,0,
2020-07-17,463,419,259,4,136,17,3,113573,112133,0,
2020-07-18,514,463,272,6,167,7,11,114087,112596,0,
2020-07-19,411,381,228,2,137,7,7,114498,112977,0,
2020-07-20,397,357,202,4,138,11,2,114895,113334,0,
2020-07-21,533,473,264,6,184,14,5,115428,113807,0,
2020-07-22,528,469,267,10,181,6,5,115956,114276,0,
2020-07-23,451,381,181,6,180,10,4,116407,114657,0,
2020-07-24,454,355,175,3,164,7,6,116861,115012,0,
2020-07-25,465,376,180,7,177,5,7,117326,115388,0,
2020-07-26,314,232,108,4,111,6,3,117640,115620,0,
2020-07-27,341,220,102,6,100,10,2,117981,115840,0,
2020-07-28,484,330,176,3,132,14,5,118465,116170,0,
2020-07-29,424,285,155,1,111,14,4,118889,116455,0,
2020-07-30,407,246,138,2,99,3,4,119296,116701,0,
2020-07-31,341,213,109,1,87,6,10,119637,116914,0,
2020-08-01,345,220,120,0,85,10,5,119982,117134,0,
2020-08-02,343,208,113,8,62,17,8,120325,117342,0,
2020-08-03,336,197,124,6,59,6,2,120661,117539,0,
2020-08-04,440,272,162,2,97,10,1,121101,117811,0,
2020-08-05,450,313,186,0,100,20,7,121551,118124,0,
2020-08-06,383,277,171,9,87,8,2,121934,118401,0,
2020-08-07,350,249,160,4,72,7,6,122284,118650,0,
2020-08-08,391,301,189,2,92,6,12,122675,118951,0,
2020-08-09,334,237,151,4,76,2,4,123009,119188,0,
2020-08-10,326,254,149,7,87,8,3,123335,119442,0,
2020-08-11,477,365,215,8,124,12,6,123812,119807,0,
2020-08-12,478,359,220,5,122,11,1,124290,120166,0,
2020-08-13,409,322,211,11,86,11,3,124699,120488,0,
2020-08-14,429,350,223,8,107,10,2,125128,120838,0,
2020-08-15,381,303,176,7,108,9,3,125509,121141,0,
2020-08-16,368,302,171,7,111,7,6,125877,121443,0,
2020-08-17,379,291,166,14,104,4,3,126256,121734,0,
2020-08-18,548,415,264,11,126,7,7,126804,122149,0,
2020-08-19,433,348,205,4,123,4,12,127237,122497,0,
2020-08-20,452,351,207,9,120,5,10,127689,122848,0,
2020-08-21,451,353,223,5,108,4,13,128140,123201,0,
2020-08-22,427,334,207,9,104,5,9,128567,123535,0,
2020-08-23,397,333,225,7,93,5,3,128964,123868,0,
2020-08-24,409,316,203,3,103,6,1,129373,124184,0,
2020-08-25,580,433,265,15,137,7,9,129953,124617,0,
2020-08-26,618,451,291,12,137,10,1,130571,125068,0,
2020-08-27,621,454,287,13,144,5,5,131192,125522,0,
2020-08-28,495,364,231,11,109,3,10,131687,125886,0,
2020-08-29,563,414,262,11,126,6,9,132250,126300,0,
2020-08-30,456,327,207,10,87,5,18,132706,126627,0,
2020-08-31,558,397,242,4,127,7,17,133264,127024,0,
2020-09-01,653,429,260,11,133,9,16,133917,127453,0,
2020-09-02,750,513,301,18,162,7,25,134667,127966,0,
2020-09-03,789,530,333,12,153,8,24,135456,128496,0,
2020-09-04,667,454,267,5,163,4,15,136123,128950,0,
2020-09-05,726,479,287,9,158,10,15,136849,129429,0,
2020-09-06,669,414,254,9,125,9,17,137518,129843,0,
2020-09-07,693,421,270,4,134,8,5,138211,130264,0,
2020-09-08,797,487,298,8,159,9,13,139008,130751,0,
2020-09-09,967,610,352,14,218,10,16,139975,131361,0,
2020-09-10,1022,626,374,12,216,4,20,140997,131987,0,
2020-09-11,1017,650,378,6,226,9,31,142014,132637,0,
2020-09-12,981,640,358,10,248,9,15,142995,133277,0,
2020-09-13,982,652,389,8,234,3,18,143977,133929,0,
2020-09-14,976,610,343,8,241,6,12,144953,134539,0,
2020-09-15,1272,801,478,14,275,7,27,146225,135340,0,
2020-09-16,1323,798,446,10,304,3,35,147548,136138,0,
2020-09-17,1370,816,494,22,271,4,25,148918,136954,0,
2020-09-18,1336,771,479,21,236,7,28,150254,137725,0,
2020-09-19,1429,803,517,8,241,1,36,151683,138528,0,
2020-09-20,1247,703,391,18,270,6,18,152930,139231,0,
2020-09-21,1368,759,418,12,283,9,37,154298,139990,0,
2020-09-22,1830,1011,559,15,376,5,56,156128,141001,0,
2020-09-23,1875,959,522,13,366,8,50,158003,141960,0,
2020-09-24,1935,1005,554,15,344,2,90,159938,142965,0,
2020-09-25,1968,983,524,10,355,2,92,161906,143948,0,
2020-09-26,2065,1060,563,20,371,9,97,163971,145008,0,
2020-09-27,1892,948,502,7,338,4,97,165863,145956,0,
2020-09-28,1978,967,478,10,352,6,121,167841,146923,0,
2020-09-29,2493,1199,624,16,423,3,133,170334,148122,0,
2020-09-30,2272,1125,551,23,405,3,143,172606,149247,0,
2020-10-01,2266,1121,559,15,435,1,111,174872,150368,0,
2020-10-02,2175,1106,581,9,412,9,95,177047,151474,0,
2020-10-03,2137,1078,545,17,403,9,104,179184,152552,0,
2020-10-04,1836,940,473,19,350,10,88,181020,153492,0,
2020-10-05,1861,920,509,14,315,4,78,182881,154412,0,
2020-10-06,2481,1265,675,20,456,4,110,185362,155677,0,
2020-10-07,2334,1264,678,31,422,10,123,187696,156941,0,
2020-10-08,2296,1262,689,20,436,9,108,189992,158203,0,
2020-10-09,2257,1192,657,14,405,10,106,192249,159395,0,
2020-10-10,2307,1247,653,18,457,7,112,194556,160642,0,
2020-10-11,2177,1339,682,17,552,7,81,196733,161981,0,
2020-10-12,1921,1116,604,17,396,5,94,198654,163097,0,
2020-10-13,2343,1338,716,19,500,8,95,200997,164435,0,
2020-10-14,2582,1523,867,22,518,9,107,203579,165958,0,
2020-10-15,2523,1522,879,26,509,7,101,206102,167480,0,
2020-10-16,2581,1421,844,24,444,10,99,208683,168901,0,
2020-10-17,2660,1597,894,19,575,4,105,211343,170498,0,
2020-10-18,2311,1386,819,25,431,6,105,213654,171884,0,
2020-10-19,2236,1379,805,12,459,12,91,215890,173263,0,
2020-10-20,2980,1889,1124,22,613,7,123,218870,175152,0,
2020-10-21,2831,1854,1097,27,569,9,152,221701,177006,0,
2020-10-22,2801,1745,1012,32,542,9,150,224502,178751,0,
2020-10-23,2798,1799,1090,21,559,2,127,227300,180550,0,
2020-10-24,2822,1812,1041,30,600,7,134,230122,182362,0,
2020-10-25,2641,1760,1035,34,529,10,152,232763,184122,0,
2020-10-26,2649,1687,1025,32,508,7,115,235412,185809,0,
2020-10-27,3388,2174,1262,23,686,10,193,238800,187983,0,
2020-10-28,3356,2221,1347,36,666,9,163,242156,190204,0,
2020-10-29,3629,2429,1421,36,765,9,198,245785,192633,0,
2020-10-30,3109,1993,1242,32,590,7,122,248894,194626,0,
2020-10-31,3533,2352,1332,43,814,9,154,252427,196978,0,
2020-11-01,3162,2162,1356,31,629,8,138,255589,199140,0,
2020-11-02,3458,2308,1379,33,740,8,148,259047,201448,0,
2020-11-03,4572,3048,1841,43,961,7,196,263619,204496,0,
2020-11-04,4506,3059,1794,34,939,15,277,268125,207555,0,
2020-11-05,4626,3079,1908,48,915,7,201,272751,210634,0,
2020-11-06,4540,3038,1758,34,957,8,281,277291,213672,0,
2020-11-07,4631,3089,1809,22,1000,11,247,281922,216761,0,
2020-11-08,4324,2872,1537,17,1098,9,211,286246,219633,0,
2020-11-09,4030,2671,1452,13,1023,8,175,290276,222304,0,
2020-11-10,5297,3557,1828,26,1441,14,248,295573,225861,0,
2020-11-11,5146,3433,1735,18,1431,15,234,300719,229294,0,
2020-11-12,4950,3416,1820,26,1346,9,215,305669,232710,0,
2020-11-13,5069,3576,1711,18,1602,12,233,310738,236286,0,
2020-11-14,5194,3711,1782,17,1667,16,229,315932,239997,0,
2020-11-15,4541,3406,1695,10,1511,13,177,320473,243403,0,
2020-11-16,4472,3313,1637,22,1488,18,148,324945,246716,0,
2020-11-17,5623,4094,2042,17,1836,22,177,330568,250810,0,
2020-11-18,5448,3993,1905,19,1805,14,250,336016,254803,0,
2020-11-19,5666,4196,2102,27,1856,12,199,341682,258999,0,
2020-11-20,5509,3978,1868,23,1860,16,211,347191,262977,0,
2020-11-21,5538,4149,1979,30,1915,15,210,352729,267126,0,
2020-11-22,5083,3798,1830,22,1762,15,169,357812,270924,0,
2020-11-23,4853,3532,1753,26,1554,22,177,362665,274456,0,
2020-11-24,6338,4585,2259,34,2034,16,242,369003,279041,0,
2020-11-25,6249,4611,2192,29,2115,11,264,375252,283652,0,
2020-11-26,6404,4689,2189,28,2141,15,316,381656,288341,0,
2020-11-27,6110,4550,2142,29,2162,18,199,387766,292891,0,
2020-11-28,6260,4535,2093,34,2171,19,218,394026,297426,0,
2020-11-29,5599,4084,2001,23,1764,15,281,399625,301510,0,
2020-11-30,5417,3855,1719,31,1857,15,233,405042,305365,0,
2020-12-01,6913,4918,2303,37,2284,21,273,411955,310283,0,
2020-12-02,6788,4812,2340,20,2186,7,259,418743,315095,0,
2020-12-03,6710,4808,2145,37,2350,14,262,425453,319903,0,
2020-12-04,6706,4706,2198,33,2164,18,293,432159,324609,0,
2020-12-05,6803,4813,2209,40,2278,10,276,438962,329422,0,
2020-12-06,5835,4093,1844,38,1949,11,251,444797,333515,0,
2020-12-07,5817,4002,1923,33,1754,31,261,450614,337517,0,
2020-12-08,7663,5305,2527,47,2358,27,346,458277,342822,0,
2020-12-09,7190,4900,2278,38,2204,17,363,465467,347722,0,
2020-12-10,6924,4750,2224,30,2100,19,377,472391,352472,0,
2020-12-11,6863,4644,2110,45,2115,24,350,479254,357116,0,
2020-12-12,6844,4691,2126,48,2139,22,356,486098,361807,0,
2020-12-13,6179,4073,1876,42,1810,24,321,492277,365880,0,
2020-12-14,5535,3653,1744,25,1585,16,283,497812,369533,0,
2020-12-15,7689,5056,2313,39,2203,29,472,505501,374589,0,
2020-12-16,7220,4778,2143,33,2154,17,431,512721,379367,0,
2020-12-17,6886,4552,2105,45,1961,10,431,519607,383919,0,
2020-12-18,6663,4325,1904,36,1934,30,421,526270,388244,0,
2020-12-19,6925,4530,2028,53,1996,20,433,533195,392774,0,
2020-12-20,5919,3726,1782,41,1580,17,306,539114,396500,0,
2020-12-21,5912,3764,1846,29,1565,20,304,545026,400264,0,
2020-12-22,7577,4700,2233,41,1936,16,474,552603,404964,0,
2020-12-23,7150,4396,2173,43,1732,22,426,559753,409360,0,
2020-12-24,7401,4612,2285,49,1800,30,448,567154,413972,0,
2020-12-25,6895,4415,2142,44,1802,14,413,574049,418387,0,
2020-12-26,5720,3514,1846,51,1325,15,277,579769,421901,0,
2020-12-27,7619,4984,2583,58,1970,25,348,587388,426885,0,
2020-12-28,7585,4937,2693,69,1778,20,377,594973,431822,0,
2020-12-29,8956,5765,3040,52,2190,25,458,603929,437587,0,
2020-12-30,8179,5298,2849,72,1908,16,453,612108,442885,0,
2020-12-31,7886,5017,2681,59,1769,41,467,619994,447902,0,
2021-01-01,7477,4940,2629,57,1806,16,432,627471,452842,0,
2021-01-02,7145,4480,2399,40,1647,28,366,634616,457322,0,
2021-01-03,7553,5100,2778,69,1765,44,444,642169,462422,0,
2021-01-04,7349,4753,2582,60,1669,50,392,649518,467175,0,
2021-01-05,8952,5827,3128,68,2042,32,557,658470,473002,0,
2021-01-06,7850,5141,2825,64,1716,52,484,666320,478143,0,
2021-01-07,7753,5006,2677,60,1655,53,561,674073,483149,0,
2021-01-08,6902,4446,2388,51,1475,38,494,680975,487595,0,
2021-01-09,6779,4437,2372,57,1471,41,496,687754,492032,0,
2021-01-10,5994,3881,2078,53,1303,40,407,693748,495913,0,
2021-01-11,5590,3669,1959,57,1245,29,379,699338,499582,0,
2021-01-12,6889,4596,2522,58,1477,37,502,706227,504178,0,
2021-01-13,6099,4022,2184,70,1286,30,452,712326,508200,0,
2021-01-14,6107,4034,2123,49,1343,34,485,718433,512234,0,
2021-01-15,5661,3823,2091,43,1216,28,445,724094,516057,0,
2021-01-16,6020,3896,2091,40,1336,30,399,730114,519953,0,
2021-01-17,4718,3165,1693,37,1122,20,293,734832,523118,0,
2021-01-18,4485,2983,1597,38,982,37,329,739317,526101,0,
2021-01-19,5675,3782,2017,38,1219,31,477,744992,529883,0,
2021-01-20,5232,3471,1843,48,1111,12,457,750224,533354,0,
2021-01-21,5054,3370,1844,54,1082,24,366,755278,536724,0,
2021-01-22,4781,3193,1711,28,1029,26,399,760059,539917,0,
2021-01-23,4520,3064,1679,39,1017,18,311,764579,542981,0,
2021-01-24,3949,2661,1446,43,870,15,287,768528,545642,0,
2021-01-25,3512,2348,1273,27,789,11,248,772040,547990,0,
2021-01-26,4636,3023,1627,36,948,18,394,776676,551013,0,
2021-01-27,4101,2666,1440,39,831,10,346,780777,553679,0,
2021-01-28,4204,2795,1543,28,888,15,321,784981,556474,0,
2021-01-29,3888,2498,1340,30,844,17,267,788869,558972,0,
2021-01-30,3773,2435,1304,38,849,14,230,792642,561407,0,
2021-01-31,3159,2083,1088,23,731,10,231,795801,563490,0,
2021-02-01,2878,1889,1066,24,602,18,179,798679,565379,0,
2021-02-02,4120,2696,1386,21,895,15,379,802799,568075,0,
2021-02-03,3626,2356,1285,32,778,11,250,806425,570431,0,
2021-02-04,3544,2302,1248,22,782,10,240,809969,572733,0,
2021-02-05,3351,2184,1175,26,726,14,243,813320,574917,0,
2021-02-06,3373,2214,1164,26,765,16,243,816693,577131,0,
2021-02-07,2794,1887,1061,18,670,7,131,819487,579018,0,
2021-02-08,2645,1770,1001,24,596,12,137,822132,580788,0,
2021-02-09,3510,2342,1345,18,745,9,225,825642,583130,0,
2021-02-10,3230,2108,1204,27,686,13,178,828872,585238,0,
2021-02-11,3299,2251,1338,28,745,5,135,832171,587489,0,
2021-02-12,2899,1965,1197,23,602,7,136,835070,589454,0,
2021-02-13,3123,2093,1210,21,683,7,172,838193,591547,0,
2021-02-14,2676,1915,1159,17,580,4,155,840869,593462,0,
2021-02-15,2538,1731,1050,16,551,21,93,843407,595193,0,
2021-02-16,3059,2040,1242,33,632,7,126,846466,597233,0,
2021-02-17,3019,2117,1279,26,638,13,161,849485,599350,0,
2021-02-18,3110,2151,1315,29,627,8,172,852595,601501,0,
2021-02-19,3034,2127,1285,31,604,7,200,855629,603628,0,
2021-02-20,2998,2105,1252,24,658,5,166,858627,605733,0,
2021-02-21,2743,1906,1147,25,599,12,123,861370,607639,0,
2021-02-22,2529,1799,1053,14,596,10,126,863899,609438,0,
2021-02-23,3221,2228,1322,15,690,6,195,867120,611666,0,
2021-02-24,3024,2156,1316,11,669,4,156,870144,613822,0,
2021-02-25,3117,2161,1336,18,634,7,166,873261,615983,0,
2021-02-26,2850,2025,1235,16,619,4,151,876111,618008,0,
2021-02-27,2940,2102,1303,18,611,10,160,879051,620110,0,
2021-02-28,2714,2010,1229,11,601,14,155,881765,622120,0,
2021-03-01,2661,1958,1196,21,591,9,141,884426,624078,0,
2021-03-02,3527,2546,1499,19,806,8,214,887953,626624,0,
2021-03-03,3131,2293,1416,22,675,7,173,891084,628917,0,
2021-03-04,3305,2382,1480,18,712,15,157,894389,631299,0,
2021-03-05,2895,2178,1321,22,673,16,146,897284,633477,0,
2021-03-06,3227,2403,1518,21,691,4,169,900511,635880,0,
2021-03-07,2826,2119,1309,5,635,13,157,903337,637999,0,
2021-03-08,2712,2022,1210,13,660,9,130,906049,640021,0,
2021-03-09,3561,2672,1635,13,798,20,206,909610,642693,0,
2021-03-10,3374,2577,1589,24,749,11,204,912984,645270,0,
2021-03-11,3687,2804,1733,22,801,18,230,916671,648074,0,
2021-03-12,3305,2482,1526,14,721,19,202,919976,650556,0,
2021-03-13,3414,2623,1584,10,782,16,231,923390,653179,0,
2021-03-14,3175,2437,1539,10,719,10,159,926565,655616,0,
2021-03-15,3072,2289,1389,11,710,26,153,929637,657905,0,
2021-03-16,4172,3320,2016,12,1045,18,229,933809,661225,0,
2021-03-17,4029,3128,1946,11,933,13,225,937838,664353,0,
2021-03-18,4422,3534,2254,9,1033,21,217,942260,667887,0,
2021-03-19,4013,3183,2049,11,906,17,200,946273,671070,0,
2021-03-20,4373,3434,2094,12,1072,20,236,950646,674504,0,
2021-03-21,4192,3312,2014,11,1077,8,202,954838,677816,0,
2021-03-22,4213,3333,1982,16,1083,31,221,959051,681149,0,
2021-03-23,5349,4150,2470,19,1362,13,286,964400,685299,0,
2021-03-24,5586,4334,2509,24,1465,24,312,969986,689633,0,
2021-03-25,5638,4483,2712,21,1406,30,314,975624,694116,0,
2021-03-26,5243,4085,2416,17,1329,19,304,980867,698201,0,
2021-03-27,5691,4499,2658,22,1436,25,358,986558,702700,0,
2021-03-28,5391,4234,2503,22,1427,13,269,991949,706934,0,
2021-03-29,5448,4250,2509,17,1414,30,280,997397,711184,0,
2021-03-30,6703,5302,3111,14,1791,23,363,1004100,716486,0,
2021-03-31,6745,5277,3125,21,1749,31,351,1010845,721763,0,
2021-04-01,6826,5421,3194,30,1824,19,354,1017671,727184,0,
2021-04-02,7881,6357,3570,36,2168,18,565,1025552,733541,0,
2021-04-03,7172,5700,3359,33,1844,17,447,1032724,739241,0,
2021-04-04,7174,5663,3347,32,1748,16,520,1039898,744904,0,
2021-04-05,7412,5883,3424,29,1936,22,472,1047310,750787,0,
2021-04-06,9602,7706,4388,39,2581,35,663,1056912,758493,0,
2021-04-07,9628,7740,4463,49,2495,25,708,1066540,766233,0,
2021-04-08,9649,7777,4481,42,2512,27,715,1076189,774010,0,
2021-04-09,9016,7264,4119,38,2336,22,749,1085205,781274,0,
2021-04-10,9029,7259,3994,39,2429,42,755,1094234,788533,0,
2021-04-11,8578,7020,3890,41,2344,32,713,1102812,795553,0,
2021-04-12,7832,6345,3505,32,2155,29,624,1110644,801898,0,
2021-04-13,9302,7502,4291,40,2343,38,790,1119946,809400,0,
2021-04-14,8678,7075,4006,31,2265,29,744,1128624,816475,0,
2021-04-15,8818,7215,4060,38,2235,34,848,1137442,823690,0,
2021-04-16,8087,6692,3809,29,2051,21,782,1145529,830382,0,
2021-04-17,8319,6921,3893,23,2288,28,689,1153848,837303,0,
2021-04-18,7900,6596,3758,35,2074,26,703,1161748,843899,0,
2021-04-19,7220,6061,3403,26,1969,33,630,1168968,849960,0,
2021-04-20,8775,7350,4152,34,2336,44,784,1177743,857310,0,
2021-04-21,8293,6975,4085,27,2163,32,668,1186036,864285,0,
2021-04-22,8218,6994,4061,28,2201,56,648,1194254,871279,0,
2021-04-23,7652,6484,3754,18,2066,58,588,1201906,877763,0,
2021-04-24,8084,6928,3990,33,2150,51,704,1209990,884691,0,
2021-04-25,7294,6141,3600,21,1933,23,564,1217284,890832,0,
2021-04-26,6780,5697,3372,21,1801,34,469,1224064,896529,0,
2021-04-27,8219,6946,4056,27,2164,47,652,1232283,903475,0,
2021-04-28,7676,6485,3877,20,1941,20,627,1239959,909960,0,
2021-04-29,8145,6891,4030,27,2113,24,697,1248104,916851,0,
2021-04-30,7148,6022,3589,22,1775,12,624,1255252,922873,0,
2021-05-01,7403,6295,3678,24,1879,40,674,1262655,929168,0,
2021-05-02,7052,6066,3571,18,1951,18,508,1269707,935234,0,
2021-05-03,6147,5257,3216,27,1566,12,436,1275854,940491,0,
2021-05-04,7550,6386,3856,26,2002,20,482,1283404,946877,0,
2021-05-05,6899,5802,3616,22,1748,25,391,1290303,952679,0,
2021-05-06,6776,5763,3542,27,1783,22,389,1297079,958442,0,
2021-05-07,6187,5175,3201,11,1571,14,378,1303266,963617,0,
2021-05-08,6305,5276,3263,19,1633,22,339,1309571,968893,0,
2021-05-09,5636,4752,2941,25,1490,10,286,1315207,973645,0,
2021-05-10,5028,4243,2693,20,1311,6,213,1320235,977888,0,
2021-05-11,6338,5248,3192,26,1651,19,360,1326573,983136,0,
2021-05-12,5513,4571,2806,26,1409,7,323,1332086,987707,0,
2021-05-13,5465,4545,2819,19,1439,7,261,1337551,992252,0,
2021-05-14,4976,4116,2599,18,1251,12,236,1342527,996368,0,
2021-05-15,4909,4064,2469,11,1297,10,277,1347436,1000432,0,
2021-05-16,4321,3555,2173,9,1137,9,227,1351757,1003987,0,
2021-05-17,3826,3142,1895,6,1059,11,171,1355583,1007129,0,
2021-05-18,4556,3721,2246,9,1148,13,305,1360139,1010850,0,
2021-05-19,4098,3299,1976,11,1040,7,265,1364237,1014149,0,
2021-05-20,3713,3005,1852,14,943,4,192,1367950,1017154,0,
2021-05-21,3491,2831,1708,8,868,7,240,1371441,1019985,0,
2021-05-22,3276,2651,1613,7,807,8,216,1374717,1022636,0,
2021-05-23,2662,2183,1336,8,701,4,134,1377379,1024819,0,
2021-05-24,2329,1864,1128,1,618,3,114,1379708,1026683,0,
2021-05-25,2433,1954,1187,6,642,2,117,1382141,1028637,0,
2021-05-26,2702,2165,1372,1,649,7,136,1384843,1030802,0,
2021-05-27,2429,1940,1237,7,588,4,104,1387272,1032742,0,
2021-05-28,2247,1809,1175,6,531,5,92,1389519,1034551,0,
2021-05-29,2110,1700,1103,8,496,6,87,1391629,1036251,0,
2021-05-30,1695,1350,844,1,426,6,73,1393324,1037601,0,
2021-05-31,1552,1251,816,6,372,7,50,1394876,1038852,0,
2021-06-01,1982,1593,1061,1,453,6,72,1396858,1040445,0,
2021-06-02,1856,1521,944,8,474,9,86,1398714,1041966,0,
2021-06-03,1747,1401,923,3,416,2,57,1400461,1043367,0,
2021-06-04,1514,1219,802,5,345,4,63,1401975,1044586,0,
2021-06-05,1495,1176,758,3,345,5,65,1403470,1045762,0,
2021-06-06,1236,998,650,3,296,6,43,1404706,1046760,0,
2021-06-07,1102,873,579,0,256,3,35,1405808,1047633,0,
2021-06-08,1465,1151,774,3,318,5,51,1407273,1048784,0,
2021-06-09,1223,956,601,2,291,8,54,1408496,1049740,0,
2021-06-10,1208,957,648,6,230,6,67,1409704,1050697,0,
2021-06-11,1195,926,645,6,213,9,53,1410899,1051623,0,
2021-06-12,1065,819,530,1,226,9,53,1411964,1052442,0,
2021-06-13,918,717,462,4,185,9,57,1412882,1053159,0,
2021-06-14,769,609,377,2,183,3,44,1413651,1053768,0,
2021-06-15,1058,793,520,3,220,12,38,1414709,1054561,0,
2021-06-16,922,696,477,0,186,6,27,1415631,1055257,0,
2021-06-17,868,649,435,1,161,11,41,1416499,1055906,0,
2021-06-18,730,546,369,2,144,6,25,1417229,1056452,0,
2021-06-19,739,569,373,3,146,16,31,1417968,1057021,0,
2021-06-20,579,453,267,0,142,6,38,1418547,1057474,0,
2021-06-21,574,425,255,3,134,5,28,1419121,1057899,0,
2021-06-22,711,553,334,1,164,9,45,1419832,1058452,0,
2021-06-23,680,504,308,2,146,6,42,1420512,1058956,0,
2021-06-24,678,495,316,1,143,4,31,1421190,1059451,0,
2021-06-25,597,456,275,4,132,11,34,1421787,1059907,0,
2021-06-26,554,418,262,3,113,6,34,1422341,1060325,0,
2021-06-27,484,357,212,3,112,8,22,1422825,1060682,0,
2021-06-28,448,320,185,1,99,4,31,1423273,1061002,0,
2021-06-29,567,415,243,1,122,9,40,1423840,1061417,0,
2021-06-30,503,351,174,2,117,12,46,1424343,1061768,0,
2021-07-01,494,388,217,4,110,12,45,1424837,1062156,0,
2021-07-02,425,292,167,2,92,11,20,1425262,1062448,0,
2021-07-03,445,324,173,0,103,8,40,1425707,1062772,0,
2021-07-04,439,338,182,2,116,18,20,1426146,1063110,0,
2021-07-05,418,302,161,2,113,4,22,1426564,1063412,0,
2021-07-06,533,367,214,3,118,7,25,1427097,1063779,0,
2021-07-07,507,361,212,4,117,10,18,1427604,1064140,0,
2021-07-08,445,314,173,4,109,12,16,1428049,1064454,0,
2021-07-09,373,256,140,3,87,12,14,1428422,1064710,,
2021-07-10,392,274,135,2,99,14,24,1428814,1064984,,
2021-07-11,360,267,141,2,100,15,9,1429174,1065251,,
2021-07-12,361,250,126,0,91,18,15,1429535,1065501,,
2021-07-13,488,365,192,1,140,12,20,1430023,1065866,,
2021-07-14,450,314,160,0,119,10,25,1430473,1066180,,
2021-07-15,503,353,177,0,122,33,21,1430976,1066533,,
2021-07-16,444,306,156,1,116,16,17,1431420,1066839,,
2021-07-17,485,351,184,6,125,16,20,1431905,1067190,,
2021-07-18,424,301,155,7,116,14,9,1432329,1067491,,
2021-07-19,504,358,174,7,145,16,16,1432833,1067849,,
2021-07-20,635,465,225,4,206,16,14,1433468,1068314,,
2021-07-21,713,523,259,10,229,12,13,1434181,1068837,,
2021-07-22,693,508,240,5,234,18,11,1434874,1069345,,
2021-07-23,634,452,230,9,186,14,13,1435508,1069797,,
2021-07-24,700,526,273,4,199,16,34,1436208,1070323,,
2021-07-25,652,497,290,4,177,15,11,1436860,1070820,,
2021-07-26,762,573,296,11,234,18,14,1437622,1071393,,
2021-07-27,1037,792,406,6,332,24,24,1438659,1072185,,
2021-07-28,978,738,402,10,291,12,23,1439637,1072923,,
2021-07-29,977,722,381,10,283,24,24,1440614,1073645,,
2021-07-30,968,700,365,11,286,20,18,1441582,1074345,,
2021-07-31,967,692,370,12,264,17,29,1442549,1075037,,
2021-08-01,1002,758,373,9,327,24,25,1443551,1075795,,
2021-08-02,1203,899,478,18,353,25,25,1444754,1076694,,
2021-08-03,1543,1075,488,19,506,28,34,1446297,1077769,,
2021-08-04,1779,1282,628,17,550,27,60,1448076,1079051,,
2021-08-05,1740,1245,603,21,552,19,50,1449816,1080296,,
2021-08-06,1711,1178,612,15,495,23,33,1451527,1081474,,
2021-08-07,1668,1105,535,13,485,21,51,1453195,1082579,,
2021-08-08,1713,1248,632,11,535,25,45,1454908,1083827,,
2021-08-09,1794,1293,667,23,540,20,43,1456702,1085120,,
2021-08-10,2238,1625,818,23,701,22,61,1458940,1086745,,
2021-08-11,2435,1789,855,27,792,41,74,1461375,1088534,,
2021-08-12,2348,1713,833,28,764,24,64,1463723,1090247,,
2021-08-13,2117,1539,762,26,665,35,51,1465840,1091786,,
2021-08-14,2135,1546,786,15,645,38,62,1467975,1093332,,
2021-08-15,2189,1639,840,25,688,28,58,1470164,1094971,,
2021-08-16,2265,1657,850,23,718,16,50,1472429,1096628,,
2021-08-17,3050,2251,1064,31,1048,32,76,1475479,1098879,,
2021-08-18,3010,2192,1073,31,981,29,78,1478489,1101071,,
2021-08-19,2999,2188,1045,35,1004,22,82,1481488,1103259,,
2021-08-20,2757,1987,968,18,904,27,70,1484245,1105246,,
2021-08-21,2864,2149,1014,22,1014,19,80,1487109,1107395,,
2021-08-22,2739,2096,947,15,1030,24,80,1489848,1109491,,
2021-08-23,2931,2216,938,21,1169,24,64,1492779,1111707,,
2021-08-24,3749,2760,1063,13,1556,32,96,1496528,1114467,,
2021-08-25,3774,2772,1034,8,1610,29,91,1500302,1117239,,
2021-08-26,3740,2716,977,6,1630,18,85,1504042,1119955,,
2021-08-27,3387,2479,950,5,1425,20,79,1507429,1122434,,
2021-08-28,3651,2621,915,6,1570,19,111,1511080,1125055,,
2021-08-29,3301,2457,915,8,1436,26,72,1514381,1127512,,
2021-08-30,3265,2417,840,6,1474,21,76,1517646,1129929,,
2021-08-31,4096,2919,1028,11,1772,23,85,1521742,1132848,,
2021-09-01,4065,2878,937,10,1828,17,86,1525807,1135726,,
2021-09-02,4457,3199,1090,6,1988,20,95,1530264,1138925,,
2021-09-03,3909,2812,998,4,1719,14,77,1534173,1141737,,
2021-09-04,4184,3030,1059,7,1845,25,94,1538357,1144767,,
2021-09-05,3654,2722,934,6,1716,17,49,1542011,1147489,,
2021-09-06,3589,2616,862,4,1685,10,55,1545600,1150105,,
2021-09-07,4038,2953,980,8,1874,10,81,1549638,1153058,,
2021-09-08,4878,3431,1181,4,2125,11,110,1554516,1156489,,
2021-09-09,4830,3368,1152,6,2110,16,84,1559346,1159857,,
2021-09-10,4450,3077,1052,6,1914,23,82,1563796,1162934,,
2021-09-11,4521,3184,1084,10,2016,11,63,1568317,1166118,,
2021-09-12,3807,2747,935,5,1723,10,74,1572124,1168865,,
2021-09-13,3765,2707,956,4,1663,11,73,1575889,1171572,,
2021-09-14,5002,3426,1182,6,2140,14,84,1580891,1174998,,
2021-09-15,4600,3224,1117,8,1967,24,108,1585491,1178222,,
2021-09-16,4586,3242,1168,7,1953,14,100,1590077,1181464,,
2021-09-17,4278,3082,1141,1,1843,8,89,1594355,1184546,,
2021-09-18,4450,3134,1153,3,1863,7,108,1598805,1187680,,
2021-09-19,3809,2806,1052,3,1658,15,78,1602614,1190486,,
2021-09-20,3657,2747,956,12,1697,8,74,1606271,1193233,,
2021-09-21,4923,3596,1327,4,2144,14,107,1611194,1196829,,
2021-09-22,4573,3303,1207,5,1989,11,91,1615767,1200132,,
2021-09-23,4334,3234,1253,7,1881,10,83,1620101,1203366,,
2021-09-24,4148,3017,1208,4,1718,18,69,1624249,1206383,,
2021-09-25,4230,3162,1189,8,1846,8,111,1628479,1209545,,
2021-09-26,3487,2674,1017,3,1583,6,65,1631966,1212219,,
2021-09-27,3583,2749,1053,6,1614,12,64,1635549,1214968,,
2021-09-28,4432,3199,1237,6,1855,14,87,1639981,1218167,,
2021-09-29,3803,2737,1087,7,1554,15,74,1643784,1220904,,
2021-09-30,3921,2852,1159,3,1602,18,70,1647705,1223756,,
2021-10-01,3289,2472,956,3,1447,10,56,1650994,1226228,,
2021-10-02,3676,2614,1038,0,1491,13,72,1654670,1228842,,
2021-10-03,2950,2176,905,2,1205,10,54,1657620,1231018,,
2021-10-04,2850,2044,873,4,1098,15,54,1660470,1233062,,
2021-10-05,3746,2591,1048,6,1453,15,69,1664216,1235653,,
2021-10-06,3452,2348,996,4,1265,10,73,1667668,1238001,,
2021-10-07,3269,2253,993,4,1193,5,58,1670937,1240254,,
2021-10-08,2949,1995,868,3,1039,9,76,1673886,1242249,,
2021-10-09,3104,2097,850,5,1165,11,66,1676990,1244346,,
2021-10-10,2652,1849,795,2,989,10,53,1679642,1246195,,
2021-10-11,2386,1714,747,2,906,10,49,1682028,1247909,,
2021-10-12,2612,1791,758,2,965,15,51,1684640,1249700,,
2021-10-13,3078,2067,870,2,1110,14,71,1687718,1251767,,
2021-10-14,2975,1972,899,0,1013,12,48,1690693,1253739,,
2021-10-15,2699,1843,786,4,992,11,50,1693392,1255582,,
2021-10-16,2615,1804,771,2,962,10,59,1696007,1257386,,
2021-10-17,2214,1606,701,0,856,10,39,1698221,1258992,,
2021-10-18,2125,1534,672,2,803,10,47,1700346,1260526,,
2021-10-19,2653,1840,827,1,940,14,58,1702999,1262366,,
2021-10-20,2335,1581,696,2,818,13,52,1705334,1263947,,
2021-10-21,2429,1681,756,4,856,8,57,1707763,1265628,,
2021-10-22,2247,1538,734,0,735,10,59,1710010,1267166,,
2021-10-23,2259,1597,712,4,819,4,58,1712269,1268763,,
2021-10-24,1871,1313,583,2,669,5,54,1714140,1270076,,
2021-10-25,1982,1415,618,2,739,9,47,1716122,1271491,,
2021-10-26,2484,1703,781,2,852,21,47,1718606,1273194,,
2021-10-27,2302,1576,727,1,765,17,66,1720908,1274770,,
2021-10-28,2297,1553,717,3,770,12,51,1723205,1276323,,
2021-10-29,2236,1486,703,1,709,9,64,1725441,1277809,,
2021-10-30,2229,1396,633,5,683,7,68,1727670,1279205,,
2021-10-31,2001,1332,629,1,635,16,51,1729671,1280537,,
2021-11-01,2045,1397,686,0,628,13,70,1731716,1281934,,
2021-11-02,2842,1953,881,4,954,11,103,1734558,1283887,,
2021-11-03,2694,1860,900,2,864,16,78,1737252,1285747,,
2021-11-04,2638,1890,880,1,879,22,108,1739890,1287637,,
2021-11-05,2544,1759,874,5,774,13,93,1742434,1289396,,
2021-11-06,2582,1759,868,3,777,15,96,1745016,1291155,,
2021-11-07,2357,1662,838,3,716,22,83,1747373,1292817,,
2021-11-08,2154,1440,711,2,628,14,85,1749527,1294257,,
2021-11-09,2776,1785,897,13,765,23,87,1752303,1296042,,
2021-11-10,2542,1628,877,7,639,21,84,1754845,1297670,,
2021-11-11,2626,1756,907,6,712,13,118,1757471,1299426,,
2021-11-12,2240,1472,742,2,630,20,78,1759711,1300898,,
2021-11-13,2447,1583,844,8,616,15,100,1762158,1302481,,
2021-11-14,2136,1460,795,4,576,12,73,1764294,1303941,,
2021-11-15,2184,1426,712,3,629,24,58,1766478,1305367,,
2021-11-16,2688,1739,957,4,680,15,83,1769166,1307106,,
2021-11-17,2547,1642,850,5,631,31,125,1771713,1308748,,
2021-11-18,2710,1747,881,1,719,33,113,1774423,1310495,,
2021-11-19,2404,1501,819,3,557,22,100,1776827,1311996,,
2021-11-20,2578,1621,827,3,646,25,120,1779405,1313617,,
2021-11-21,2266,1358,718,5,509,30,96,1781671,1314975,,
2021-11-22,2396,1470,786,5,576,18,85,1784067,1316445,,
2021-11-23,3129,1886,1015,2,700,29,140,1787196,1318331,,
2021-11-24,2906,1778,983,2,637,33,123,1790102,1320109,,
2021-11-25,2933,1764,950,6,648,25,135,1793035,1321873,,
2021-11-26,2660,1588,870,0,587,30,101,1795695,1323461,,
2021-11-27,2883,1693,876,5,618,22,172,1798578,1325154,,
2021-11-28,2543,1572,852,1,553,35,131,1801121,1326726,,
2021-11-29,2798,1624,857,1,566,45,155,1803919,1328350,,
2021-11-30,3498,1991,1025,2,729,63,172,1807417,1330341,,
2021-12-01,3345,1887,957,3,702,34,191,1810762,1332228,,
2021-12-02,3670,2045,1105,4,699,35,202,1814432,1334273,,
2021-12-03,3372,1902,953,4,667,40,238,1817804,1336175,,
2021-12-04,3727,2139,1102,5,732,37,263,1821531,1338314,,
2021-12-05,3153,1731,895,5,612,41,178,1824684,1340045,,
2021-12-06,3407,1941,1025,6,659,43,208,1828091,1341986,,
2021-12-07,4656,2631,1395,7,847,45,337,1832747,1344617,,
2021-12-08,4774,2683,1454,5,786,53,385,1837521,1347300,,
2021-12-09,4866,2818,1459,6,849,43,461,1842387,1350118,,
2021-12-10,4715,2610,1269,10,752,53,526,1847102,1352728,,
2021-12-11,5137,2956,1404,6,786,66,694,1852239,1355684,,
2021-12-12,5047,2989,1241,12,871,70,795,1857286,1358673,,
2021-12-13,6238,3733,1358,11,1063,80,1221,1863524,1362406,,
2021-12-14,9595,5660,1828,10,1497,123,2202,1873119,1368066,,
2021-12-15,10063,5805,1804,19,1477,104,2401,1883182,1373871,,
2021-12-16,10780,6042,1694,26,1342,91,2889,1893962,1379913,,
2021-12-17,11359,6207,1594,17,1252,102,3242,1905321,1386120,,
2021-12-18,14243,7875,1791,12,1676,120,4276,1919564,1393995,,
2021-12-19,14870,8458,1779,13,1809,104,4753,1934434,1402453,,
2021-12-20,18391,10309,1834,18,2517,113,5827,1952825,1412762,,
2021-12-21,29008,15888,2359,19,3660,137,9713,1981833,1428650,,
2021-12-22,30901,15944,2296,12,3486,108,10042,2012734,1444594,,
2021-12-23,30928,15014,1964,14,2887,102,10047,2043662,1459608,,
2021-12-24,30802,15495,1802,11,2790,70,10822,2074464,1475103,,
2021-12-25,27519,14390,1726,10,2680,76,9898,2101983,1489493,,
2021-12-26,22650,10616,1819,10,2577,71,6139,2124633,1500109,,
2021-12-27,31078,15181,2468,13,3475,64,9161,2155711,1515290,,
2021-12-28,43478,22228,2821,20,3885,80,15422,2199189,1537518,,
2021-12-29,51245,26890,2592,12,4677,67,19542,2250434,1564408,,
2021-12-30,54417,29552,2163,6,4684,56,22643,2304851,1593960,,
2021-12-31,51258,28859,1798,16,4249,63,22733,2356109,1622819,,
2022-01-01,37715,18962,1530,9,3803,58,13562,2393824,1641781,,
2022-01-02,25625,10554,1574,10,2451,67,6452,2419449,1652335,,
2022-01-03,31602,14803,1739,11,4294,71,8688,2451051,1667138,,
2022-01-04,43278,19922,2063,17,6453,81,11308,2494329,1687060,,
2022-01-05,42230,19142,1801,6,5827,82,11426,2536559,1706202,,
2022-01-06,37329,17122,1623,8,4998,73,10420,2573888,1723324,,
2022-01-07,30619,15148,1587,5,4628,68,8860,2604507,1738472,,
2022-01-08,28029,15156,1593,11,5011,56,8485,2632536,1753628,,
2022-01-09,20538,11369,1357,7,3509,57,6439,2653074,1764997,,
2022-01-10,19832,11120,1476,6,3418,69,6151,2672906,1776117,,
2022-01-11,28237,14637,1777,13,4214,57,8576,2701143,1790754,,
2022-01-12,25852,13254,1723,11,4149,52,7319,2726995,1804008,,
2022-01-13,23553,11488,1585,3,3592,43,6265,2750548,1815496,,
2022-01-14,21104,9895,1460,3,2829,45,5558,2771652,1825391,,
2022-01-15,19834,9025,1358,6,2433,36,5192,2791486,1834416,,
2022-01-16,14312,6909,1040,2,1925,48,3894,2805798,1841325,,
2022-01-17,13427,6508,1037,1,1956,55,3459,2819225,1847833,,
2022-01-18,16981,6844,1141,3,2244,39,3417,2836206,1854677,,
2022-01-19,16775,7550,1010,10,1951,35,4544,2852981,1862227,,
2022-01-20,15691,6571,843,4,1651,22,4051,2868672,1868798,,
2022-01-21,14123,5078,639,3,1142,14,3280,2882795,1873876,,
2022-01-22,12301,4594,514,1,948,12,3119,2895096,1878470,,
2022-01-23,8420,3205,365,0,596,6,2238,2903516,1881675,,
2022-01-24,6070,2458,213,0,374,4,1867,2909586,1884133,,
2022-01-25,4810,3164,119,0,202,0,2843,2914396,1887297,,
2022-01-26,1724,1606,28,0,23,0,1555,2916120,1888903,,
2022-01-27,60,60,0,0,0,0,60,2916180,1888963,,