date,new,NTotal_ExposureOnly,domestic-contactWithCase,domestic-contactWithTraveller,domestic-unknown,internationalTravel,infopending,cumulative,cumulativeNTotal_ExposureOnly,doubleFlagTest,shaded
2020-01-15,2,1,0,0,0,1,0,2,1,1,14
2020-01-16,5,3,1,0,2,0,0,7,4,1,
2020-01-17,3,1,0,0,0,1,0,10,5,0,
2020-01-18,1,0,0,0,0,0,0,11,5,0,
2020-01-19,0,0,0,0,0,0,0,11,5,0,
2020-01-20,1,0,0,0,0,0,0,12,5,0,
2020-01-21,4,0,0,0,0,0,0,16,5,1,
2020-01-22,6,4,1,0,1,2,0,22,9,0,
2020-01-23,0,0,0,0,0,0,0,22,9,0,
2020-01-24,3,2,0,0,0,2,0,25,11,0,
2020-01-25,4,2,1,0,1,0,0,29,13,0,
2020-01-26,2,1,1,0,0,0,0,31,14,0,
2020-01-27,8,3,2,0,1,0,0,39,17,1,
2020-01-28,7,2,1,0,0,1,0,46,19,0,
2020-01-29,3,1,0,0,0,0,1,49,20,0,
2020-01-30,4,1,1,0,0,0,0,53,21,0,
2020-01-31,2,1,0,0,1,0,0,55,22,0,
2020-02-01,7,5,3,0,1,1,0,62,27,0,
2020-02-02,3,2,0,0,1,1,0,65,29,0,
2020-02-03,2,1,0,0,1,0,0,67,30,0,
2020-02-04,2,2,0,0,2,0,0,69,32,0,
2020-02-05,3,3,1,0,1,1,0,72,35,0,
2020-02-06,0,0,0,0,0,0,0,72,35,0,
2020-02-07,0,0,0,0,0,0,0,72,35,0,
2020-02-08,2,0,0,0,0,0,0,74,35,0,
2020-02-09,2,2,1,0,0,1,0,76,37,0,
2020-02-10,2,2,0,0,1,1,0,78,39,1,
2020-02-11,2,1,0,0,1,0,0,80,40,0,
2020-02-12,4,3,2,0,1,0,0,84,43,0,
2020-02-13,1,1,0,0,0,1,0,85,44,0,
2020-02-14,6,5,0,0,3,2,0,91,49,0,
2020-02-15,3,2,1,0,0,1,0,94,51,0,
2020-02-16,1,1,0,0,0,1,0,95,52,0,
2020-02-17,2,2,1,0,0,1,0,97,54,0,
2020-02-18,2,2,2,0,0,0,0,99,56,0,
2020-02-19,4,4,2,0,1,1,0,103,60,0,
2020-02-20,10,10,4,1,3,2,0,113,70,0,
2020-02-21,3,3,0,0,1,2,0,116,73,0,
2020-02-22,8,8,2,0,3,3,0,124,81,0,
2020-02-23,22,22,11,0,3,7,1,146,103,0,
2020-02-24,15,14,3,0,2,9,0,161,117,1,
2020-02-25,16,16,4,0,2,10,0,177,133,0,
2020-02-26,14,13,6,1,4,2,0,191,146,0,
2020-02-27,27,26,12,0,7,7,0,218,172,0,
2020-02-28,39,37,17,0,6,14,0,257,209,0,
2020-02-29,27,27,8,0,7,12,0,284,236,0,
2020-03-01,60,59,12,0,26,20,1,344,295,1,
2020-03-02,56,56,8,0,18,30,0,400,351,0,
2020-03-03,55,55,15,0,12,28,0,455,406,0,
2020-03-04,62,58,13,1,14,30,0,517,464,0,
2020-03-05,67,67,12,1,23,31,0,584,531,0,
2020-03-06,86,85,17,2,26,40,0,670,616,0,
2020-03-07,91,91,14,3,30,44,0,761,707,1,
2020-03-08,135,134,27,2,45,60,0,896,841,0,
2020-03-09,224,223,44,10,79,90,0,1120,1064,0,
2020-03-10,258,255,56,9,72,118,0,1378,1319,0,
2020-03-11,296,296,74,11,85,125,1,1674,1615,1,
2020-03-12,391,389,92,9,128,159,1,2065,2004,0,
2020-03-13,466,459,124,8,151,174,2,2531,2463,0,
2020-03-14,468,466,98,15,168,183,2,2999,2929,0,
2020-03-15,609,601,152,10,212,225,2,3608,3530,1,
2020-03-16,849,839,254,11,308,265,1,4457,4369,0,
2020-03-17,876,865,260,16,320,264,5,5333,5234,0,
2020-03-18,977,965,283,19,356,303,4,6310,6199,0,
2020-03-19,813,802,253,13,298,235,3,7123,7001,0,
2020-03-20,1067,1055,362,21,424,239,9,8190,8056,1,
2020-03-21,914,895,320,8,326,237,4,9104,8951,0,
2020-03-22,876,860,320,13,340,185,2,9980,9811,0,
2020-03-23,1104,1080,464,16,418,173,9,11084,10891,0,
2020-03-24,1000,986,397,21,391,173,4,12084,11877,0,
2020-03-25,1016,993,450,13,414,108,8,13100,12870,0,
2020-03-26,947,929,449,12,342,117,9,14047,13799,0,
2020-03-27,973,959,483,8,372,84,12,15020,14758,0,
2020-03-28,978,966,472,9,390,84,11,15998,15724,0,
2020-03-29,892,880,462,7,355,50,6,16890,16604,1,
2020-03-30,1190,1174,584,10,489,78,13,18080,17778,0,
2020-03-31,1013,1001,560,3,357,68,13,19093,18779,0,
2020-04-01,1329,1315,756,12,454,84,9,20422,20094,0,
2020-04-02,1198,1188,749,11,374,46,8,21620,21282,0,
2020-04-03,1339,1328,887,6,374,53,8,22959,22610,0,
2020-04-04,1175,1170,745,9,371,28,17,24134,23780,0,
2020-04-05,1080,1074,680,5,368,13,8,25214,24854,0,
2020-04-06,1445,1438,884,11,515,14,14,26659,26292,0,
2020-04-07,1313,1304,793,13,469,16,13,27972,27596,0,
2020-04-08,1411,1403,884,10,489,6,14,29383,28999,0,
2020-04-09,1510,1505,968,14,495,4,24,30893,30504,0,
2020-04-10,1814,1806,1136,19,621,6,24,32707,32310,0,
2020-04-11,1715,1710,971,11,685,4,39,34422,34020,1,
2020-04-12,1448,1445,886,16,509,7,27,35870,35465,0,
2020-04-13,2132,2128,1168,33,889,6,32,38002,37593,0,
2020-04-14,1826,1819,1094,21,669,2,33,39828,39412,0,
2020-04-15,1961,1954,1231,22,672,4,25,41789,41366,0,
2020-04-16,1968,1959,1104,19,780,1,55,43757,43325,0,
2020-04-17,1864,1858,1104,17,699,3,35,45621,45183,0,
2020-04-18,1621,1615,1041,20,524,3,27,47242,46798,0,
2020-04-19,1234,1227,743,15,454,4,11,48476,48025,0,
2020-04-20,1847,1842,1082,10,713,2,35,50323,49867,0,
2020-04-21,1415,1411,841,13,522,6,29,51738,51278,0,
2020-04-22,1575,1567,911,13,612,1,30,53313,52845,0,
2020-04-23,1587,1573,917,18,602,5,31,54900,54418,0,
2020-04-24,1542,1534,931,11,547,2,43,56442,55952,0,
2020-04-25,1406,1398,823,14,474,5,82,57848,57350,0,
2020-04-26,1319,1313,789,13,464,4,43,59167,58663,0,
2020-04-27,1660,1645,951,12,637,5,40,60827,60308,0,
2020-04-28,1539,1525,925,18,554,6,22,62366,61833,0,
2020-04-29,1480,1473,806,4,647,2,14,63846,63306,0,
2020-04-30,1474,1465,829,4,612,3,17,65320,64771,0,
2020-05-01,1598,1582,895,8,656,4,19,66918,66353,0,
2020-05-02,1074,1068,657,8,385,0,18,67992,67421,0,
2020-05-03,1026,1022,621,6,380,5,10,69018,68443,1,
2020-05-04,1367,1357,775,6,553,2,21,70385,69800,0,
2020-05-05,1303,1295,728,6,534,1,26,71688,71095,0,
2020-05-06,1128,1124,661,8,435,2,18,72816,72219,0,
2020-05-07,1181,1173,712,4,432,6,19,73997,73392,0,
2020-05-08,1185,1178,701,7,454,1,15,75182,74570,0,
2020-05-09,1026,1018,634,8,354,4,18,76208,75588,0,
2020-05-10,922,917,543,7,351,5,11,77130,76505,0,
2020-05-11,1229,1224,729,8,450,7,30,78359,77729,0,
2020-05-12,1168,1156,718,2,410,6,20,79527,78885,0,
2020-05-13,1110,1098,650,3,426,3,16,80637,79983,0,
2020-05-14,1163,1160,686,3,452,5,14,81800,81143,0,
2020-05-15,1219,1213,711,0,477,11,14,83019,82356,0,
2020-05-16,996,993,601,2,375,2,13,84015,83349,0,
2020-05-17,912,900,537,2,342,8,11,84927,84249,0,
2020-05-18,1099,1082,618,2,450,5,7,86026,85331,0,
2020-05-19,967,959,582,3,362,4,8,86993,86290,0,
2020-05-20,1128,1113,654,2,445,1,11,88121,87403,0,
2020-05-21,884,871,547,2,305,6,11,89005,88274,0,
2020-05-22,848,832,513,0,312,5,2,89853,89106,0,
2020-05-23,706,688,443,1,234,4,6,90559,89794,0,
2020-05-24,653,644,401,0,228,4,11,91212,90438,0,
2020-05-25,861,844,508,3,312,4,17,92073,91282,0,
2020-05-26,746,729,459,1,256,7,6,92819,92011,0,
2020-05-27,719,701,423,2,264,2,10,93538,92712,0,
2020-05-28,598,581,362,2,204,2,11,94136,93293,0,
2020-05-29,737,728,444,0,276,3,5,94873,94021,0,
2020-05-30,563,554,397,2,152,1,2,95436,94575,0,
2020-05-31,407,397,258,0,130,3,6,95843,94972,0,
2020-06-01,689,679,395,6,249,6,23,96532,95651,0,
2020-06-02,501,485,320,1,155,5,4,97033,96136,0,
2020-06-03,495,487,322,4,149,4,8,97528,96623,0,
2020-06-04,467,452,265,1,169,11,6,97995,97075,0,
2020-06-05,451,437,312,0,119,3,3,98446,97512,0,
2020-06-06,374,366,234,1,124,4,3,98820,97878,0,
2020-06-07,312,303,213,1,83,1,5,99132,98181,0,
2020-06-08,439,423,288,6,114,10,5,99571,98604,0,
2020-06-09,374,366,244,3,110,4,5,99945,98970,0,
2020-06-10,443,435,259,5,152,10,9,100388,99405,0,
2020-06-11,376,360,242,3,107,5,3,100764,99765,0,
2020-06-12,376,370,224,5,132,6,3,101140,100135,0,
2020-06-13,277,271,181,1,83,5,1,101417,100406,0,
2020-06-14,301,293,186,0,95,9,3,101718,100699,0,
2020-06-15,400,392,243,4,134,7,4,102118,101091,0,
2020-06-16,373,357,234,2,106,10,5,102491,101448,0,
2020-06-17,366,356,229,0,117,6,4,102857,101804,0,
2020-06-18,330,316,198,1,109,4,4,103187,102120,0,
2020-06-19,337,334,231,0,88,11,4,103524,102454,0,
2020-06-20,287,279,186,0,84,8,1,103811,102733,0,
2020-06-21,271,268,176,0,85,4,3,104082,103001,0,
2020-06-22,326,317,211,2,96,4,4,104408,103318,0,
2020-06-23,330,325,219,2,91,6,7,104738,103643,0,
2020-06-24,289,285,183,2,87,9,4,105027,103928,0,
2020-06-25,474,461,326,2,122,5,6,105501,104389,0,
2020-06-26,283,270,170,0,83,11,6,105784,104659,0,
2020-06-27,254,247,165,1,71,7,3,106038,104906,0,
2020-06-28,240,234,135,1,88,9,1,106278,105140,0,
2020-06-29,336,327,198,2,107,10,10,106614,105467,0,
2020-06-30,314,299,197,4,93,2,3,106928,105766,0,
2020-07-01,286,274,177,8,83,5,1,107214,106040,0,
2020-07-02,268,258,161,1,83,6,7,107482,106298,0,
2020-07-03,312,294,185,2,91,13,3,107794,106592,0,
2020-07-04,298,281,173,3,94,10,1,108092,106873,0,
2020-07-05,273,268,177,3,81,6,1,108365,107141,0,
2020-07-06,516,491,268,2,176,17,28,108881,107632,0,
2020-07-07,527,506,263,6,208,19,10,109408,108138,0,
2020-07-08,449,419,279,4,121,10,5,109857,108557,0,
2020-07-09,458,431,268,3,139,12,9,110315,108988,0,
2020-07-10,416,389,258,5,107,14,5,110731,109377,0,
2020-07-11,387,373,228,3,128,12,2,111118,109750,0,
2020-07-12,400,381,236,3,134,6,2,111518,110131,0,
2020-07-13,607,570,358,12,185,12,3,112125,110701,0,
2020-07-14,551,504,299,4,181,13,7,112676,111205,0,
2020-07-15,575,519,311,3,174,16,15,113251,111724,0,
2020-07-16,469,419,259,4,136,17,3,113720,112143,0,
2020-07-17,515,463,272,6,167,7,11,114235,112606,0,
2020-07-18,414,381,228,2,137,7,7,114649,112987,0,
2020-07-19,398,357,202,4,138,11,2,115047,113344,0,
2020-07-20,536,473,264,6,184,14,5,115583,113817,0,
2020-07-21,530,469,267,10,181,6,5,116113,114286,0,
2020-07-22,454,381,181,6,180,10,4,116567,114667,0,
2020-07-23,457,355,175,3,164,7,6,117024,115022,0,
2020-07-24,465,376,180,7,177,5,7,117489,115398,0,
2020-07-25,315,232,108,4,111,6,3,117804,115630,0,
2020-07-26,342,220,102,6,100,10,2,118146,115850,0,
2020-07-27,487,329,176,3,131,14,5,118633,116179,0,
2020-07-28,425,285,155,1,111,14,4,119058,116464,0,
2020-07-29,410,246,138,2,99,3,4,119468,116710,0,
2020-07-30,345,213,109,1,87,6,10,119813,116923,0,
2020-07-31,348,220,120,0,85,10,5,120161,117143,0,
2020-08-01,344,208,113,8,62,17,8,120505,117351,0,
2020-08-02,338,197,124,6,59,6,2,120843,117548,0,
2020-08-03,446,273,162,2,98,10,1,121289,117821,0,
2020-08-04,452,313,186,0,100,20,7,121741,118134,0,
2020-08-05,386,277,171,9,87,8,2,122127,118411,0,
2020-08-06,353,249,160,4,72,7,6,122480,118660,0,
2020-08-07,392,301,189,2,92,6,12,122872,118961,0,
2020-08-08,335,237,151,4,76,2,4,123207,119198,0,
2020-08-09,325,254,149,7,87,8,3,123532,119452,0,
2020-08-10,480,365,215,8,124,12,6,124012,119817,0,
2020-08-11,478,359,220,5,122,11,1,124490,120176,0,
2020-08-12,411,322,211,11,86,11,3,124901,120498,0,
2020-08-13,429,350,223,8,107,10,2,125330,120848,0,
2020-08-14,382,303,176,7,108,9,3,125712,121151,0,
2020-08-15,370,302,171,7,111,7,6,126082,121453,0,
2020-08-16,382,291,166,14,104,4,3,126464,121744,0,
2020-08-17,554,415,264,11,126,7,7,127018,122159,0,
2020-08-18,434,348,205,4,123,4,12,127452,122507,0,
2020-08-19,459,352,208,9,120,5,10,127911,122859,0,
2020-08-20,454,353,223,5,108,4,13,128365,123212,0,
2020-08-21,430,334,207,9,104,5,9,128795,123546,0,
2020-08-22,398,333,225,7,93,5,3,129193,123879,0,
2020-08-23,409,316,203,3,103,6,1,129602,124195,0,
2020-08-24,585,433,265,15,137,7,9,130187,124628,0,
2020-08-25,620,451,291,12,137,10,1,130807,125079,0,
2020-08-26,624,454,287,13,144,5,5,131431,125533,0,
2020-08-27,496,364,231,11,109,3,10,131927,125897,0,
2020-08-28,564,414,262,11,126,6,9,132491,126311,0,
2020-08-29,457,327,207,10,87,5,18,132948,126638,0,
2020-08-30,559,397,242,4,127,7,17,133507,127035,0,
2020-08-31,653,429,260,11,133,9,16,134160,127464,0,
2020-09-01,755,513,301,18,162,7,25,134915,127977,0,
2020-09-02,791,530,333,12,153,8,24,135706,128507,0,
2020-09-03,671,455,267,5,164,4,15,136377,128962,0,
2020-09-04,725,479,287,9,158,10,15,137102,129441,0,
2020-09-05,675,414,254,9,125,9,17,137777,129855,0,
2020-09-06,693,421,270,4,134,8,5,138470,130276,1,
2020-09-07,803,487,298,8,159,9,13,139273,130763,0,
2020-09-08,974,610,352,14,218,10,16,140247,131373,0,
2020-09-09,1026,626,374,12,216,4,20,141273,131999,0,
2020-09-10,1023,650,378,6,226,9,31,142296,132649,0,
2020-09-11,982,639,358,10,247,9,15,143278,133288,0,
2020-09-12,987,652,389,8,234,3,18,144265,133940,0,
2020-09-13,977,611,344,8,241,6,12,145242,134551,0,
2020-09-14,1276,800,477,14,275,7,27,146518,135351,0,
2020-09-15,1331,797,445,10,304,3,35,147849,136148,0,
2020-09-16,1375,814,492,22,271,4,25,149224,136962,0,
2020-09-17,1344,770,478,21,237,7,27,150568,137732,0,
2020-09-18,1432,802,516,8,241,1,36,152000,138534,0,
2020-09-19,1247,700,389,18,269,6,18,153247,139234,0,
2020-09-20,1371,759,418,12,283,9,37,154618,139993,0,
2020-09-21,1840,1009,558,15,375,5,56,156458,141002,0,
2020-09-22,1882,960,522,13,366,8,51,158340,141962,0,
2020-09-23,1944,1003,555,13,343,2,90,160284,142965,0,
2020-09-24,1970,981,522,10,355,2,92,162254,143946,0,
2020-09-25,2069,1059,563,19,371,9,97,164323,145005,0,
2020-09-26,1892,946,501,7,337,4,97,166215,145951,0,
2020-09-27,1981,963,475,10,351,6,121,168196,146914,0,
2020-09-28,2500,1198,624,15,423,3,133,170696,148112,0,
2020-09-29,2279,1124,550,23,405,3,143,172975,149236,0,
2020-09-30,2272,1120,559,15,434,1,111,175247,150356,0,
2020-10-01,2180,1104,579,9,412,9,95,177427,151460,0,
2020-10-02,2149,1077,544,16,403,9,105,179576,152537,0,
2020-10-03,1842,939,473,18,350,10,88,181418,153476,0,
2020-10-04,1863,920,509,14,315,4,78,183281,154396,0,
2020-10-05,2483,1263,674,19,455,5,110,185764,155659,0,
2020-10-06,2338,1263,677,31,422,10,123,188102,156922,0,
2020-10-07,2298,1260,687,20,436,9,108,190400,158182,0,
2020-10-08,2264,1192,657,14,405,10,106,192664,159374,0,
2020-10-09,2312,1247,653,18,457,7,112,194976,160621,0,
2020-10-10,2180,1339,682,17,552,7,81,197156,161960,0,
2020-10-11,1926,1117,605,17,396,5,94,199082,163077,0,
2020-10-12,2345,1339,716,19,501,8,95,201427,164416,0,
2020-10-13,2587,1522,866,22,518,9,107,204014,165938,0,
2020-10-14,2525,1522,879,26,509,7,101,206539,167460,0,
2020-10-15,2585,1421,845,24,443,10,99,209124,168881,0,
2020-10-16,2663,1596,893,19,575,4,105,211787,170477,0,
2020-10-17,2314,1386,819,25,431,6,105,214101,171863,0,
2020-10-18,2240,1379,805,12,459,12,91,216341,173242,0,
2020-10-19,2984,1890,1125,22,613,7,123,219325,175132,0,
2020-10-20,2834,1854,1097,27,569,9,152,222159,176986,0,
2020-10-21,2803,1743,1010,32,542,9,150,224962,178729,0,
2020-10-22,2799,1798,1088,21,560,2,127,227761,180527,0,
2020-10-23,2824,1811,1040,30,600,7,134,230585,182338,0,
2020-10-24,2643,1758,1033,33,530,10,152,233228,184096,0,
2020-10-25,2649,1684,1024,32,506,7,115,235877,185780,0,
2020-10-26,3390,2170,1260,22,684,11,193,239267,187950,0,
2020-10-27,3363,2216,1341,36,667,9,163,242630,190166,0,
2020-10-28,3631,2422,1414,36,765,9,198,246261,192588,0,
2020-10-29,3113,1991,1241,32,589,7,122,249374,194579,0,
2020-10-30,3540,2353,1331,43,815,9,155,252914,196932,0,
2020-10-31,3168,2161,1356,31,628,8,138,256082,199093,0,
2020-11-01,3458,2305,1376,33,740,8,148,259540,201398,0,
2020-11-02,4572,3041,1836,43,959,7,196,264112,204439,0,
2020-11-03,4501,3048,1785,33,938,15,277,268613,207487,0,
2020-11-04,4632,3073,1903,47,914,7,202,273245,210560,0,
2020-11-05,4544,3032,1753,34,955,8,282,277789,213592,0,
2020-11-06,4638,3088,1809,22,999,11,247,282427,216680,0,
2020-11-07,4329,2866,1537,17,1092,9,211,286756,219546,0,
2020-11-08,4034,2667,1450,13,1021,8,175,290790,222213,0,
2020-11-09,5304,3551,1825,25,1439,14,248,296094,225764,0,
2020-11-10,5152,3427,1732,18,1428,15,234,301246,229191,0,
2020-11-11,4951,3406,1814,26,1342,9,215,306197,232597,0,
2020-11-12,5081,3574,1711,18,1600,12,233,311278,236171,0,
2020-11-13,5192,3697,1777,16,1659,16,229,316470,239868,0,
2020-11-14,4543,3399,1694,10,1505,13,177,321013,243267,0,
2020-11-15,4473,3302,1630,22,1484,18,148,325486,246569,0,
2020-11-16,5631,4085,2040,17,1829,22,177,331117,250654,0,
2020-11-17,5455,3984,1904,19,1797,14,250,336572,254638,0,
2020-11-18,5666,4185,2097,26,1850,12,200,342238,258823,0,
2020-11-19,5517,3974,1866,23,1858,16,211,347755,262797,0,
2020-11-20,5544,4134,1968,30,1911,15,210,353299,266931,0,
2020-11-21,5083,3790,1826,22,1758,15,169,358382,270721,0,
2020-11-22,4855,3522,1751,25,1547,22,177,363237,274243,0,
2020-11-23,6350,4572,2254,34,2025,16,243,369587,278815,0,
2020-11-24,6247,4598,2189,29,2105,11,264,375834,283413,0,
2020-11-25,6410,4681,2185,27,2138,15,316,382244,288094,0,
2020-11-26,6116,4536,2137,29,2153,18,199,388360,292630,0,
2020-11-27,6263,4526,2091,34,2164,19,218,394623,297156,0,
2020-11-28,5602,4078,2004,23,1755,15,281,400225,301234,0,
2020-11-29,5415,3845,1719,31,1847,16,232,405640,305079,0,
2020-11-30,6922,4913,2302,37,2280,21,273,412562,309992,0,
2020-12-01,6798,4808,2341,20,2181,7,259,419360,314800,0,
2020-12-02,6713,4799,2140,36,2347,14,262,426073,319599,0,
2020-12-03,6713,4695,2193,32,2159,18,293,432786,324294,0,
2020-12-04,6814,4801,2204,39,2272,10,276,439600,329095,0,
2020-12-05,5845,4077,1840,38,1937,11,251,445445,333172,0,
2020-12-06,5823,3993,1918,33,1750,31,261,451268,337165,0,
2020-12-07,7666,5290,2519,47,2351,27,346,458934,342455,0,
2020-12-08,7192,4881,2270,37,2194,17,363,466126,347336,0,
2020-12-09,6929,4727,2222,30,2079,19,377,473055,352063,0,
2020-12-10,6871,4631,2105,45,2108,24,349,479926,356694,0,
2020-12-11,6854,4686,2125,48,2134,22,357,486780,361380,0,
2020-12-12,6182,4064,1875,42,1803,24,320,492962,365444,0,
2020-12-13,5538,3643,1738,25,1581,16,283,498500,369087,0,
2020-12-14,7699,5046,2310,36,2198,29,473,506199,374133,0,
2020-12-15,7227,4762,2135,33,2146,17,431,513426,378895,0,
2020-12-16,6900,4545,2103,45,1955,10,432,520326,383440,0,
2020-12-17,6670,4308,1899,34,1924,30,421,526996,387748,0,
2020-12-18,6936,4524,2025,53,1993,20,433,533932,392272,0,
2020-12-19,5923,3725,1781,41,1580,17,306,539855,395997,0,
2020-12-20,5917,3759,1843,29,1563,20,304,545772,399756,0,
2020-12-21,7584,4691,2228,41,1932,16,474,553356,404447,0,
2020-12-22,7152,4387,2168,41,1730,22,426,560508,408834,0,
2020-12-23,7413,4607,2282,49,1798,30,448,567921,413441,0,
2020-12-24,6900,4409,2138,44,1800,14,413,574821,417850,0,
2020-12-25,5724,3515,1847,51,1324,15,278,580545,421365,0,
2020-12-26,7625,4980,2582,58,1966,25,349,588170,426345,0,
2020-12-27,7596,4931,2692,69,1774,20,376,595766,431276,0,
2020-12-28,8964,5763,3037,52,2190,25,459,604730,437039,0,
2020-12-29,8187,5292,2848,72,1902,16,454,612917,442331,0,
2020-12-30,7891,5015,2681,59,1767,41,467,620808,447346,0,
2020-12-31,7481,4938,2628,57,1804,16,433,628289,452284,0,
2021-01-01,7148,4478,2400,40,1646,28,364,635437,456762,0,
2021-01-02,7556,5097,2775,69,1765,44,444,642993,461859,0,
2021-01-03,7350,4749,2580,60,1667,50,392,650343,466608,0,
2021-01-04,8962,5822,3127,67,2040,31,557,659305,472430,0,
2021-01-05,7857,5131,2816,63,1716,51,485,667162,477561,0,
2021-01-06,7761,4997,2671,59,1653,53,561,674923,482558,0,
2021-01-07,6908,4444,2386,51,1475,38,494,681831,487002,0,
2021-01-08,6783,4428,2367,57,1467,41,496,688614,491430,0,
2021-01-09,5998,3872,2072,52,1301,40,407,694612,495302,0,
2021-01-10,5592,3661,1954,56,1243,29,379,700204,498963,0,
2021-01-11,6901,4588,2518,58,1473,37,502,707105,503551,0,
2021-01-12,6112,4014,2176,70,1287,29,452,713217,507565,0,
2021-01-13,6108,4025,2118,47,1342,33,485,719325,511590,0,
2021-01-14,5667,3819,2087,43,1216,28,445,724992,515409,0,
2021-01-15,6032,3894,2092,40,1330,30,402,731024,519303,0,
2021-01-16,4727,3164,1693,36,1123,20,292,735751,522467,0,
2021-01-17,4488,2974,1593,36,977,37,331,740239,525441,0,
2021-01-18,5683,3781,2015,38,1219,31,478,745922,529222,0,
2021-01-19,5237,3463,1834,46,1114,12,457,751159,532685,0,
2021-01-20,5068,3363,1840,53,1080,24,366,756227,536048,0,
2021-01-21,4796,3192,1712,28,1027,26,399,761023,539240,0,
2021-01-22,4536,3070,1681,39,1018,18,314,765559,542310,0,
2021-01-23,3955,2658,1445,43,869,14,287,769514,544968,0,
2021-01-24,3525,2350,1275,26,788,11,250,773039,547318,0,
2021-01-25,4658,3030,1634,36,948,18,394,777697,550348,0,
2021-01-26,4112,2667,1440,38,832,10,347,781809,553015,0,
2021-01-27,4219,2801,1550,28,887,15,321,786028,555816,0,
2021-01-28,3903,2501,1342,29,845,17,268,789931,558317,0,
2021-01-29,3804,2448,1312,38,852,14,232,793735,560765,0,
2021-01-30,3167,2094,1096,23,734,10,231,796902,562859,0,
2021-01-31,2887,1889,1067,23,602,18,179,799789,564748,0,
2021-02-01,4136,2707,1398,21,894,15,379,803925,567455,0,
2021-02-02,3636,2374,1299,32,777,14,252,807561,569829,0,
2021-02-03,3550,2321,1268,21,782,10,240,811111,572150,0,
2021-02-04,3343,2195,1185,26,727,14,243,814454,574345,0,
2021-02-05,3368,2210,1162,25,765,16,242,817822,576555,0,
2021-02-06,2798,1885,1059,17,670,7,132,820620,578440,0,
2021-02-07,2653,1768,998,24,596,13,137,823273,580208,0,
2021-02-08,3521,2338,1342,18,744,9,225,826794,582546,0,
2021-02-09,3244,2109,1204,27,687,13,178,830038,584655,0,
2021-02-10,3303,2249,1337,28,744,5,135,833341,586904,0,
2021-02-11,2907,1963,1196,23,602,7,135,836248,588867,0,
2021-02-12,3126,2090,1209,21,681,7,172,839374,590957,0,
2021-02-13,2681,1910,1155,17,579,4,155,842055,592867,0,
2021-02-14,2546,1733,1052,16,551,21,93,844601,594600,0,
2021-02-15,3069,2037,1240,32,630,7,128,847670,596637,0,
2021-02-16,3028,2116,1278,26,638,13,161,850698,598753,0,
2021-02-17,3119,2151,1314,29,628,8,172,853817,600904,0,
2021-02-18,3051,2127,1286,30,604,7,200,856868,603031,0,
2021-02-19,3004,2106,1253,24,657,5,167,859872,605137,0,
2021-02-20,2749,1906,1149,25,597,12,123,862621,607043,0,
2021-02-21,2536,1798,1052,14,596,10,126,865157,608841,0,
2021-02-22,3227,2227,1321,15,689,6,196,868384,611068,0,
2021-02-23,3027,2151,1311,11,669,4,156,871411,613219,0,
2021-02-24,3126,2159,1335,18,633,7,166,874537,615378,0,
2021-02-25,2852,2023,1234,15,619,4,151,877389,617401,0,
2021-02-26,2943,2099,1301,18,609,10,161,880332,619500,0,
2021-02-27,2723,2012,1231,11,600,14,156,883055,621512,0,
2021-02-28,2668,1957,1196,20,590,9,142,885723,623469,0,
2021-03-01,3532,2545,1499,19,804,8,215,889255,626014,0,
2021-03-02,3142,2291,1413,22,676,7,173,892397,628305,0,
2021-03-03,3319,2381,1478,18,713,15,157,895716,630686,0,
2021-03-04,2898,2173,1320,21,669,16,147,898614,632859,0,
2021-03-05,3233,2400,1516,21,691,4,168,901847,635259,0,
2021-03-06,2827,2115,1306,5,634,13,157,904674,637374,0,
2021-03-07,2716,2024,1212,13,660,9,130,907390,639398,0,
2021-03-08,3569,2670,1634,13,797,20,206,910959,642068,0,
2021-03-09,3379,2576,1587,24,749,11,205,914338,644644,0,
2021-03-10,3690,2802,1732,22,802,18,228,918028,647446,0,
2021-03-11,3307,2479,1524,14,720,19,202,921335,649925,0,
2021-03-12,3423,2622,1584,10,781,16,231,924758,652547,0,
2021-03-13,3181,2436,1538,10,719,10,159,927939,654983,0,
2021-03-14,3084,2288,1388,11,710,26,153,931023,657271,0,
2021-03-15,4178,3315,2012,12,1043,18,230,935201,660586,0,
2021-03-16,4036,3124,1943,11,932,13,225,939237,663710,0,
2021-03-17,4425,3531,2251,8,1034,21,217,943662,667241,0,
2021-03-18,4029,3180,2046,11,906,17,200,947691,670421,0,
2021-03-19,4382,3433,2092,12,1072,20,237,952073,673854,0,
2021-03-20,4201,3313,2014,11,1078,8,202,956274,677167,0,
2021-03-21,4216,3329,1979,16,1083,31,220,960490,680496,0,
2021-03-22,5362,4147,2466,19,1361,14,287,965852,684643,0,
2021-03-23,5603,4329,2505,24,1463,25,312,971455,688972,0,
2021-03-24,5647,4480,2711,21,1403,30,315,977102,693452,0,
2021-03-25,5257,4088,2418,17,1328,19,306,982359,697540,0,
2021-03-26,5693,4494,2653,22,1436,25,358,988052,702034,0,
2021-03-27,5404,4232,2501,22,1426,13,270,993456,706266,0,
2021-03-28,5457,4245,2508,16,1411,30,280,998913,710511,0,
2021-03-29,6712,5298,3105,14,1791,23,365,1005625,715809,0,
2021-03-30,6753,5264,3117,21,1744,31,351,1012378,721073,0,
2021-03-31,6838,5414,3189,30,1822,19,354,1019216,726487,0,
2021-04-01,7897,6357,3567,36,2171,18,565,1027113,732844,0,
2021-04-02,7189,5701,3358,33,1844,17,449,1034302,738545,0,
2021-04-03,7181,5656,3344,32,1743,16,521,1041483,744201,0,
2021-04-04,7418,5880,3421,29,1933,22,475,1048901,750081,0,
2021-04-05,9633,7707,4386,39,2579,34,669,1058534,757788,0,
2021-04-06,9624,7722,4450,49,2489,25,709,1068158,765510,0,
2021-04-07,9672,7775,4474,42,2510,28,721,1077830,773285,0,
2021-04-08,9031,7257,4109,38,2335,22,753,1086861,780542,0,
2021-04-09,9047,7261,3988,39,2426,41,767,1095908,787803,0,
2021-04-10,8573,6998,3883,41,2336,32,706,1104481,794801,0,
2021-04-11,7829,6327,3503,32,2154,28,610,1112310,801128,0,
2021-04-12,9304,7483,4286,40,2340,37,780,1121614,808611,0,
2021-04-13,8701,7069,4002,30,2266,28,743,1130315,815680,0,
2021-04-14,8833,7201,4054,37,2232,34,844,1139148,822881,0,
2021-04-15,8106,6686,3807,29,2051,19,780,1147254,829567,0,
2021-04-16,8329,6911,3890,23,2281,28,689,1155583,836478,0,
2021-04-17,7912,6593,3756,35,2072,26,704,1163495,843071,0,
2021-04-18,7225,6055,3396,26,1969,33,631,1170720,849126,0,
2021-04-19,8793,7343,4146,34,2335,44,784,1179513,856469,0,
2021-04-20,8308,6971,4081,27,2163,32,668,1187821,863440,0,
2021-04-21,8235,6987,4054,28,2200,56,649,1196056,870427,0,
2021-04-22,7658,6477,3748,18,2063,58,590,1203714,876904,0,
2021-04-23,8089,6911,3977,33,2145,51,705,1211803,883815,0,
2021-04-24,7302,6131,3592,21,1930,23,565,1219105,889946,0,
2021-04-25,6792,5690,3367,21,1799,34,469,1225897,895636,0,
2021-04-26,8228,6932,4044,27,2163,47,651,1234125,902568,0,
2021-04-27,7684,6479,3875,20,1938,20,626,1241809,909047,0,
2021-04-28,8169,6887,4026,26,2112,25,698,1249978,915934,0,
2021-04-29,7164,6017,3584,21,1774,12,626,1257142,921951,0,
2021-04-30,7413,6287,3668,24,1877,40,678,1264555,928238,0,
2021-05-01,7053,6051,3561,18,1946,18,508,1271608,934289,0,
2021-05-02,6146,5243,3211,27,1566,12,427,1277754,939532,0,
2021-05-03,7572,6377,3852,26,1999,20,480,1285326,945909,0,
2021-05-04,6911,5795,3612,22,1744,25,392,1292237,951704,0,
2021-05-05,6786,5755,3534,27,1784,22,388,1299023,957459,0,
2021-05-06,6195,5165,3194,11,1569,13,378,1305218,962624,0,
2021-05-07,6317,5269,3258,19,1631,22,339,1311535,967893,0,
2021-05-08,5649,4749,2938,25,1490,10,286,1317184,972642,0,
2021-05-09,5038,4237,2688,20,1310,6,213,1322222,976879,0,
2021-05-10,6356,5235,3181,26,1649,19,360,1328578,982114,0,
2021-05-11,5520,4561,2800,26,1405,7,323,1334098,986675,0,
2021-05-12,5468,4535,2816,18,1435,7,259,1339566,991210,0,
2021-05-13,4977,4111,2594,18,1251,12,236,1344543,995321,0,
2021-05-14,4930,4057,2463,11,1297,10,276,1349473,999378,0,
2021-05-15,4323,3549,2168,9,1134,11,227,1353796,1002927,0,
2021-05-16,3835,3136,1890,6,1057,11,172,1357631,1006063,0,
2021-05-17,4568,3716,2241,9,1148,13,305,1362199,1009779,0,
2021-05-18,4110,3296,1976,11,1037,7,265,1366309,1013075,0,
2021-05-19,3720,2997,1844,14,943,4,192,1370029,1016072,0,
2021-05-20,3504,2832,1709,8,868,7,240,1373533,1018904,0,
2021-05-21,3283,2650,1613,7,806,8,216,1376816,1021554,0,
2021-05-22,2663,2180,1334,8,701,4,133,1379479,1023734,0,
2021-05-23,2328,1863,1127,1,618,3,114,1381807,1025597,0,
2021-05-24,2438,1952,1186,6,641,2,117,1384245,1027549,0,
2021-05-25,2708,2163,1369,1,650,7,136,1386953,1029712,0,
2021-05-26,2434,1939,1236,7,588,4,104,1389387,1031651,0,
2021-05-27,2259,1808,1175,6,530,5,92,1391646,1033459,0,
2021-05-28,2122,1702,1104,8,497,6,87,1393768,1035161,0,
2021-05-29,1694,1347,843,1,425,6,72,1395462,1036508,0,
2021-05-30,1557,1248,812,6,373,7,50,1397019,1037756,0,
2021-05-31,1988,1591,1059,1,453,6,72,1399007,1039347,0,
2021-06-01,1859,1518,942,8,473,9,86,1400866,1040865,0,
2021-06-02,1755,1402,924,3,416,2,57,1402621,1042267,0,
2021-06-03,1517,1217,802,5,343,4,63,1404138,1043484,0,
2021-06-04,1501,1172,757,3,341,5,66,1405639,1044656,0,
2021-06-05,1234,995,648,2,296,6,43,1406873,1045651,0,
2021-06-06,1108,872,579,0,255,3,35,1407981,1046523,0,
2021-06-07,1485,1153,776,3,318,5,51,1409466,1047676,0,
2021-06-08,1226,957,600,2,292,8,55,1410692,1048633,0,
2021-06-09,1211,955,647,6,229,6,67,1411903,1049588,0,
2021-06-10,1202,928,645,6,215,9,53,1413105,1050516,0,
2021-06-11,1070,820,531,1,226,9,53,1414175,1051336,0,
2021-06-12,922,716,462,4,184,9,57,1415097,1052052,0,
2021-06-13,777,608,377,2,182,3,44,1415874,1052660,0,
2021-06-14,1068,793,519,3,221,12,38,1416942,1053453,0,
2021-06-15,932,696,477,0,186,6,27,1417874,1054149,0,
2021-06-16,871,647,435,1,160,10,41,1418745,1054796,0,
2021-06-17,737,547,369,2,144,7,25,1419482,1055343,0,
2021-06-18,744,566,371,3,145,16,31,1420226,1055909,0,
2021-06-19,584,452,266,0,142,6,38,1420810,1056361,0,
2021-06-20,584,425,255,3,134,5,28,1421394,1056786,0,
2021-06-21,724,551,332,1,164,9,45,1422118,1057337,0,
2021-06-22,689,506,309,2,147,6,42,1422807,1057843,0,
2021-06-23,683,495,316,1,143,4,31,1423490,1058338,0,
2021-06-24,599,456,275,4,132,11,34,1424089,1058794,0,
2021-06-25,564,418,262,3,113,6,34,1424653,1059212,0,
2021-06-26,488,357,212,3,112,8,22,1425141,1059569,0,
2021-06-27,453,319,184,1,99,4,31,1425594,1059888,0,
2021-06-28,577,415,243,1,122,9,40,1426171,1060303,0,
2021-06-29,505,351,174,2,117,12,46,1426676,1060654,0,
2021-06-30,502,386,216,4,109,12,45,1427178,1061040,0,
2021-07-01,432,292,167,2,92,11,20,1427610,1061332,0,
2021-07-02,451,323,172,0,103,8,40,1428061,1061655,0,
2021-07-03,447,338,182,2,116,18,20,1428508,1061993,0,
2021-07-04,423,302,160,2,114,4,22,1428931,1062295,0,
2021-07-05,541,367,214,3,118,7,25,1429472,1062662,0,
2021-07-06,513,360,212,4,116,10,18,1429985,1063022,0,
2021-07-07,454,314,173,4,109,12,16,1430439,1063336,0,
2021-07-08,379,255,140,3,86,12,14,1430818,1063591,0,
2021-07-09,392,274,135,2,99,14,24,1431210,1063865,,
2021-07-10,365,267,141,2,100,15,9,1431575,1064132,,
2021-07-11,366,250,126,0,91,18,15,1431941,1064382,,
2021-07-12,498,365,192,1,140,12,20,1432439,1064747,,
2021-07-13,451,313,160,0,118,10,25,1432890,1065060,,
2021-07-14,510,353,177,0,122,33,21,1433400,1065413,,
2021-07-15,450,306,156,1,116,16,17,1433850,1065719,,
2021-07-16,492,350,183,6,125,16,20,1434342,1066069,,
2021-07-17,428,301,155,7,116,14,9,1434770,1066370,,
2021-07-18,510,354,171,7,144,16,16,1435280,1066724,,
2021-07-19,642,465,225,4,206,16,14,1435922,1067189,,
2021-07-20,715,520,258,10,227,12,13,1436637,1067709,,
2021-07-21,698,508,240,5,234,18,11,1437335,1068217,,
2021-07-22,635,451,230,9,185,14,13,1437970,1068668,,
2021-07-23,704,524,272,4,198,16,34,1438674,1069192,,
2021-07-24,656,496,290,4,176,15,11,1439330,1069688,,
2021-07-25,775,572,295,11,234,18,14,1440105,1070260,,
2021-07-26,1045,790,405,5,332,24,24,1441150,1071050,,
2021-07-27,989,739,403,10,290,12,24,1442139,1071789,,
2021-07-28,983,721,381,10,283,24,23,1443122,1072510,,
2021-07-29,973,700,365,11,286,20,18,1444095,1073210,,
2021-07-30,975,691,370,11,264,17,29,1445070,1073901,,
2021-07-31,1009,756,373,9,325,24,25,1446079,1074657,,
2021-08-01,1210,897,478,17,352,25,25,1447289,1075554,,
2021-08-02,1558,1072,488,19,503,28,34,1448847,1076626,,
2021-08-03,1790,1278,625,17,549,27,60,1450637,1077904,,
2021-08-04,1759,1242,603,21,549,19,50,1452396,1079146,,
2021-08-05,1721,1174,608,15,495,23,33,1454117,1080320,,
2021-08-06,1676,1105,535,13,485,21,51,1455793,1081425,,
2021-08-07,1725,1245,630,11,534,25,45,1457518,1082670,,
2021-08-08,1807,1292,666,23,540,20,43,1459325,1083962,,
2021-08-09,2243,1623,816,23,701,22,61,1461568,1085585,,
2021-08-10,2439,1783,855,27,786,41,74,1464007,1087368,,
2021-08-11,2353,1712,832,28,764,24,64,1466360,1089080,,
2021-08-12,2128,1537,761,26,665,34,51,1468488,1090617,,
2021-08-13,2144,1547,787,15,645,38,62,1470632,1092164,,
2021-08-14,2193,1635,838,25,686,28,58,1472825,1093799,,
2021-08-15,2273,1655,850,23,716,16,50,1475098,1095454,,
2021-08-16,3053,2245,1063,31,1043,32,76,1478151,1097699,,
2021-08-17,3017,2191,1072,31,982,29,77,1481168,1099890,,
2021-08-18,3006,2187,1045,35,1002,22,83,1484174,1102077,,
2021-08-19,2770,1986,968,18,902,27,71,1486944,1104063,,
2021-08-20,2872,2147,1014,22,1012,19,80,1489816,1106210,,
2021-08-21,2753,2096,948,15,1029,24,80,1492569,1108306,,
2021-08-22,2934,2216,940,21,1167,24,64,1495503,1110522,,
2021-08-23,3761,2762,1067,13,1554,32,96,1499264,1113284,,
2021-08-24,3782,2770,1037,8,1606,29,90,1503046,1116054,,
2021-08-25,3753,2713,977,6,1626,18,86,1506799,1118767,,
2021-08-26,3401,2481,954,5,1422,20,80,1510200,1121248,,
2021-08-27,3664,2621,918,6,1567,19,111,1513864,1123869,,
2021-08-28,3306,2455,915,8,1434,26,72,1517170,1126324,,
2021-08-29,3274,2412,840,6,1469,21,76,1520444,1128736,,
2021-08-30,4110,2922,1037,11,1766,23,85,1524554,1131658,,
2021-08-31,4067,2872,941,10,1818,17,86,1528621,1134530,,
2021-09-01,4471,3198,1090,6,1987,20,95,1533092,1137728,,
2021-09-02,3921,2806,998,4,1713,14,77,1537013,1140534,,
2021-09-03,4194,3030,1063,7,1841,25,94,1541207,1143564,,
2021-09-04,3663,2719,931,6,1716,17,49,1544870,1146283,,
2021-09-05,3601,2613,863,4,1681,10,55,1548471,1148896,,
2021-09-06,4050,2949,979,8,1871,10,81,1552521,1151845,,
2021-09-07,4880,3425,1181,4,2119,11,110,1557401,1155270,,
2021-09-08,4850,3369,1157,6,2106,16,84,1562251,1158639,,
2021-09-09,4470,3076,1054,6,1911,23,82,1566721,1161715,,
2021-09-10,4529,3178,1085,10,2009,11,63,1571250,1164893,,
2021-09-11,3815,2742,935,5,1718,10,74,1575065,1167635,,
2021-09-12,3776,2704,957,4,1659,11,73,1578841,1170339,,
2021-09-13,5019,3425,1183,6,2138,14,84,1583860,1173764,,
2021-09-14,4624,3219,1116,8,1963,24,108,1588484,1176983,,
2021-09-15,4600,3236,1168,7,1946,14,101,1593084,1180219,,
2021-09-16,4294,3074,1136,1,1840,8,89,1597378,1183293,,
2021-09-17,4467,3135,1153,3,1864,7,108,1601845,1186428,,
2021-09-18,3815,2797,1053,3,1649,15,77,1605660,1189225,,
2021-09-19,3672,2746,956,12,1696,8,74,1609332,1191971,,
2021-09-20,4937,3587,1327,4,2135,14,107,1614269,1195558,,
2021-09-21,4597,3300,1208,5,1985,11,91,1618866,1198858,,
2021-09-22,4356,3230,1254,7,1876,10,83,1623222,1202088,,
2021-09-23,4165,3015,1206,4,1718,18,69,1627387,1205103,,
2021-09-24,4248,3163,1190,8,1846,8,111,1631635,1208266,,
2021-09-25,3496,2671,1016,3,1581,6,65,1635131,1210937,,
2021-09-26,3592,2743,1053,6,1608,12,64,1638723,1213680,,
2021-09-27,4449,3197,1237,6,1853,14,87,1643172,1216877,,
2021-09-28,3820,2736,1088,7,1552,15,74,1646992,1219613,,
2021-09-29,3938,2851,1160,3,1600,18,70,1650930,1222464,,
2021-09-30,3312,2471,958,3,1445,10,55,1654242,1224935,,
2021-10-01,3698,2611,1038,0,1488,13,72,1657940,1227546,,
2021-10-02,2961,2170,907,2,1198,10,53,1660901,1229716,,
2021-10-03,2866,2046,878,4,1095,15,54,1663767,1231762,,
2021-10-04,3764,2589,1048,6,1451,15,69,1667531,1234351,,
2021-10-05,3463,2348,998,4,1263,10,73,1670994,1236699,,
2021-10-06,3287,2250,991,4,1192,5,58,1674281,1238949,,
2021-10-07,2971,1995,868,3,1040,9,75,1677252,1240944,,
2021-10-08,3127,2096,850,5,1164,11,66,1680379,1243040,,
2021-10-09,2667,1850,797,2,988,10,53,1683046,1244890,,
2021-10-10,2398,1712,746,2,905,10,49,1685444,1246602,,
2021-10-11,2624,1790,758,2,964,15,51,1688068,1248392,,
2021-10-12,3104,2067,873,2,1109,14,69,1691172,1250459,,
2021-10-13,2980,1966,899,0,1007,12,48,1694152,1252425,,
2021-10-14,2720,1842,785,4,992,11,50,1696872,1254267,,
2021-10-15,2628,1803,770,2,961,10,60,1699500,1256070,,
2021-10-16,2230,1606,701,0,856,10,39,1701730,1257676,,
2021-10-17,2141,1532,670,2,802,10,48,1703871,1259208,,
2021-10-18,2672,1840,828,1,940,14,57,1706543,1261048,,
2021-10-19,2349,1579,696,2,816,13,52,1708892,1262627,,
2021-10-20,2446,1684,759,4,856,8,57,1711338,1264311,,
2021-10-21,2258,1536,734,0,732,10,60,1713596,1265847,,
2021-10-22,2271,1595,712,4,818,4,57,1715867,1267442,,
2021-10-23,1885,1312,583,2,668,5,54,1717752,1268754,,
2021-10-24,2001,1416,620,2,738,9,47,1719753,1270170,,
2021-10-25,2497,1702,782,2,850,21,47,1722250,1271872,,
2021-10-26,2323,1576,727,1,765,17,66,1724573,1273448,,
2021-10-27,2312,1551,718,3,767,12,51,1726885,1274999,,
2021-10-28,2254,1489,705,1,709,9,65,1729139,1276488,,
2021-10-29,2245,1396,634,5,682,7,68,1731384,1277884,,
2021-10-30,2016,1336,632,1,636,16,51,1733400,1279220,,
2021-10-31,2060,1397,686,0,628,13,70,1735460,1280617,,
2021-11-01,2865,1954,882,4,953,11,104,1738325,1282571,,
2021-11-02,2715,1860,902,2,862,16,78,1741040,1284431,,
2021-11-03,2653,1890,880,1,879,22,108,1743693,1286321,,
2021-11-04,2566,1760,876,5,774,13,92,1746259,1288081,,
2021-11-05,2591,1761,869,3,776,15,98,1748850,1289842,,
2021-11-06,2367,1666,840,3,717,22,84,1751217,1291508,,
2021-11-07,2164,1440,711,2,628,14,85,1753381,1292948,,
2021-11-08,2803,1788,900,13,765,23,87,1756184,1294736,,
2021-11-09,2564,1627,876,7,639,21,84,1758748,1296363,,
2021-11-10,2650,1759,909,6,713,13,118,1761398,1298122,,
2021-11-11,2257,1476,744,2,632,20,78,1763655,1299598,,
2021-11-12,2456,1585,844,8,616,15,102,1766111,1301183,,
2021-11-13,2146,1463,799,4,575,12,73,1768257,1302646,,
2021-11-14,2200,1427,713,3,629,24,58,1770457,1304073,,
2021-11-15,2709,1741,957,4,682,15,83,1773166,1305814,,
2021-11-16,2575,1644,851,5,632,31,125,1775741,1307458,,
2021-11-17,2739,1750,881,1,720,33,115,1778480,1309208,,
2021-11-18,2422,1501,820,3,556,22,100,1780902,1310709,,
2021-11-19,2603,1623,828,3,646,25,121,1783505,1312332,,
2021-11-20,2287,1359,719,5,508,30,97,1785792,1313691,,
2021-11-21,2403,1470,784,5,576,19,86,1788195,1315161,,
2021-11-22,3157,1885,1016,2,699,29,139,1791352,1317046,,
2021-11-23,2932,1777,983,2,638,33,121,1794284,1318823,,
2021-11-24,2957,1771,955,6,651,25,134,1797241,1320594,,
2021-11-25,2689,1590,870,0,590,30,100,1799930,1322184,,
2021-11-26,2899,1693,876,5,618,22,172,1802829,1323877,,
2021-11-27,2564,1573,852,1,554,35,131,1805393,1325450,,
2021-11-28,2807,1623,859,1,564,45,154,1808200,1327073,,
2021-11-29,3529,1992,1024,2,726,63,177,1811729,1329065,,
2021-11-30,3365,1887,957,3,702,34,191,1815094,1330952,,
2021-12-01,3708,2051,1107,4,698,35,207,1818802,1333003,,
2021-12-02,3403,1907,958,4,668,40,237,1822205,1334910,,
2021-12-03,3747,2142,1102,5,731,37,267,1825952,1337052,,
2021-12-04,3178,1736,896,5,612,41,182,1829130,1338788,,
2021-12-05,3440,1941,1024,6,660,43,208,1832570,1340729,,
2021-12-06,4686,2631,1399,7,847,45,333,1837256,1343360,,
2021-12-07,4805,2685,1453,5,785,53,389,1842061,1346045,,
2021-12-08,4871,2814,1459,6,848,43,458,1846932,1348859,,
2021-12-09,4762,2612,1274,10,750,53,525,1851694,1351471,,
2021-12-10,5165,2954,1406,6,786,66,690,1856859,1354425,,
2021-12-11,5073,2992,1243,12,871,70,796,1861932,1357417,,
2021-12-12,6283,3741,1357,11,1068,81,1224,1868215,1361158,,
2021-12-13,9646,5672,1839,10,1492,123,2208,1877861,1366830,,
2021-12-14,10106,5808,1814,19,1474,104,2397,1887967,1372638,,
2021-12-15,10827,6050,1700,26,1338,91,2895,1898794,1378688,,
2021-12-16,11395,6213,1597,17,1254,102,3243,1910189,1384901,,
2021-12-17,14310,7890,1799,12,1676,120,4283,1924499,1392791,,
2021-12-18,14926,8483,1788,13,1818,104,4760,1939425,1401274,,
2021-12-19,18452,10339,1841,18,2529,113,5838,1957877,1411613,,
2021-12-20,29120,15949,2368,19,3670,137,9755,1986997,1427562,,
2021-12-21,31043,16048,2303,12,3509,107,10117,2018040,1443610,,
2021-12-22,31051,15106,1972,14,2908,103,10109,2049091,1458716,,
2021-12-23,30952,15643,1821,11,2824,71,10916,2080043,1474359,,
2021-12-24,27678,14531,1743,10,2686,76,10016,2107721,1488890,,
2021-12-25,22761,10715,1845,10,2599,71,6190,2130482,1499605,,
2021-12-26,31322,15366,2501,13,3511,65,9276,2161804,1514971,,
2021-12-27,43858,22570,2883,21,3935,82,15649,2205662,1537541,,
2021-12-28,51708,27330,2650,13,4835,69,19763,2257370,1564871,,
2021-12-29,54905,30067,2227,5,4866,57,22912,2312275,1594938,,
2021-12-30,51675,29372,1847,16,4401,63,23045,2363950,1624310,,
2021-12-31,38155,19357,1582,9,3917,58,13791,2402105,1643667,,
2022-01-01,25978,10813,1635,10,2529,66,6573,2428083,1654480,,
2022-01-02,31964,15083,1798,11,4364,73,8837,2460047,1669563,,
2022-01-03,43771,20396,2179,16,6591,86,11524,2503818,1689959,,
2022-01-04,42784,19684,1928,7,5948,84,11717,2546602,1709643,,
2022-01-05,37778,17555,1752,9,5077,78,10639,2584380,1727198,,
2022-01-06,31104,15639,1705,5,4712,71,9146,2615484,1742837,,
2022-01-07,28606,15730,1730,11,5150,59,8780,2644090,1758567,,
2022-01-08,21021,11808,1469,7,3598,58,6676,2665111,1770375,,
2022-01-09,20410,11660,1632,7,3539,74,6408,2685521,1782035,,
2022-01-10,29239,15695,1992,13,4491,63,9136,2714760,1797730,,
2022-01-11,26682,14105,1951,11,4360,58,7725,2741442,1811835,,
2022-01-12,24535,12661,1881,4,3945,52,6779,2765977,1824496,,
2022-01-13,22185,11994,1822,3,4041,55,6073,2788162,1836490,,
2022-01-14,21109,11880,1857,6,4251,45,5721,2809271,1848370,,
2022-01-15,15697,8972,1555,3,2987,55,4372,2824968,1857342,,
2022-01-16,14875,8800,1608,2,3309,62,3819,2839843,1866142,,
2022-01-17,18588,10054,1951,4,4185,53,3861,2858431,1876196,,
2022-01-18,18673,10477,1866,11,3492,46,5062,2877104,1886673,,
2022-01-19,17688,9580,1743,4,3141,43,4649,2894792,1896253,,
2022-01-20,16063,8817,1622,4,3180,30,3981,2910855,1905070,,
2022-01-21,15079,8352,1530,3,2981,44,3794,2925934,1913422,,
2022-01-22,12184,7166,1425,3,2749,36,2953,2938118,1920588,,
2022-01-23,11536,6714,1372,6,2676,37,2623,2949654,1927302,,
2022-01-24,16211,9146,1748,5,3442,45,3906,2965865,1936448,,
2022-01-25,14456,7992,1589,3,3177,35,3188,2980321,1944440,,
2022-01-26,13569,7368,1599,1,2853,37,2878,2993890,1951808,,
2022-01-27,12687,6593,1355,4,2645,37,2552,3006577,1958401,,
2022-01-28,11611,6345,1269,4,2624,26,2422,3018188,1964746,,
2022-01-29,8920,5091,1096,3,2045,43,1904,3027108,1969837,,
2022-01-30,9119,5147,1197,3,2095,35,1817,3036227,1974984,,
2022-01-31,13057,6948,1497,2,2829,30,2590,3049284,1981932,,
2022-02-01,11777,6277,1368,2,2452,23,2432,3061061,1988209,,
2022-02-02,10618,5563,1229,1,2208,29,2096,3071679,1993772,,
2022-02-03,9405,4871,1024,3,1982,20,1842,3081084,1998643,,
2022-02-04,9023,4661,907,1,1847,22,1884,3090107,2003304,,
2022-02-05,6980,3765,857,2,1487,22,1397,3097087,2007069,,
2022-02-06,6988,3687,860,3,1371,15,1438,3104075,2010756,,
2022-02-07,9516,4776,1108,4,1717,18,1929,3113591,2015532,,
2022-02-08,8119,4044,872,2,1416,18,1736,3121710,2019576,,
2022-02-09,7340,3586,800,2,1304,15,1465,3129050,2023162,,
2022-02-10,6431,3108,632,2,1095,12,1367,3135481,2026270,,
2022-02-11,5793,2765,538,0,887,16,1324,3141274,2029035,,
2022-02-12,4219,2072,463,0,649,9,951,3145493,2031107,,
2022-02-13,4084,2065,466,0,528,10,1061,3149577,2033172,,
2022-02-14,5157,2438,529,0,551,11,1347,3154734,2035610,,
2022-02-15,4540,2195,500,0,467,8,1220,3159274,2037805,,
2022-02-16,4424,2123,473,0,409,8,1233,3163698,2039928,,
2022-02-17,3535,1674,347,0,346,10,971,3167233,2041602,,
2022-02-18,3171,1601,328,0,391,6,876,3170404,2043203,,
2022-02-19,2070,1058,201,0,195,6,656,3172474,2044261,,
2022-02-20,1548,924,164,0,143,1,616,3174022,2045185,,
2022-02-21,1474,793,108,0,98,2,585,3175496,2045978,,
2022-02-22,1436,1031,65,0,67,0,899,3176932,2047009,,
2022-02-23,130,58,1,0,5,0,52,3177062,2047067,,