date,new,NTotal_ExposureOnly,domestic-contactWithCase,domestic-contactWithTraveller,domestic-unknown,internationalTravel,infopending,cumulative,cumulativeNTotal_ExposureOnly,doubleFlagTest,shaded
2020-01-15,3,2,1,0,0,1,0,3,2,1,14
2020-01-16,5,3,1,0,2,0,0,8,5,1,
2020-01-17,1,1,0,0,0,1,0,9,6,0,
2020-01-18,0,0,0,0,0,0,0,9,6,0,
2020-01-19,0,0,0,0,0,0,0,9,6,0,
2020-01-20,1,0,0,0,0,0,0,10,6,0,
2020-01-21,4,0,0,0,0,0,0,14,6,0,
2020-01-22,6,4,1,0,1,2,0,20,10,1,
2020-01-23,0,0,0,0,0,0,0,20,10,0,
2020-01-24,3,2,0,0,0,2,0,23,12,0,
2020-01-25,3,2,1,0,1,0,0,26,14,0,
2020-01-26,2,1,1,0,0,0,0,28,15,0,
2020-01-27,8,3,2,0,1,0,0,36,18,0,
2020-01-28,7,2,1,0,0,1,0,43,20,1,
2020-01-29,2,1,0,0,0,0,1,45,21,0,
2020-01-30,3,1,1,0,0,0,0,48,22,0,
2020-01-31,2,1,0,0,1,0,0,50,23,0,
2020-02-01,7,5,3,0,1,1,0,57,28,0,
2020-02-02,3,2,0,0,1,1,0,60,30,0,
2020-02-03,1,1,0,0,1,0,0,61,31,0,
2020-02-04,2,2,0,0,2,0,0,63,33,0,
2020-02-05,3,3,1,0,1,1,0,66,36,0,
2020-02-06,0,0,0,0,0,0,0,66,36,0,
2020-02-07,0,0,0,0,0,0,0,66,36,0,
2020-02-08,1,0,0,0,0,0,0,67,36,0,
2020-02-09,1,1,0,0,0,1,0,68,37,0,
2020-02-10,2,2,0,0,1,1,0,70,39,0,
2020-02-11,2,1,0,0,1,0,0,72,40,0,
2020-02-12,4,3,2,0,1,0,0,76,43,0,
2020-02-13,1,1,0,0,0,1,0,77,44,0,
2020-02-14,6,5,0,0,3,2,0,83,49,0,
2020-02-15,3,2,1,0,0,1,0,86,51,1,
2020-02-16,1,1,0,0,0,1,0,87,52,0,
2020-02-17,2,2,1,0,0,1,0,89,54,0,
2020-02-18,2,2,2,0,0,0,0,91,56,0,
2020-02-19,4,4,2,0,1,1,0,95,60,0,
2020-02-20,9,9,3,1,3,2,0,104,69,0,
2020-02-21,3,3,0,0,1,2,0,107,72,0,
2020-02-22,8,8,2,0,3,3,0,115,80,0,
2020-02-23,22,22,11,0,3,7,1,137,102,0,
2020-02-24,15,14,3,0,2,9,0,152,116,0,
2020-02-25,16,16,4,0,2,10,0,168,132,0,
2020-02-26,14,13,6,1,4,2,0,182,145,1,
2020-02-27,27,26,12,0,7,7,0,209,171,0,
2020-02-28,39,37,17,0,6,14,0,248,208,0,
2020-02-29,27,27,8,0,7,12,0,275,235,0,
2020-03-01,60,59,12,0,26,20,1,335,294,0,
2020-03-02,56,56,8,0,18,30,0,391,350,1,
2020-03-03,55,55,15,0,12,28,0,446,405,0,
2020-03-04,62,58,13,1,14,30,0,508,463,0,
2020-03-05,67,67,12,1,23,31,0,575,530,0,
2020-03-06,86,85,17,2,26,40,0,661,615,0,
2020-03-07,91,91,14,3,30,44,0,752,706,0,
2020-03-08,135,134,27,2,45,60,0,887,840,1,
2020-03-09,224,223,44,10,79,90,0,1111,1063,0,
2020-03-10,256,254,55,9,72,118,0,1367,1317,0,
2020-03-11,296,296,74,11,85,125,1,1663,1613,0,
2020-03-12,391,389,92,9,128,159,1,2054,2002,1,
2020-03-13,466,460,125,8,151,174,2,2520,2462,0,
2020-03-14,468,466,98,15,168,183,2,2988,2928,0,
2020-03-15,607,601,152,10,212,225,2,3595,3529,0,
2020-03-16,847,838,253,11,308,265,1,4442,4367,1,
2020-03-17,874,865,260,16,320,264,5,5316,5232,0,
2020-03-18,974,965,283,19,356,303,4,6290,6197,0,
2020-03-19,811,802,253,13,298,235,3,7101,6999,0,
2020-03-20,1066,1055,363,21,423,239,9,8167,8054,0,
2020-03-21,911,895,320,8,326,237,4,9078,8949,1,
2020-03-22,873,860,320,13,340,185,2,9951,9809,0,
2020-03-23,1098,1080,464,16,418,173,9,11049,10889,0,
2020-03-24,999,986,398,21,390,173,4,12048,11875,0,
2020-03-25,1011,993,449,13,415,108,8,13059,12868,0,
2020-03-26,946,929,449,12,342,117,9,14005,13797,0,
2020-03-27,972,959,483,8,372,84,12,14977,14756,0,
2020-03-28,976,966,472,9,390,84,11,15953,15722,0,
2020-03-29,891,880,462,7,355,50,6,16844,16602,0,
2020-03-30,1184,1173,584,10,489,77,13,18028,17775,0,
2020-03-31,1010,1001,560,3,357,68,13,19038,18776,1,
2020-04-01,1326,1314,755,12,454,84,9,20364,20090,0,
2020-04-02,1195,1188,749,11,374,46,8,21559,21278,0,
2020-04-03,1339,1328,887,6,374,53,8,22898,22606,0,
2020-04-04,1173,1170,745,9,371,28,17,24071,23776,0,
2020-04-05,1080,1074,680,5,368,13,8,25151,24850,0,
2020-04-06,1443,1436,884,11,514,14,13,26594,26286,0,
2020-04-07,1313,1304,793,13,469,16,13,27907,27590,0,
2020-04-08,1409,1403,884,10,489,6,14,29316,28993,0,
2020-04-09,1509,1505,968,14,495,4,24,30825,30498,0,
2020-04-10,1814,1806,1136,19,621,6,24,32639,32304,0,
2020-04-11,1714,1710,971,11,685,4,39,34353,34014,0,
2020-04-12,1447,1444,886,16,508,7,27,35800,35458,0,
2020-04-13,2131,2129,1169,33,889,6,32,37931,37587,0,
2020-04-14,1824,1819,1094,21,669,2,33,39755,39406,1,
2020-04-15,1961,1954,1231,22,672,4,25,41716,41360,0,
2020-04-16,1966,1959,1104,19,780,1,55,43682,43319,0,
2020-04-17,1864,1858,1104,17,699,3,35,45546,45177,0,
2020-04-18,1621,1615,1041,20,524,3,27,47167,46792,0,
2020-04-19,1232,1227,743,15,454,4,11,48399,48019,0,
2020-04-20,1847,1842,1081,10,714,2,35,50246,49861,0,
2020-04-21,1414,1411,841,13,522,6,29,51660,51272,0,
2020-04-22,1572,1565,909,13,612,1,30,53232,52837,0,
2020-04-23,1586,1573,917,18,602,5,31,54818,54410,0,
2020-04-24,1541,1534,931,11,547,2,43,56359,55944,0,
2020-04-25,1406,1398,823,14,474,5,82,57765,57342,0,
2020-04-26,1319,1313,789,13,464,4,43,59084,58655,0,
2020-04-27,1657,1645,951,12,637,5,40,60741,60300,0,
2020-04-28,1537,1524,925,18,553,6,22,62278,61824,0,
2020-04-29,1479,1473,806,4,647,2,14,63757,63297,0,
2020-04-30,1474,1464,828,4,612,3,17,65231,64761,0,
2020-05-01,1595,1582,895,8,656,4,19,66826,66343,0,
2020-05-02,1073,1067,657,8,384,0,18,67899,67410,0,
2020-05-03,1024,1022,621,6,380,5,10,68923,68432,0,
2020-05-04,1367,1357,775,6,553,2,21,70290,69789,0,
2020-05-05,1302,1295,728,6,534,1,26,71592,71084,0,
2020-05-06,1128,1123,661,8,434,2,18,72720,72207,0,
2020-05-07,1180,1173,712,4,432,6,19,73900,73380,0,
2020-05-08,1185,1178,701,7,454,1,15,75085,74558,0,
2020-05-09,1026,1018,634,8,354,4,18,76111,75576,0,
2020-05-10,921,917,543,7,351,5,11,77032,76493,0,
2020-05-11,1226,1224,729,8,450,7,30,78258,77717,0,
2020-05-12,1165,1156,718,2,410,6,20,79423,78873,0,
2020-05-13,1109,1098,650,3,426,3,16,80532,79971,1,
2020-05-14,1162,1160,686,3,452,5,14,81694,81131,0,
2020-05-15,1215,1212,711,0,477,11,13,82909,82343,0,
2020-05-16,996,993,601,2,375,2,13,83905,83336,0,
2020-05-17,911,900,537,2,342,8,11,84816,84236,0,
2020-05-18,1096,1082,618,2,450,5,7,85912,85318,0,
2020-05-19,966,959,582,3,362,4,8,86878,86277,0,
2020-05-20,1127,1113,654,2,445,1,11,88005,87390,0,
2020-05-21,884,871,547,2,305,6,11,88889,88261,0,
2020-05-22,844,832,513,0,312,5,2,89733,89093,0,
2020-05-23,700,688,443,1,234,4,6,90433,89781,0,
2020-05-24,652,644,401,0,228,4,11,91085,90425,0,
2020-05-25,859,844,508,3,312,4,17,91944,91269,0,
2020-05-26,746,729,459,1,256,7,6,92690,91998,0,
2020-05-27,717,701,423,2,264,2,10,93407,92699,0,
2020-05-28,597,581,362,2,204,2,11,94004,93280,0,
2020-05-29,733,728,444,0,276,3,5,94737,94008,0,
2020-05-30,562,554,397,2,152,1,2,95299,94562,0,
2020-05-31,407,397,258,0,130,3,6,95706,94959,0,
2020-06-01,688,679,395,6,249,6,23,96394,95638,0,
2020-06-02,497,485,320,1,155,5,4,96891,96123,0,
2020-06-03,491,487,322,4,149,4,8,97382,96610,0,
2020-06-04,466,452,265,1,169,11,6,97848,97062,0,
2020-06-05,450,437,312,0,119,3,3,98298,97499,0,
2020-06-06,374,366,234,1,124,4,3,98672,97865,0,
2020-06-07,312,303,213,1,83,1,5,98984,98168,0,
2020-06-08,439,423,288,6,114,10,5,99423,98591,0,
2020-06-09,374,366,244,3,110,4,5,99797,98957,0,
2020-06-10,442,435,259,5,152,10,9,100239,99392,0,
2020-06-11,376,360,242,3,107,5,3,100615,99752,0,
2020-06-12,376,370,224,5,132,6,3,100991,100122,0,
2020-06-13,276,271,181,1,83,5,1,101267,100393,0,
2020-06-14,299,293,186,0,95,9,3,101566,100686,0,
2020-06-15,400,393,244,4,134,7,4,101966,101079,0,
2020-06-16,371,357,234,2,106,10,5,102337,101436,0,
2020-06-17,364,356,229,0,117,6,4,102701,101792,0,
2020-06-18,329,317,198,1,110,4,4,103030,102109,0,
2020-06-19,337,334,231,0,88,11,4,103367,102443,0,
2020-06-20,285,279,186,0,84,8,1,103652,102722,0,
2020-06-21,271,268,176,0,85,4,3,103923,102990,0,
2020-06-22,325,317,211,2,96,4,4,104248,103307,0,
2020-06-23,328,325,219,2,91,6,7,104576,103632,0,
2020-06-24,288,285,183,2,87,9,4,104864,103917,0,
2020-06-25,468,461,326,2,122,5,6,105332,104378,0,
2020-06-26,280,270,170,0,83,11,6,105612,104648,0,
2020-06-27,253,247,165,1,71,7,3,105865,104895,0,
2020-06-28,240,234,135,1,88,9,1,106105,105129,0,
2020-06-29,335,327,198,2,107,10,10,106440,105456,0,
2020-06-30,313,299,197,4,93,2,3,106753,105755,0,
2020-07-01,286,274,177,8,83,5,1,107039,106029,0,
2020-07-02,267,258,161,1,83,6,7,107306,106287,0,
2020-07-03,309,294,185,2,91,13,3,107615,106581,0,
2020-07-04,297,281,173,3,94,10,1,107912,106862,0,
2020-07-05,272,268,177,3,81,6,1,108184,107130,0,
2020-07-06,511,491,269,2,175,17,28,108695,107621,0,
2020-07-07,525,506,263,6,208,19,10,109220,108127,0,
2020-07-08,447,419,279,4,121,10,5,109667,108546,0,
2020-07-09,454,431,268,3,139,12,9,110121,108977,0,
2020-07-10,416,389,258,5,107,14,5,110537,109366,0,
2020-07-11,386,373,228,3,128,12,2,110923,109739,0,
2020-07-12,399,381,236,3,134,6,2,111322,110120,0,
2020-07-13,607,570,358,12,185,12,3,111929,110690,0,
2020-07-14,551,504,299,4,181,13,7,112480,111194,0,
2020-07-15,573,519,311,3,174,16,15,113053,111713,0,
2020-07-16,463,419,259,4,136,17,3,113516,112132,0,
2020-07-17,512,463,272,6,167,7,11,114028,112595,0,
2020-07-18,411,381,228,2,137,7,7,114439,112976,0,
2020-07-19,397,357,202,4,138,11,2,114836,113333,0,
2020-07-20,532,473,264,6,184,14,5,115368,113806,0,
2020-07-21,527,469,267,10,181,6,5,115895,114275,0,
2020-07-22,449,381,181,6,180,10,4,116344,114656,0,
2020-07-23,452,355,175,3,164,7,6,116796,115011,0,
2020-07-24,462,376,180,7,177,5,7,117258,115387,0,
2020-07-25,314,232,108,4,111,6,3,117572,115619,0,
2020-07-26,342,220,102,6,100,10,2,117914,115839,0,
2020-07-27,481,330,176,3,132,14,5,118395,116169,0,
2020-07-28,422,285,155,1,111,14,4,118817,116454,0,
2020-07-29,406,246,138,2,99,3,4,119223,116700,0,
2020-07-30,339,213,109,1,87,6,10,119562,116913,0,
2020-07-31,343,220,120,0,85,10,5,119905,117133,0,
2020-08-01,342,208,113,8,62,17,8,120247,117341,0,
2020-08-02,332,197,124,6,59,6,2,120579,117538,0,
2020-08-03,438,272,162,2,97,10,1,121017,117810,0,
2020-08-04,447,313,186,0,100,20,7,121464,118123,0,
2020-08-05,382,277,171,9,87,8,2,121846,118400,0,
2020-08-06,350,249,160,4,72,7,6,122196,118649,0,
2020-08-07,389,301,189,2,92,6,12,122585,118950,0,
2020-08-08,333,237,151,4,76,2,4,122918,119187,0,
2020-08-09,325,254,149,7,87,8,3,123243,119441,0,
2020-08-10,476,365,215,8,124,12,6,123719,119806,0,
2020-08-11,477,359,220,5,122,11,1,124196,120165,0,
2020-08-12,409,322,211,11,86,11,3,124605,120487,0,
2020-08-13,428,350,223,8,107,10,2,125033,120837,0,
2020-08-14,381,303,176,7,108,9,3,125414,121140,0,
2020-08-15,368,302,171,7,111,7,6,125782,121442,0,
2020-08-16,378,291,166,14,104,4,3,126160,121733,0,
2020-08-17,547,415,264,11,126,7,7,126707,122148,0,
2020-08-18,427,348,205,4,123,4,12,127134,122496,0,
2020-08-19,451,351,207,9,120,5,10,127585,122847,0,
2020-08-20,450,353,223,5,108,4,13,128035,123200,0,
2020-08-21,424,334,207,9,104,5,9,128459,123534,0,
2020-08-22,396,333,225,7,93,5,3,128855,123867,0,
2020-08-23,409,316,203,3,103,6,1,129264,124183,0,
2020-08-24,580,433,265,15,137,7,9,129844,124616,0,
2020-08-25,618,451,291,12,137,10,1,130462,125067,0,
2020-08-26,621,454,287,13,144,5,5,131083,125521,0,
2020-08-27,494,364,231,11,109,3,10,131577,125885,0,
2020-08-28,563,414,262,11,126,6,9,132140,126299,0,
2020-08-29,456,327,207,10,87,5,18,132596,126626,0,
2020-08-30,558,397,242,4,127,7,17,133154,127023,0,
2020-08-31,650,429,260,11,133,9,16,133804,127452,0,
2020-09-01,750,513,301,18,162,7,25,134554,127965,0,
2020-09-02,788,530,333,12,153,8,24,135342,128495,0,
2020-09-03,665,454,267,5,163,4,15,136007,128949,0,
2020-09-04,726,479,287,9,158,10,15,136733,129428,0,
2020-09-05,668,414,254,9,125,9,17,137401,129842,0,
2020-09-06,688,421,270,4,134,8,5,138089,130263,0,
2020-09-07,795,487,298,8,159,9,13,138884,130750,0,
2020-09-08,966,610,352,14,218,10,16,139850,131360,0,
2020-09-09,1020,626,374,12,216,4,20,140870,131986,0,
2020-09-10,1014,650,378,6,226,9,31,141884,132636,0,
2020-09-11,981,640,358,10,248,9,15,142865,133276,0,
2020-09-12,979,654,390,8,235,3,18,143844,133930,0,
2020-09-13,975,610,343,8,241,6,12,144819,134540,0,
2020-09-14,1273,802,479,14,275,7,27,146092,135342,0,
2020-09-15,1320,799,446,10,305,3,35,147412,136141,0,
2020-09-16,1366,817,494,22,272,4,25,148778,136958,0,
2020-09-17,1332,770,479,21,236,6,28,150110,137728,0,
2020-09-18,1428,804,518,8,241,1,36,151538,138532,0,
2020-09-19,1247,704,392,18,270,6,18,152785,139236,0,
2020-09-20,1367,760,419,12,283,9,37,154152,139996,0,
2020-09-21,1824,1012,559,15,376,6,56,155976,141008,0,
2020-09-22,1871,961,524,13,366,8,50,157847,141969,0,
2020-09-23,1933,1007,556,15,344,2,90,159780,142976,0,
2020-09-24,1963,984,525,10,355,2,92,161743,143960,0,
2020-09-25,2062,1060,563,20,371,9,97,163805,145020,0,
2020-09-26,1891,950,503,7,339,4,97,165696,145970,0,
2020-09-27,1977,967,478,10,352,6,121,167673,146937,0,
2020-09-28,2492,1199,625,16,422,3,133,170165,148136,0,
2020-09-29,2270,1126,551,23,406,3,143,172435,149262,0,
2020-09-30,2265,1122,562,15,433,1,111,174700,150384,0,
2020-10-01,2171,1106,581,9,413,9,94,176871,151490,0,
2020-10-02,2134,1077,544,17,403,9,104,179005,152567,0,
2020-10-03,1834,940,473,19,350,10,88,180839,153507,0,
2020-10-04,1855,920,510,14,314,4,78,182694,154427,0,
2020-10-05,2481,1267,676,20,457,4,110,185175,155694,0,
2020-10-06,2333,1264,678,31,422,10,123,187508,156958,0,
2020-10-07,2292,1263,690,20,436,9,108,189800,158221,0,
2020-10-08,2256,1192,657,14,405,10,106,192056,159413,0,
2020-10-09,2306,1247,654,18,456,7,112,194362,160660,0,
2020-10-10,2172,1339,682,17,552,7,81,196534,161999,0,
2020-10-11,1923,1119,605,17,398,5,94,198457,163118,0,
2020-10-12,2342,1337,715,19,500,8,95,200799,164455,0,
2020-10-13,2581,1523,867,22,518,9,107,203380,165978,0,
2020-10-14,2522,1522,879,26,509,7,101,205902,167500,0,
2020-10-15,2578,1421,844,24,444,10,99,208480,168921,0,
2020-10-16,2660,1597,894,19,575,4,105,211140,170518,0,
2020-10-17,2311,1386,819,25,431,6,105,213451,171904,0,
2020-10-18,2238,1381,806,13,459,12,91,215689,173285,0,
2020-10-19,2973,1888,1124,22,612,7,123,218662,175173,0,
2020-10-20,2829,1855,1097,27,570,9,152,221491,177028,0,
2020-10-21,2798,1744,1011,32,542,9,150,224289,178772,0,
2020-10-22,2798,1801,1091,21,560,2,127,227087,180573,0,
2020-10-23,2825,1815,1043,30,601,7,134,229912,182388,0,
2020-10-24,2640,1762,1036,34,530,10,152,232552,184150,0,
2020-10-25,2645,1687,1025,32,508,7,115,235197,185837,0,
2020-10-26,3386,2179,1265,23,688,10,193,238583,188016,0,
2020-10-27,3356,2227,1351,36,668,9,163,241939,190243,0,
2020-10-28,3624,2437,1428,37,765,9,198,245563,192680,0,
2020-10-29,3106,1994,1243,32,590,7,122,248669,194674,0,
2020-10-30,3532,2353,1333,43,814,9,154,252201,197027,0,
2020-10-31,3162,2163,1355,31,631,8,138,255363,199190,0,
2020-11-01,3457,2310,1381,33,740,8,148,258820,201500,0,
2020-11-02,4570,3052,1845,43,961,7,196,263390,204552,0,
2020-11-03,4508,3068,1802,34,940,15,277,267898,207620,0,
2020-11-04,4621,3079,1908,48,915,7,201,272519,210699,0,
2020-11-05,4535,3039,1758,34,958,8,281,277054,213738,0,
2020-11-06,4627,3092,1810,22,1002,11,247,281681,216830,0,
2020-11-07,4322,2873,1536,17,1100,9,211,286003,219703,0,
2020-11-08,4029,2671,1452,13,1023,8,175,290032,222374,0,
2020-11-09,5293,3559,1828,26,1443,14,248,295325,225933,0,
2020-11-10,5145,3437,1736,19,1433,15,234,300470,229370,0,
2020-11-11,4946,3416,1821,26,1345,9,215,305416,232786,0,
2020-11-12,5063,3580,1711,18,1606,12,233,310479,236366,0,
2020-11-13,5199,3722,1787,17,1673,16,229,315678,240088,0,
2020-11-14,4539,3409,1697,10,1512,13,177,320217,243497,0,
2020-11-15,4472,3317,1640,22,1489,18,148,324689,246814,0,
2020-11-16,5617,4096,2042,17,1838,22,177,330306,250910,0,
2020-11-17,5445,4002,1909,19,1810,14,250,335751,254912,0,
2020-11-18,5664,4203,2104,28,1861,12,198,341415,259115,0,
2020-11-19,5508,3984,1870,23,1863,16,212,346923,263099,0,
2020-11-20,5534,4156,1981,30,1920,15,210,352457,267255,0,
2020-11-21,5080,3802,1831,23,1764,15,169,357537,271057,0,
2020-11-22,4853,3537,1755,26,1557,22,177,362390,274594,0,
2020-11-23,6338,4591,2263,35,2035,16,242,368728,279185,0,
2020-11-24,6246,4620,2190,30,2125,11,264,374974,283805,0,
2020-11-25,6401,4693,2191,28,2143,15,316,381375,288498,0,
2020-11-26,6109,4558,2146,29,2167,17,199,387484,293056,0,
2020-11-27,6257,4545,2093,34,2181,19,218,393741,297601,0,
2020-11-28,5598,4089,2000,23,1770,15,281,399339,301690,0,
2020-11-29,5420,3862,1722,31,1861,15,233,404759,305552,0,
2020-11-30,6910,4927,2306,37,2290,21,273,411669,310479,0,
2020-12-01,6786,4818,2342,20,2190,7,259,418455,315297,0,
2020-12-02,6706,4813,2147,37,2353,14,262,425161,320110,0,
2020-12-03,6706,4719,2201,34,2173,18,293,431867,324829,0,
2020-12-04,6801,4821,2210,41,2284,10,276,438668,329650,0,
2020-12-05,5832,4095,1844,39,1950,11,251,444500,333745,0,
2020-12-06,5814,4008,1925,33,1758,31,261,450314,337753,0,
2020-12-07,7657,5305,2523,47,2362,27,346,457971,343058,0,
2020-12-08,7188,4913,2282,39,2212,17,363,465159,347971,0,
2020-12-09,6922,4752,2225,30,2101,19,377,472081,352723,0,
2020-12-10,6859,4655,2113,45,2123,24,350,478940,357378,0,
2020-12-11,6844,4703,2129,49,2147,22,356,485784,362081,0,
2020-12-12,6177,4079,1877,42,1815,24,321,491961,366160,0,
2020-12-13,5536,3659,1745,25,1590,16,283,497497,369819,0,
2020-12-14,7682,5068,2322,39,2206,29,472,505179,374887,0,
2020-12-15,7219,4784,2145,33,2158,17,431,512398,379671,0,
2020-12-16,6884,4559,2107,46,1965,10,431,519282,384230,0,
2020-12-17,6654,4328,1906,36,1935,30,421,525936,388558,0,
2020-12-18,6920,4530,2027,53,1997,20,433,532856,393088,0,
2020-12-19,5918,3725,1779,41,1581,17,307,538774,396813,0,
2020-12-20,5908,3766,1847,29,1566,20,304,544682,400579,0,
2020-12-21,7569,4701,2233,41,1937,16,474,552251,405280,0,
2020-12-22,7145,4396,2173,43,1732,22,426,559396,409676,0,
2020-12-23,7394,4617,2286,49,1804,30,448,566790,414293,0,
2020-12-24,6895,4418,2142,44,1805,14,413,573685,418711,0,
2020-12-25,5721,3516,1848,51,1325,15,277,579406,422227,0,
2020-12-26,7618,4994,2589,58,1974,25,348,587024,427221,0,
2020-12-27,7579,4940,2694,69,1780,20,377,594603,432161,0,
2020-12-28,8954,5768,3042,52,2191,25,458,603557,437929,0,
2020-12-29,8175,5298,2849,72,1909,16,452,611732,443227,0,
2020-12-30,7880,5017,2681,59,1769,41,467,619612,448244,0,
2020-12-31,7473,4937,2628,57,1804,16,432,627085,453181,0,
2021-01-01,7147,4483,2401,40,1647,29,366,634232,457664,0,
2021-01-02,7548,5101,2777,69,1767,44,444,641780,462765,0,
2021-01-03,7349,4753,2582,61,1669,50,391,649129,467518,0,
2021-01-04,8953,5829,3131,68,2041,32,557,658082,473347,0,
2021-01-05,7850,5143,2826,64,1717,52,484,665932,478490,0,
2021-01-06,7747,5008,2676,60,1658,53,561,673679,483498,0,
2021-01-07,6907,4452,2392,52,1476,38,494,680586,487950,0,
2021-01-08,6780,4440,2374,57,1474,39,496,687366,492390,0,
2021-01-09,5985,3881,2081,53,1301,40,406,693351,496271,0,
2021-01-10,5591,3674,1961,58,1246,29,380,698942,499945,0,
2021-01-11,6889,4595,2523,58,1476,36,502,705831,504540,0,
2021-01-12,6086,4023,2184,70,1286,30,453,711917,508563,0,
2021-01-13,6101,4033,2123,49,1344,33,484,718018,512596,0,
2021-01-14,5659,3827,2094,44,1216,28,445,723677,516423,0,
2021-01-15,6011,3896,2091,40,1336,30,399,729688,520319,0,
2021-01-16,4712,3166,1694,37,1122,20,293,734400,523485,0,
2021-01-17,4483,2985,1598,38,983,37,329,738883,526470,0,
2021-01-18,5661,3782,2016,38,1219,31,478,744544,530252,0,
2021-01-19,5225,3472,1845,48,1110,12,457,749769,533724,0,
2021-01-20,5054,3377,1850,55,1082,24,366,754823,537101,0,
2021-01-21,4773,3189,1712,28,1027,26,396,759596,540290,0,
2021-01-22,4514,3065,1681,39,1016,18,311,764110,543355,0,
2021-01-23,3946,2661,1446,43,871,15,286,768056,546016,0,
2021-01-24,3507,2347,1273,27,789,11,247,771563,548363,0,
2021-01-25,4634,3025,1628,37,948,18,394,776197,551388,0,
2021-01-26,4094,2666,1439,39,832,10,346,780291,554054,0,
2021-01-27,4201,2796,1544,28,889,15,320,784492,556850,0,
2021-01-28,3884,2500,1341,30,845,17,267,788376,559350,0,
2021-01-29,3771,2438,1305,38,850,14,231,792147,561788,0,
2021-01-30,3157,2084,1088,23,733,10,230,795304,563872,0,
2021-01-31,2872,1890,1067,24,602,18,179,798176,565762,0,
2021-02-01,4117,2697,1387,21,895,15,379,802293,568459,0,
2021-02-02,3624,2359,1287,32,779,11,250,805917,570818,0,
2021-02-03,3539,2302,1249,22,781,10,240,809456,573120,0,
2021-02-04,3351,2185,1177,26,725,14,243,812807,575305,0,
2021-02-05,3367,2213,1164,26,766,16,241,816174,577518,0,
2021-02-06,2795,1889,1062,18,671,7,131,818969,579407,0,
2021-02-07,2642,1770,1001,24,596,12,137,821611,581177,0,
2021-02-08,3508,2344,1346,19,745,9,225,825119,583521,0,
2021-02-09,3228,2109,1205,27,686,13,178,828347,585630,0,
2021-02-10,3296,2254,1340,28,746,5,135,831643,587884,0,
2021-02-11,2895,1965,1198,23,602,7,135,834538,589849,0,
2021-02-12,3119,2093,1210,21,683,7,172,837657,591942,0,
2021-02-13,2677,1917,1161,17,580,4,155,840334,593859,0,
2021-02-14,2535,1732,1051,16,551,21,93,842869,595591,0,
2021-02-15,3050,2039,1241,33,632,7,126,845919,597630,0,
2021-02-16,3018,2117,1278,27,638,13,161,848937,599747,0,
2021-02-17,3112,2154,1316,29,630,8,171,852049,601901,0,
2021-02-18,3025,2128,1286,31,604,7,200,855074,604029,0,
2021-02-19,2996,2105,1252,24,658,5,166,858070,606134,0,
2021-02-20,2741,1907,1148,25,599,12,123,860811,608041,0,
2021-02-21,2529,1801,1054,14,597,10,126,863340,609842,0,
2021-02-22,3218,2229,1323,15,691,6,194,866558,612071,0,
2021-02-23,3020,2157,1317,11,672,4,153,869578,614228,0,
2021-02-24,3114,2162,1337,18,634,7,166,872692,616390,0,
2021-02-25,2845,2025,1235,16,620,4,150,875537,618415,0,
2021-02-26,2940,2105,1305,19,611,10,160,878477,620520,0,
2021-02-27,2711,2011,1229,11,601,15,155,881188,622531,0,
2021-02-28,2658,1959,1197,21,591,9,141,883846,624490,0,
2021-03-01,3524,2547,1500,19,806,8,214,887370,627037,0,
2021-03-02,3128,2296,1418,22,676,7,173,890498,629333,0,
2021-03-03,3303,2384,1481,19,713,15,156,893801,631717,0,
2021-03-04,2891,2178,1321,22,673,16,146,896692,633895,0,
2021-03-05,3223,2403,1519,21,692,4,167,899915,636298,0,
2021-03-06,2825,2120,1309,5,637,13,156,902740,638418,0,
2021-03-07,2705,2021,1210,13,660,9,129,905445,640439,0,
2021-03-08,3558,2673,1636,13,798,20,206,909003,643112,0,
2021-03-09,3371,2580,1592,24,749,11,204,912374,645692,0,
2021-03-10,3688,2807,1735,22,802,18,230,916062,648499,0,
2021-03-11,3301,2482,1526,14,722,19,201,919363,650981,0,
2021-03-12,3414,2625,1585,10,784,16,230,922777,653606,0,
2021-03-13,3173,2437,1539,10,719,10,159,925950,656043,0,
2021-03-14,3070,2293,1393,11,710,26,153,929020,658336,0,
2021-03-15,4169,3321,2017,12,1046,17,229,933189,661657,0,
2021-03-16,4020,3130,1945,11,936,13,225,937209,664787,0,
2021-03-17,4414,3534,2254,9,1033,21,217,941623,668321,0,
2021-03-18,4012,3184,2050,11,906,17,200,945635,671505,0,
2021-03-19,4367,3436,2096,12,1072,20,236,950002,674941,0,
2021-03-20,4192,3318,2018,12,1077,8,203,954194,678259,0,
2021-03-21,4208,3332,1981,16,1083,31,221,958402,681591,0,
2021-03-22,5348,4152,2472,19,1362,13,286,963750,685743,0,
2021-03-23,5586,4340,2514,24,1465,24,313,969336,690083,0,
2021-03-24,5630,4488,2716,21,1409,30,312,974966,694571,0,
2021-03-25,5242,4088,2418,17,1330,19,304,980208,698659,0,
2021-03-26,5692,4500,2659,22,1436,25,358,985900,703159,0,
2021-03-27,5388,4237,2506,22,1427,13,269,991288,707396,0,
2021-03-28,5442,4250,2508,17,1415,30,280,996730,711646,0,
2021-03-29,6697,5302,3111,14,1791,23,363,1003427,716948,0,
2021-03-30,6745,5279,3126,21,1750,31,351,1010172,722227,0,
2021-03-31,6823,5423,3195,30,1825,19,354,1016995,727650,0,
2021-04-01,7878,6359,3571,37,2168,18,565,1024873,734009,0,
2021-04-02,7172,5705,3362,33,1845,18,447,1032045,739714,0,
2021-04-03,7170,5666,3348,32,1750,16,520,1039215,745380,0,
2021-04-04,7407,5888,3429,29,1936,22,472,1046622,751268,0,
2021-04-05,9605,7713,4394,39,2583,34,663,1056227,758981,0,
2021-04-06,9622,7745,4467,49,2496,25,708,1065849,766726,0,
2021-04-07,9645,7781,4483,42,2514,27,715,1075494,774507,0,
2021-04-08,9012,7269,4124,38,2336,22,749,1084506,781776,0,
2021-04-09,9029,7265,3999,40,2429,42,755,1093535,789041,0,
2021-04-10,8575,7023,3890,41,2347,32,713,1102110,796064,0,
2021-04-11,7828,6350,3507,32,2158,29,624,1109938,802414,0,
2021-04-12,9302,7505,4295,40,2343,37,790,1119240,809919,0,
2021-04-13,8673,7080,4010,31,2266,29,744,1127913,816999,0,
2021-04-14,8811,7221,4065,38,2236,34,848,1136724,824220,0,
2021-04-15,8089,6699,3814,29,2054,20,782,1144813,830919,0,
2021-04-16,8313,6923,3894,23,2289,28,689,1153126,837842,0,
2021-04-17,7896,6598,3759,36,2074,26,703,1161022,844440,0,
2021-04-18,7215,6064,3405,26,1970,33,630,1168237,850504,0,
2021-04-19,8772,7358,4158,34,2338,44,784,1177009,857862,0,
2021-04-20,8293,6981,4087,27,2166,32,669,1185302,864843,0,
2021-04-21,8216,6997,4063,28,2202,56,648,1193518,871840,0,
2021-04-22,7651,6489,3757,18,2068,58,588,1201169,878329,0,
2021-04-23,8079,6935,3994,33,2153,51,704,1209248,885264,0,
2021-04-24,7295,6143,3599,22,1935,23,564,1216543,891407,0,
2021-04-25,6775,5699,3372,21,1804,33,469,1223318,897106,0,
2021-04-26,8217,6950,4058,27,2167,47,651,1231535,904056,0,
2021-04-27,7667,6487,3878,21,1941,20,627,1239202,910543,0,
2021-04-28,8137,6892,4032,27,2112,24,697,1247339,917435,0,
2021-04-29,7152,6034,3595,24,1778,12,625,1254491,923469,0,
2021-04-30,7404,6301,3682,24,1881,40,674,1261895,929770,0,
2021-05-01,7045,6073,3577,18,1952,18,508,1268940,935843,0,
2021-05-02,6141,5259,3220,27,1564,12,436,1275081,941102,0,
2021-05-03,7542,6392,3860,26,2004,20,482,1282623,947494,0,
2021-05-04,6898,5807,3621,22,1749,25,390,1289521,953301,0,
2021-05-05,6765,5766,3542,27,1786,22,389,1296286,959067,0,
2021-05-06,6187,5181,3205,11,1573,14,378,1302473,964248,0,
2021-05-07,6303,5280,3266,19,1634,22,339,1308776,969528,0,
2021-05-08,5632,4752,2942,25,1489,10,286,1314408,974280,0,
2021-05-09,5024,4245,2694,20,1312,6,213,1319432,978525,0,
2021-05-10,6333,5254,3195,26,1654,19,360,1325765,983779,0,
2021-05-11,5506,4574,2809,26,1409,7,323,1331271,988353,0,
2021-05-12,5464,4552,2823,19,1442,7,261,1336735,992905,0,
2021-05-13,4975,4120,2602,19,1251,12,236,1341710,997025,0,
2021-05-14,4899,4065,2469,11,1298,10,277,1346609,1001090,0,
2021-05-15,4309,3554,2172,9,1137,9,227,1350918,1004644,0,
2021-05-16,3820,3145,1896,6,1061,11,171,1354738,1007789,0,
2021-05-17,4548,3724,2250,9,1148,13,304,1359286,1011513,0,
2021-05-18,4093,3300,1976,11,1041,7,265,1363379,1014813,0,
2021-05-19,3707,3008,1855,14,943,4,192,1367086,1017821,0,
2021-05-20,3487,2833,1710,8,868,7,240,1370573,1020654,0,
2021-05-21,3269,2652,1614,7,807,8,216,1373842,1023306,0,
2021-05-22,2658,2183,1336,8,701,4,134,1376500,1025489,0,
2021-05-23,2327,1866,1130,1,618,3,114,1378827,1027355,0,
2021-05-24,2428,1955,1188,6,642,2,117,1381255,1029310,0,
2021-05-25,2699,2164,1371,1,649,7,136,1383954,1031474,0,
2021-05-26,2421,1940,1237,7,588,4,104,1386375,1033414,0,
2021-05-27,2245,1810,1176,6,531,5,92,1388620,1035224,0,
2021-05-28,2103,1700,1103,8,495,6,88,1390723,1036924,0,
2021-05-29,1694,1350,844,1,426,6,73,1392417,1038274,0,
2021-05-30,1552,1252,817,6,372,7,50,1393969,1039526,0,
2021-05-31,1979,1594,1062,1,453,6,72,1395948,1041120,0,
2021-06-01,1855,1523,946,8,474,9,86,1397803,1042643,0,
2021-06-02,1741,1401,923,3,416,2,57,1399544,1044044,0,
2021-06-03,1511,1221,804,5,345,4,63,1401055,1045265,0,
2021-06-04,1493,1176,757,3,346,5,65,1402548,1046441,0,
2021-06-05,1234,998,650,3,296,6,43,1403782,1047439,0,
2021-06-06,1098,874,580,0,256,3,35,1404880,1048313,0,
2021-06-07,1458,1151,774,3,318,5,51,1406338,1049464,0,
2021-06-08,1219,956,601,2,291,8,54,1407557,1050420,0,
2021-06-09,1213,962,651,6,232,6,67,1408770,1051382,0,
2021-06-10,1191,925,645,6,212,9,53,1409961,1052307,0,
2021-06-11,1060,819,530,1,226,9,53,1411021,1053126,0,
2021-06-12,917,717,462,4,185,9,57,1411938,1053843,0,
2021-06-13,769,610,378,2,183,3,44,1412707,1054453,0,
2021-06-14,1054,793,521,3,220,12,37,1413761,1055246,0,
2021-06-15,921,696,477,0,186,6,27,1414682,1055942,0,
2021-06-16,866,650,435,1,162,11,41,1415548,1056592,0,
2021-06-17,728,546,369,2,144,6,25,1416276,1057138,0,
2021-06-18,736,569,373,3,146,16,31,1417012,1057707,0,
2021-06-19,575,453,267,0,142,6,38,1417587,1058160,0,
2021-06-20,574,425,255,3,134,5,28,1418161,1058585,0,
2021-06-21,707,553,334,1,164,9,45,1418868,1059138,0,
2021-06-22,675,503,307,2,146,6,42,1419543,1059641,0,
2021-06-23,677,495,316,1,143,4,31,1420220,1060136,0,
2021-06-24,592,455,274,4,132,11,34,1420812,1060591,0,
2021-06-25,553,418,262,3,113,6,34,1421365,1061009,0,
2021-06-26,480,357,212,3,112,8,22,1421845,1061366,0,
2021-06-27,441,319,184,1,99,4,31,1422286,1061685,0,
2021-06-28,564,415,243,1,122,9,40,1422850,1062100,0,
2021-06-29,498,351,174,2,117,12,46,1423348,1062451,0,
2021-06-30,489,388,217,4,110,12,45,1423837,1062839,0,
2021-07-01,417,292,167,2,92,11,20,1424254,1063131,0,
2021-07-02,443,324,173,0,103,8,40,1424697,1063455,0,
2021-07-03,437,338,182,2,116,18,20,1425134,1063793,0,
2021-07-04,414,302,161,2,113,4,22,1425548,1064095,0,
2021-07-05,532,368,214,3,119,7,25,1426080,1064463,0,
2021-07-06,501,361,212,4,117,10,18,1426581,1064824,0,
2021-07-07,437,313,172,4,109,12,16,1427018,1065137,0,
2021-07-08,366,256,140,3,87,12,14,1427384,1065393,0,
2021-07-09,389,274,135,2,99,14,24,1427773,1065667,,
2021-07-10,359,267,141,2,100,15,9,1428132,1065934,,
2021-07-11,353,251,127,0,91,18,15,1428485,1066185,,
2021-07-12,484,366,192,1,140,12,21,1428969,1066551,,
2021-07-13,447,314,160,0,119,10,25,1429416,1066865,,
2021-07-14,500,353,177,0,122,33,21,1429916,1067218,,
2021-07-15,441,307,157,1,116,16,17,1430357,1067525,,
2021-07-16,478,350,183,6,125,16,20,1430835,1067875,,
2021-07-17,421,303,157,7,116,14,9,1431256,1068178,,
2021-07-18,503,358,174,7,145,16,16,1431759,1068536,,
2021-07-19,630,465,225,4,206,16,14,1432389,1069001,,
2021-07-20,709,524,259,10,230,12,13,1433098,1069525,,
2021-07-21,685,509,241,5,234,18,11,1433783,1070034,,
2021-07-22,632,452,230,9,186,14,13,1434415,1070486,,
2021-07-23,691,526,273,4,199,16,34,1435106,1071012,,
2021-07-24,651,497,290,4,177,15,11,1435757,1071509,,
2021-07-25,758,574,296,11,235,18,14,1436515,1072083,,
2021-07-26,1034,794,407,6,333,24,24,1437549,1072877,,
2021-07-27,975,741,405,10,291,12,23,1438524,1073618,,
2021-07-28,976,723,382,10,283,24,24,1439500,1074341,,
2021-07-29,965,701,365,11,287,20,18,1440465,1075042,,
2021-07-30,965,692,370,12,264,17,29,1441430,1075734,,
2021-07-31,1000,758,373,9,327,24,25,1442430,1076492,,
2021-08-01,1197,899,478,18,353,25,25,1443627,1077391,,
2021-08-02,1539,1076,489,19,506,28,34,1445166,1078467,,
2021-08-03,1777,1283,630,17,549,27,60,1446943,1079750,,
2021-08-04,1735,1245,602,21,553,19,50,1448678,1080995,,
2021-08-05,1709,1178,612,15,495,23,33,1450387,1082173,,
2021-08-06,1664,1106,536,13,485,21,51,1452051,1083279,,
2021-08-07,1705,1249,632,11,536,25,45,1453756,1084528,,
2021-08-08,1786,1293,667,23,540,20,43,1455542,1085821,,
2021-08-09,2234,1625,818,23,701,22,61,1457776,1087446,,
2021-08-10,2432,1790,855,27,793,41,74,1460208,1089236,,
2021-08-11,2347,1713,833,28,764,24,64,1462555,1090949,,
2021-08-12,2111,1540,762,26,666,35,51,1464666,1092489,,
2021-08-13,2134,1549,787,15,647,38,62,1466800,1094038,,
2021-08-14,2187,1640,841,25,688,28,58,1468987,1095678,,
2021-08-15,2263,1658,851,23,718,16,50,1471250,1097336,,
2021-08-16,3046,2253,1065,31,1049,32,76,1474296,1099589,,
2021-08-17,3005,2194,1072,31,984,29,78,1477301,1101783,,
2021-08-18,2993,2188,1045,35,1004,22,82,1480294,1103971,,
2021-08-19,2752,1987,968,18,904,27,70,1483046,1105958,,
2021-08-20,2862,2149,1014,22,1014,19,80,1485908,1108107,,
2021-08-21,2738,2097,948,15,1030,24,80,1488646,1110204,,
2021-08-22,2932,2217,938,21,1170,24,64,1491578,1112421,,
2021-08-23,3743,2762,1063,13,1558,32,96,1495321,1115183,,
2021-08-24,3766,2773,1035,8,1610,29,91,1499087,1117956,,
2021-08-25,3738,2718,976,7,1632,18,85,1502825,1120674,,
2021-08-26,3379,2480,949,5,1427,20,79,1506204,1123154,,
2021-08-27,3650,2626,916,6,1574,19,111,1509854,1125780,,
2021-08-28,3296,2460,915,8,1439,26,72,1513150,1128240,,
2021-08-29,3266,2419,840,6,1476,21,76,1516416,1130659,,
2021-08-30,4087,2922,1030,11,1773,23,85,1520503,1133581,,
2021-08-31,4060,2881,937,10,1831,17,86,1524563,1136462,,
2021-09-01,4450,3199,1091,6,1988,19,95,1529013,1139661,,
2021-09-02,3906,2813,998,4,1720,14,77,1532919,1142474,,
2021-09-03,4179,3031,1059,7,1846,25,94,1537098,1145505,,
2021-09-04,3651,2724,934,6,1718,17,49,1540749,1148229,,
2021-09-05,3586,2617,863,4,1685,10,55,1544335,1150846,,
2021-09-06,4035,2956,981,8,1876,10,81,1548370,1153802,,
2021-09-07,4871,3434,1181,4,2128,11,110,1553241,1157236,,
2021-09-08,4820,3369,1151,6,2112,16,84,1558061,1160605,,
2021-09-09,4445,3081,1053,6,1917,23,82,1562506,1163686,,
2021-09-10,4515,3184,1082,10,2018,11,63,1567021,1166870,,
2021-09-11,3803,2750,935,5,1726,10,74,1570824,1169620,,
2021-09-12,3758,2708,956,4,1664,11,73,1574582,1172328,,
2021-09-13,4997,3429,1183,6,2142,14,84,1579579,1175757,,
2021-09-14,4595,3225,1117,8,1968,24,108,1584174,1178982,,
2021-09-15,4574,3243,1168,7,1954,14,100,1588748,1182225,,
2021-09-16,4276,3084,1142,1,1844,8,89,1593024,1185309,,
2021-09-17,4447,3134,1153,3,1863,7,108,1597471,1188443,,
2021-09-18,3809,2807,1052,3,1659,15,78,1601280,1191250,,
2021-09-19,3653,2747,956,12,1697,8,74,1604933,1193997,,
2021-09-20,4915,3596,1327,4,2144,14,107,1609848,1197593,,
2021-09-21,4570,3302,1204,5,1991,11,91,1614418,1200895,,
2021-09-22,4334,3237,1253,7,1884,10,83,1618752,1204132,,
2021-09-23,4138,3019,1209,4,1719,18,69,1622890,1207151,,
2021-09-24,4222,3163,1186,8,1850,8,111,1627112,1210314,,
2021-09-25,3483,2674,1016,3,1584,6,65,1630595,1212988,,
2021-09-26,3582,2748,1052,6,1614,12,64,1634177,1215736,,
2021-09-27,4421,3203,1237,6,1859,14,87,1638598,1218939,,
2021-09-28,3796,2738,1086,7,1556,15,74,1642394,1221677,,
2021-09-29,3911,2854,1161,3,1602,18,70,1646305,1224531,,
2021-09-30,3281,2474,957,3,1448,10,56,1649586,1227005,,
2021-10-01,3663,2617,1037,0,1494,13,73,1653249,1229622,,
2021-10-02,2943,2178,906,2,1206,10,54,1656192,1231800,,
2021-10-03,2846,2045,873,4,1099,15,54,1659038,1233845,,
2021-10-04,3727,2591,1048,6,1453,15,69,1662765,1236436,,
2021-10-05,3438,2347,995,4,1265,10,73,1666203,1238783,,
2021-10-06,3262,2252,992,4,1193,5,58,1669465,1241035,,
2021-10-07,2941,1995,867,3,1040,9,76,1672406,1243030,,
2021-10-08,3097,2096,849,5,1165,11,66,1675503,1245126,,
2021-10-09,2651,1849,795,2,989,10,53,1678154,1246975,,
2021-10-10,2378,1714,746,2,907,10,49,1680532,1248689,,
2021-10-11,2608,1793,758,2,967,15,51,1683140,1250482,,
2021-10-12,3073,2068,870,2,1111,14,71,1686213,1252550,,
2021-10-13,2968,1974,900,0,1014,12,48,1689181,1254524,,
2021-10-14,2689,1843,786,4,992,11,50,1691870,1256367,,
2021-10-15,2608,1805,771,2,963,10,59,1694478,1258172,,
2021-10-16,2205,1606,701,0,856,10,39,1696683,1259778,,
2021-10-17,2122,1534,672,2,803,10,47,1698805,1261312,,
2021-10-18,2643,1840,827,1,940,14,58,1701448,1263152,,
2021-10-19,2329,1581,696,2,818,13,52,1703777,1264733,,
2021-10-20,2423,1682,756,4,857,8,57,1706200,1266415,,
2021-10-21,2245,1539,734,0,736,10,59,1708445,1267954,,
2021-10-22,2255,1597,712,4,819,4,58,1710700,1269551,,
2021-10-23,1866,1313,583,2,669,5,54,1712566,1270864,,
2021-10-24,1974,1413,617,2,738,9,47,1714540,1272277,,
2021-10-25,2474,1703,781,2,852,21,47,1717014,1273980,,
2021-10-26,2295,1575,727,1,764,17,66,1719309,1275555,,
2021-10-27,2291,1553,717,3,770,12,51,1721600,1277108,,
2021-10-28,2227,1484,701,1,709,9,64,1723827,1278592,,
2021-10-29,2222,1396,633,5,683,7,68,1726049,1279988,,
2021-10-30,2000,1332,628,1,636,16,51,1728049,1281320,,
2021-10-31,2042,1395,684,0,628,13,70,1730091,1282715,,
2021-11-01,2838,1953,880,4,954,11,104,1732929,1284668,,
2021-11-02,2690,1861,900,2,865,16,78,1735619,1286529,,
2021-11-03,2626,1889,880,1,878,22,108,1738245,1288418,,
2021-11-04,2533,1759,874,5,774,13,93,1740778,1290177,,
2021-11-05,2573,1759,868,3,777,15,96,1743351,1291936,,
2021-11-06,2353,1662,838,3,716,22,83,1745704,1293598,,
2021-11-07,2146,1440,711,2,628,14,85,1747850,1295038,,
2021-11-08,2764,1785,897,13,765,23,87,1750614,1296823,,
2021-11-09,2530,1627,877,7,639,21,83,1753144,1298450,,
2021-11-10,2622,1757,908,6,711,13,119,1755766,1300207,,
2021-11-11,2230,1471,742,2,630,20,77,1757996,1301678,,
2021-11-12,2438,1582,843,8,616,15,100,1760434,1303260,,
2021-11-13,2131,1459,794,4,576,12,73,1762565,1304719,,
2021-11-14,2175,1426,712,3,629,24,58,1764740,1306145,,
2021-11-15,2684,1739,957,4,680,15,83,1767424,1307884,,
2021-11-16,2541,1643,851,5,631,31,125,1769965,1309527,,
2021-11-17,2704,1746,880,1,719,33,113,1772669,1311273,,
2021-11-18,2397,1501,819,3,557,22,100,1775066,1312774,,
2021-11-19,2569,1618,827,3,645,25,118,1777635,1314392,,
2021-11-20,2265,1359,718,5,509,30,97,1779900,1315751,,
2021-11-21,2387,1471,787,5,576,18,85,1782287,1317222,,
2021-11-22,3114,1885,1015,2,700,29,139,1785401,1319107,,
2021-11-23,2900,1778,983,2,637,33,123,1788301,1320885,,
2021-11-24,2923,1762,950,6,647,25,134,1791224,1322647,,
2021-11-25,2644,1586,868,0,587,30,101,1793868,1324233,,
2021-11-26,2876,1694,876,5,619,22,172,1796744,1325927,,
2021-11-27,2531,1569,851,1,552,35,130,1799275,1327496,,
2021-11-28,2792,1624,857,1,566,45,155,1802067,1329120,,
2021-11-29,3486,1991,1025,2,728,63,173,1805553,1331111,,
2021-11-30,3335,1884,957,3,700,34,190,1808888,1332995,,
2021-12-01,3663,2043,1105,4,697,35,202,1812551,1335038,,
2021-12-02,3362,1899,954,4,667,39,235,1815913,1336937,,
2021-12-03,3714,2139,1102,5,732,37,263,1819627,1339076,,
2021-12-04,3144,1728,894,5,611,41,177,1822771,1340804,,
2021-12-05,3395,1940,1025,6,658,43,208,1826166,1342744,,
2021-12-06,4646,2629,1394,7,847,45,336,1830812,1345373,,
2021-12-07,4758,2680,1453,5,786,52,384,1835570,1348053,,
2021-12-08,4855,2818,1459,6,849,43,461,1840425,1350871,,
2021-12-09,4704,2605,1266,10,752,52,525,1845129,1353476,,
2021-12-10,5114,2954,1405,6,787,66,690,1850243,1356430,,
2021-12-11,5041,2986,1238,12,872,70,794,1855284,1359416,,
2021-12-12,6213,3726,1353,11,1061,80,1221,1861497,1363142,,
2021-12-13,9583,5655,1826,10,1497,122,2200,1871080,1368797,,
2021-12-14,10031,5795,1796,19,1471,104,2405,1881111,1374592,,
2021-12-15,10761,6043,1692,26,1345,91,2889,1891872,1380635,,
2021-12-16,11328,6196,1591,17,1251,101,3236,1903200,1386831,,
2021-12-17,14208,7856,1786,12,1673,119,4266,1917408,1394687,,
2021-12-18,14838,8444,1773,13,1806,105,4747,1932246,1403131,,
2021-12-19,18368,10304,1827,18,2522,113,5824,1950614,1413435,,
2021-12-20,28955,15848,2355,19,3654,136,9684,1979569,1429283,,
2021-12-21,30820,15893,2290,12,3444,107,10040,2010389,1445176,,
2021-12-22,30821,14940,1950,14,2865,102,10009,2041210,1460116,,
2021-12-23,30674,15404,1795,11,2766,70,10762,2071884,1475520,,
2021-12-24,27430,14323,1715,10,2667,76,9855,2099314,1489843,,
2021-12-25,22543,10540,1804,10,2557,70,6099,2121857,1500383,,
2021-12-26,30740,15052,2447,13,3437,65,9090,2152597,1515435,,
2021-12-27,42690,21752,2786,20,3562,79,15305,2195287,1537187,,
2021-12-28,49943,25235,2536,11,3123,66,19499,2245230,1562422,,
2021-12-29,53132,29002,2112,6,4295,55,22534,2298362,1591424,,
2021-12-30,50178,28571,1735,16,4142,61,22617,2348540,1619995,,
2021-12-31,37205,18678,1470,9,3703,56,13440,2385745,1638673,,
2022-01-01,24899,10021,1288,10,2378,51,6294,2410644,1648694,,
2022-01-02,30902,14233,1502,11,4163,62,8495,2441546,1662927,,
2022-01-03,42331,19166,1771,17,6246,61,11071,2483877,1682093,,
2022-01-04,41183,18355,1534,6,5618,69,11128,2525060,1700448,,
2022-01-05,36495,16163,1375,8,4596,61,10123,2561555,1716611,,
2022-01-06,29426,12979,1247,5,3150,56,8521,2590981,1729590,,
2022-01-07,26774,11485,1217,10,2122,42,8094,2617755,1741075,,
2022-01-08,18907,8807,963,6,1779,48,6011,2636662,1749882,,
2022-01-09,17821,8372,977,6,1700,43,5646,2654483,1758254,,
2022-01-10,25915,10944,1158,12,1884,44,7846,2680398,1769198,,
2022-01-11,23668,9371,1118,9,1639,37,6568,2704066,1778569,,
2022-01-12,21137,7625,884,1,1343,22,5375,2725203,1786194,,
2022-01-13,18723,6730,747,2,1186,28,4767,2743926,1792924,,
2022-01-14,16096,5855,594,1,940,10,4310,2760022,1798779,,
2022-01-15,9773,3881,335,0,486,9,3051,2769795,1802660,,
2022-01-16,6067,2836,240,0,273,1,2322,2775862,1805496,,
2022-01-17,5007,2305,149,0,117,2,2037,2780869,1807801,,
2022-01-18,3322,2291,56,0,34,0,2201,2784191,1810092,,
2022-01-19,113,113,6,0,18,0,89,2784304,1810205,,