date,new,NTotal_ExposureOnly,domestic-contactWithCase,domestic-contactWithTraveller,domestic-unknown,internationalTravel,infopending,cumulative,cumulativeNTotal_ExposureOnly,doubleFlagTest,shaded
2020-01-15,2,1,0,0,0,1,0,2,1,1,14
2020-01-16,5,3,1,0,2,0,0,7,4,1,
2020-01-17,3,1,0,0,0,1,0,10,5,0,
2020-01-18,0,0,0,0,0,0,0,10,5,0,
2020-01-19,0,0,0,0,0,0,0,10,5,0,
2020-01-20,2,1,0,0,0,0,1,12,6,0,
2020-01-21,1,0,0,0,0,0,0,13,6,0,
2020-01-22,4,0,0,0,0,0,0,17,6,1,
2020-01-23,0,0,0,0,0,0,0,17,6,0,
2020-01-24,6,4,1,0,1,2,0,23,10,0,
2020-01-25,3,2,0,0,0,2,0,26,12,0,
2020-01-26,4,2,1,0,1,0,0,30,14,0,
2020-01-27,2,1,1,0,0,0,0,32,15,0,
2020-01-28,8,3,2,0,1,0,0,40,18,1,
2020-01-29,7,2,1,0,0,1,0,47,20,0,
2020-01-30,3,1,0,0,0,0,1,50,21,0,
2020-01-31,3,1,1,0,0,0,0,53,22,0,
2020-02-01,2,1,0,0,1,0,0,55,23,0,
2020-02-02,7,5,3,0,1,1,0,62,28,0,
2020-02-03,3,2,0,0,1,1,0,65,30,0,
2020-02-04,1,1,0,0,1,0,0,66,31,0,
2020-02-05,2,2,0,0,2,0,0,68,33,0,
2020-02-06,0,0,0,0,0,0,0,68,33,0,
2020-02-07,0,0,0,0,0,0,0,68,33,0,
2020-02-08,3,3,1,0,1,1,0,71,36,0,
2020-02-09,1,0,0,0,0,0,0,72,36,0,
2020-02-10,1,1,0,0,0,1,0,73,37,0,
2020-02-11,2,2,0,0,1,1,0,75,39,0,
2020-02-12,2,1,0,0,1,0,0,77,40,0,
2020-02-13,4,3,2,0,1,0,0,81,43,1,
2020-02-14,1,1,0,0,0,1,0,82,44,0,
2020-02-15,6,5,0,0,3,2,0,88,49,0,
2020-02-16,3,2,1,0,0,1,0,91,51,0,
2020-02-17,1,1,0,0,0,1,0,92,52,0,
2020-02-18,2,2,1,0,0,1,0,94,54,0,
2020-02-19,2,2,2,0,0,0,0,96,56,0,
2020-02-20,4,4,2,0,1,1,0,100,60,0,
2020-02-21,9,9,3,1,3,2,0,109,69,0,
2020-02-22,3,3,0,0,1,2,0,112,72,0,
2020-02-23,8,8,2,0,3,3,0,120,80,0,
2020-02-24,22,22,11,0,3,7,1,142,102,0,
2020-02-25,15,14,3,0,2,9,0,157,116,0,
2020-02-26,16,16,4,0,2,10,0,173,132,1,
2020-02-27,14,13,6,1,4,2,0,187,145,0,
2020-02-28,27,26,12,0,7,7,0,214,171,0,
2020-02-29,39,37,17,0,6,14,0,253,208,0,
2020-03-01,27,27,8,0,7,12,0,280,235,0,
2020-03-02,60,59,12,0,26,20,1,340,294,0,
2020-03-03,56,56,8,0,18,30,0,396,350,1,
2020-03-04,55,55,15,0,12,28,0,451,405,0,
2020-03-05,62,58,13,1,14,30,0,513,463,0,
2020-03-06,67,67,12,1,23,31,0,580,530,0,
2020-03-07,86,85,17,2,26,40,0,666,615,0,
2020-03-08,91,91,14,3,30,44,0,757,706,0,
2020-03-09,135,134,27,2,45,60,0,892,840,1,
2020-03-10,224,223,44,10,79,90,0,1116,1063,0,
2020-03-11,257,255,56,9,72,118,0,1373,1318,0,
2020-03-12,296,296,74,11,85,125,1,1669,1614,0,
2020-03-13,391,389,92,9,128,159,1,2060,2003,1,
2020-03-14,465,459,124,8,151,174,2,2525,2462,0,
2020-03-15,468,466,98,15,168,183,2,2993,2928,0,
2020-03-16,608,601,152,10,212,225,2,3601,3529,0,
2020-03-17,848,839,254,11,308,265,1,4449,4368,1,
2020-03-18,874,865,260,16,320,264,5,5323,5233,0,
2020-03-19,974,965,283,19,356,303,4,6297,6198,0,
2020-03-20,812,802,253,13,298,235,3,7109,7000,0,
2020-03-21,1066,1055,362,21,424,239,9,8175,8055,0,
2020-03-22,912,895,320,8,326,237,4,9087,8950,1,
2020-03-23,874,860,320,13,340,185,2,9961,9810,0,
2020-03-24,1100,1080,464,16,418,173,9,11061,10890,0,
2020-03-25,999,986,397,21,391,173,4,12060,11876,0,
2020-03-26,1015,993,450,13,414,108,8,13075,12869,0,
2020-03-27,947,929,449,12,342,117,9,14022,13798,0,
2020-03-28,973,959,483,8,372,84,12,14995,14757,0,
2020-03-29,978,966,472,9,390,84,11,15973,15723,0,
2020-03-30,891,880,462,7,355,50,6,16864,16603,0,
2020-03-31,1188,1173,584,10,489,77,13,18052,17776,0,
2020-04-01,1010,1001,560,3,357,68,13,19062,18777,1,
2020-04-02,1327,1314,755,12,454,84,9,20389,20091,0,
2020-04-03,1195,1188,749,11,374,46,8,21584,21279,0,
2020-04-04,1339,1328,887,6,374,53,8,22923,22607,0,
2020-04-05,1174,1170,745,9,371,28,17,24097,23777,0,
2020-04-06,1080,1074,680,5,368,13,8,25177,24851,0,
2020-04-07,1444,1437,884,11,515,14,13,26621,26288,0,
2020-04-08,1313,1304,793,13,469,16,13,27934,27592,0,
2020-04-09,1410,1403,884,10,489,6,14,29344,28995,0,
2020-04-10,1510,1505,968,14,495,4,24,30854,30500,0,
2020-04-11,1814,1806,1136,19,621,6,24,32668,32306,0,
2020-04-12,1714,1710,971,11,685,4,39,34382,34016,0,
2020-04-13,1447,1444,886,16,508,7,27,35829,35460,0,
2020-04-14,2132,2129,1169,33,889,6,32,37961,37589,0,
2020-04-15,1826,1819,1094,21,669,2,33,39787,39408,1,
2020-04-16,1961,1954,1231,22,672,4,25,41748,41362,0,
2020-04-17,1966,1959,1104,19,780,1,55,43714,43321,0,
2020-04-18,1864,1858,1104,17,699,3,35,45578,45179,0,
2020-04-19,1621,1615,1041,20,524,3,27,47199,46794,0,
2020-04-20,1232,1227,743,15,454,4,11,48431,48021,0,
2020-04-21,1847,1842,1081,10,714,2,35,50278,49863,0,
2020-04-22,1415,1411,841,13,522,6,29,51693,51274,0,
2020-04-23,1573,1565,909,13,612,1,30,53266,52839,0,
2020-04-24,1588,1573,917,18,602,5,31,54854,54412,0,
2020-04-25,1542,1534,931,11,547,2,43,56396,55946,0,
2020-04-26,1406,1398,823,14,474,5,82,57802,57344,0,
2020-04-27,1319,1313,789,13,464,4,43,59121,58657,0,
2020-04-28,1658,1645,951,12,637,5,40,60779,60302,0,
2020-04-29,1538,1525,925,18,554,6,22,62317,61827,0,
2020-04-30,1480,1473,806,4,647,2,14,63797,63300,0,
2020-05-01,1474,1464,828,4,612,3,17,65271,64764,0,
2020-05-02,1598,1582,895,8,656,4,19,66869,66346,0,
2020-05-03,1074,1068,657,8,385,0,18,67943,67414,0,
2020-05-04,1025,1022,621,6,380,5,10,68968,68436,0,
2020-05-05,1367,1357,775,6,553,2,21,70335,69793,0,
2020-05-06,1302,1295,728,6,534,1,26,71637,71088,0,
2020-05-07,1129,1124,661,8,435,2,18,72766,72212,0,
2020-05-08,1180,1173,712,4,432,6,19,73946,73385,0,
2020-05-09,1185,1178,701,7,454,1,15,75131,74563,0,
2020-05-10,1026,1018,634,8,354,4,18,76157,75581,0,
2020-05-11,922,917,543,7,351,5,11,77079,76498,0,
2020-05-12,1226,1224,729,8,450,7,30,78305,77722,0,
2020-05-13,1166,1156,718,2,410,6,20,79471,78878,0,
2020-05-14,1110,1098,650,3,426,3,16,80581,79976,1,
2020-05-15,1162,1160,686,3,452,5,14,81743,81136,0,
2020-05-16,1218,1213,711,0,477,11,14,82961,82349,0,
2020-05-17,996,993,601,2,375,2,13,83957,83342,0,
2020-05-18,911,900,537,2,342,8,11,84868,84242,0,
2020-05-19,1098,1082,618,2,450,5,7,85966,85324,0,
2020-05-20,966,959,582,3,362,4,8,86932,86283,0,
2020-05-21,1128,1113,654,2,445,1,11,88060,87396,0,
2020-05-22,884,871,547,2,305,6,11,88944,88267,0,
2020-05-23,846,832,513,0,312,5,2,89790,89099,0,
2020-05-24,702,688,443,1,234,4,6,90492,89787,0,
2020-05-25,652,644,401,0,228,4,11,91144,90431,0,
2020-05-26,860,844,508,3,312,4,17,92004,91275,0,
2020-05-27,746,729,459,1,256,7,6,92750,92004,0,
2020-05-28,719,701,423,2,264,2,10,93469,92705,0,
2020-05-29,598,581,362,2,204,2,11,94067,93286,0,
2020-05-30,735,728,444,0,276,3,5,94802,94014,0,
2020-05-31,562,554,397,2,152,1,2,95364,94568,0,
2020-06-01,407,397,258,0,130,3,6,95771,94965,0,
2020-06-02,689,679,395,6,249,6,23,96460,95644,0,
2020-06-03,500,485,320,1,155,5,4,96960,96129,0,
2020-06-04,493,487,322,4,149,4,8,97453,96616,0,
2020-06-05,466,452,265,1,169,11,6,97919,97068,0,
2020-06-06,450,437,312,0,119,3,3,98369,97505,0,
2020-06-07,373,366,234,1,124,4,3,98742,97871,0,
2020-06-08,312,303,213,1,83,1,5,99054,98174,0,
2020-06-09,439,423,288,6,114,10,5,99493,98597,0,
2020-06-10,374,366,244,3,110,4,5,99867,98963,0,
2020-06-11,442,435,259,5,152,10,9,100309,99398,0,
2020-06-12,376,360,242,3,107,5,3,100685,99758,0,
2020-06-13,376,370,224,5,132,6,3,101061,100128,0,
2020-06-14,276,271,181,1,83,5,1,101337,100399,0,
2020-06-15,301,293,186,0,95,9,3,101638,100692,0,
2020-06-16,401,393,244,4,134,7,4,102039,101085,0,
2020-06-17,372,357,234,2,106,10,5,102411,101442,0,
2020-06-18,365,356,229,0,117,6,4,102776,101798,0,
2020-06-19,330,317,198,1,110,4,4,103106,102115,0,
2020-06-20,337,334,231,0,88,11,4,103443,102449,0,
2020-06-21,287,279,186,0,84,8,1,103730,102728,0,
2020-06-22,271,268,176,0,85,4,3,104001,102996,0,
2020-06-23,326,317,211,2,96,4,4,104327,103313,0,
2020-06-24,329,325,219,2,91,6,7,104656,103638,0,
2020-06-25,289,285,183,2,87,9,4,104945,103923,0,
2020-06-26,471,461,326,2,122,5,6,105416,104384,0,
2020-06-27,281,270,170,0,83,11,6,105697,104654,0,
2020-06-28,253,247,165,1,71,7,3,105950,104901,0,
2020-06-29,240,234,135,1,88,9,1,106190,105135,0,
2020-06-30,336,327,198,2,107,10,10,106526,105462,0,
2020-07-01,314,299,197,4,93,2,3,106840,105761,0,
2020-07-02,286,274,177,8,83,5,1,107126,106035,0,
2020-07-03,268,258,161,1,83,6,7,107394,106293,0,
2020-07-04,311,294,185,2,91,13,3,107705,106587,0,
2020-07-05,298,281,173,3,94,10,1,108003,106868,0,
2020-07-06,272,268,177,3,81,6,1,108275,107136,0,
2020-07-07,514,491,268,2,176,17,28,108789,107627,0,
2020-07-08,527,506,263,6,208,19,10,109316,108133,0,
2020-07-09,448,419,279,4,121,10,5,109764,108552,0,
2020-07-10,456,431,268,3,139,12,9,110220,108983,0,
2020-07-11,416,389,258,5,107,14,5,110636,109372,0,
2020-07-12,387,373,228,3,128,12,2,111023,109745,0,
2020-07-13,400,381,236,3,134,6,2,111423,110126,0,
2020-07-14,607,570,358,12,185,12,3,112030,110696,0,
2020-07-15,551,504,299,4,181,13,7,112581,111200,0,
2020-07-16,574,519,311,3,174,16,15,113155,111719,0,
2020-07-17,465,419,259,4,136,17,3,113620,112138,0,
2020-07-18,515,463,272,6,167,7,11,114135,112601,0,
2020-07-19,413,381,228,2,137,7,7,114548,112982,0,
2020-07-20,397,357,202,4,138,11,2,114945,113339,0,
2020-07-21,534,473,264,6,184,14,5,115479,113812,0,
2020-07-22,528,469,267,10,181,6,5,116007,114281,0,
2020-07-23,451,381,181,6,180,10,4,116458,114662,0,
2020-07-24,455,355,175,3,164,7,6,116913,115017,0,
2020-07-25,465,376,180,7,177,5,7,117378,115393,0,
2020-07-26,314,232,108,4,111,6,3,117692,115625,0,
2020-07-27,341,220,102,6,100,10,2,118033,115845,0,
2020-07-28,486,330,176,3,132,14,5,118519,116175,0,
2020-07-29,425,285,155,1,111,14,4,118944,116460,0,
2020-07-30,408,246,138,2,99,3,4,119352,116706,0,
2020-07-31,342,213,109,1,87,6,10,119694,116919,0,
2020-08-01,346,220,120,0,85,10,5,120040,117139,0,
2020-08-02,343,208,113,8,62,17,8,120383,117347,0,
2020-08-03,337,197,124,6,59,6,2,120720,117544,0,
2020-08-04,440,272,162,2,97,10,1,121160,117816,0,
2020-08-05,450,313,186,0,100,20,7,121610,118129,0,
2020-08-06,385,277,171,9,87,8,2,121995,118406,0,
2020-08-07,351,249,160,4,72,7,6,122346,118655,0,
2020-08-08,392,301,189,2,92,6,12,122738,118956,0,
2020-08-09,334,237,151,4,76,2,4,123072,119193,0,
2020-08-10,325,254,149,7,87,8,3,123397,119447,0,
2020-08-11,477,365,215,8,124,12,6,123874,119812,0,
2020-08-12,477,359,220,5,122,11,1,124351,120171,0,
2020-08-13,410,322,211,11,86,11,3,124761,120493,0,
2020-08-14,429,350,223,8,107,10,2,125190,120843,0,
2020-08-15,381,303,176,7,108,9,3,125571,121146,0,
2020-08-16,368,302,171,7,111,7,6,125939,121448,0,
2020-08-17,380,291,166,14,104,4,3,126319,121739,0,
2020-08-18,551,415,264,11,126,7,7,126870,122154,0,
2020-08-19,434,348,205,4,123,4,12,127304,122502,0,
2020-08-20,452,351,207,9,120,5,10,127756,122853,0,
2020-08-21,452,353,223,5,108,4,13,128208,123206,0,
2020-08-22,426,334,207,9,104,5,9,128634,123540,0,
2020-08-23,398,334,225,7,93,5,4,129032,123874,0,
2020-08-24,409,316,203,3,103,6,1,129441,124190,0,
2020-08-25,582,433,265,15,137,7,9,130023,124623,0,
2020-08-26,619,451,291,12,137,10,1,130642,125074,0,
2020-08-27,621,454,287,13,144,5,5,131263,125528,0,
2020-08-28,495,364,231,11,109,3,10,131758,125892,0,
2020-08-29,564,414,262,11,126,6,9,132322,126306,0,
2020-08-30,456,327,207,10,87,5,18,132778,126633,0,
2020-08-31,560,397,242,4,127,7,17,133338,127030,0,
2020-09-01,651,429,260,11,133,9,16,133989,127459,0,
2020-09-02,753,513,301,18,162,7,25,134742,127972,0,
2020-09-03,790,530,333,12,153,8,24,135532,128502,0,
2020-09-04,669,455,267,5,164,4,15,136201,128957,0,
2020-09-05,727,479,287,9,158,10,15,136928,129436,0,
2020-09-06,672,414,254,9,125,9,17,137600,129850,0,
2020-09-07,693,421,270,4,134,8,5,138293,130271,0,
2020-09-08,797,487,298,8,159,9,13,139090,130758,0,
2020-09-09,970,610,352,14,218,10,16,140060,131368,0,
2020-09-10,1022,626,374,12,216,4,20,141082,131994,0,
2020-09-11,1021,650,378,6,226,9,31,142103,132644,0,
2020-09-12,982,640,358,10,248,9,15,143085,133284,0,
2020-09-13,982,652,389,8,234,3,18,144067,133936,0,
2020-09-14,976,610,343,8,241,6,12,145043,134546,0,
2020-09-15,1274,801,478,14,275,7,27,146317,135347,0,
2020-09-16,1325,798,446,10,304,3,35,147642,136145,0,
2020-09-17,1373,816,494,22,271,4,25,149015,136961,0,
2020-09-18,1338,770,478,21,236,7,28,150353,137731,0,
2020-09-19,1429,803,517,8,241,1,36,151782,138534,0,
2020-09-20,1247,703,391,18,270,6,18,153029,139237,0,
2020-09-21,1368,758,417,12,283,9,37,154397,139995,0,
2020-09-22,1833,1009,558,15,375,5,56,156230,141004,0,
2020-09-23,1879,959,522,13,366,8,50,158109,141963,0,
2020-09-24,1937,1003,554,14,343,2,90,160046,142966,0,
2020-09-25,1968,982,523,10,355,2,92,162014,143948,0,
2020-09-26,2066,1060,563,20,371,9,97,164080,145008,0,
2020-09-27,1893,948,502,7,338,4,97,165973,145956,0,
2020-09-28,1976,962,475,10,350,6,121,167949,146918,0,
2020-09-29,2495,1197,623,15,423,3,133,170444,148115,0,
2020-09-30,2275,1125,551,23,405,3,143,172719,149240,0,
2020-10-01,2268,1121,559,15,435,1,111,174987,150361,0,
2020-10-02,2176,1104,579,9,412,9,95,177163,151465,0,
2020-10-03,2141,1077,544,17,403,9,104,179304,152542,0,
2020-10-04,1838,940,473,19,350,10,88,181142,153482,0,
2020-10-05,1860,920,509,14,315,4,78,183002,154402,0,
2020-10-06,2478,1263,674,19,455,5,110,185480,155665,0,
2020-10-07,2336,1264,678,31,422,10,123,187816,156929,0,
2020-10-08,2295,1261,688,20,436,9,108,190111,158190,0,
2020-10-09,2257,1192,657,14,405,10,106,192368,159382,0,
2020-10-10,2308,1248,654,18,457,7,112,194676,160630,0,
2020-10-11,2177,1339,682,17,552,7,81,196853,161969,0,
2020-10-12,1923,1116,604,17,396,5,94,198776,163085,0,
2020-10-13,2344,1339,716,19,501,8,95,201120,164424,0,
2020-10-14,2584,1523,867,22,518,9,107,203704,165947,0,
2020-10-15,2523,1522,879,26,509,7,101,206227,167469,0,
2020-10-16,2580,1421,845,24,443,10,99,208807,168890,0,
2020-10-17,2659,1596,893,19,575,4,105,211466,170486,0,
2020-10-18,2312,1386,819,25,431,6,105,213778,171872,0,
2020-10-19,2236,1379,805,12,459,12,91,216014,173251,0,
2020-10-20,2981,1890,1125,22,613,7,123,218995,175141,0,
2020-10-21,2831,1854,1097,27,569,9,152,221826,176995,0,
2020-10-22,2800,1743,1010,32,542,9,150,224626,178738,0,
2020-10-23,2799,1798,1089,21,559,2,127,227425,180536,0,
2020-10-24,2823,1811,1040,30,600,7,134,230248,182347,0,
2020-10-25,2640,1758,1033,33,530,10,152,232888,184105,0,
2020-10-26,2649,1685,1024,32,507,7,115,235537,185790,0,
2020-10-27,3390,2174,1262,23,685,11,193,238927,187964,0,
2020-10-28,3359,2219,1345,36,666,9,163,242286,190183,0,
2020-10-29,3630,2427,1419,36,765,9,198,245916,192610,0,
2020-10-30,3111,1992,1241,32,590,7,122,249027,194602,0,
2020-10-31,3536,2351,1330,43,815,9,154,252563,196953,0,
2020-11-01,3164,2161,1355,31,629,8,138,255727,199114,0,
2020-11-02,3459,2307,1378,33,740,8,148,259186,201421,0,
2020-11-03,4573,3046,1839,43,961,7,196,263759,204467,0,
2020-11-04,4505,3053,1789,34,938,15,277,268264,207520,0,
2020-11-05,4625,3075,1905,47,915,7,201,272889,210595,0,
2020-11-06,4542,3034,1755,34,956,8,281,277431,213629,0,
2020-11-07,4631,3088,1809,22,999,11,247,282062,216717,0,
2020-11-08,4327,2871,1538,17,1096,9,211,286389,219588,0,
2020-11-09,4031,2668,1451,13,1021,8,175,290420,222256,0,
2020-11-10,5300,3557,1828,26,1441,14,248,295720,225813,0,
2020-11-11,5144,3430,1733,18,1430,15,234,300864,229243,0,
2020-11-12,4949,3412,1818,26,1344,9,215,305813,232655,0,
2020-11-13,5075,3576,1711,18,1602,12,233,310888,236231,0,
2020-11-14,5195,3705,1780,16,1664,16,229,316083,239936,0,
2020-11-15,4542,3403,1694,10,1509,13,177,320625,243339,0,
2020-11-16,4471,3306,1632,22,1486,18,148,325096,246645,0,
2020-11-17,5629,4091,2041,17,1834,22,177,330725,250736,0,
2020-11-18,5450,3990,1906,19,1801,14,250,336175,254726,0,
2020-11-19,5663,4191,2100,27,1853,12,199,341838,258917,0,
2020-11-20,5512,3978,1868,23,1860,16,211,347350,262895,0,
2020-11-21,5541,4144,1978,30,1911,15,210,352891,267039,0,
2020-11-22,5083,3794,1829,22,1759,15,169,357974,270833,0,
2020-11-23,4853,3525,1752,25,1549,22,177,362827,274358,0,
2020-11-24,6341,4585,2259,34,2034,16,242,369168,278943,0,
2020-11-25,6249,4607,2192,29,2111,11,264,375417,283550,0,
2020-11-26,6404,4689,2191,28,2139,15,316,381821,288239,0,
2020-11-27,6114,4542,2137,29,2159,18,199,387935,292781,0,
2020-11-28,6261,4533,2093,34,2169,19,218,394196,297314,0,
2020-11-29,5599,4083,2001,23,1763,15,281,399795,301397,0,
2020-11-30,5416,3851,1720,31,1852,15,233,405211,305248,0,
2020-12-01,6914,4917,2303,37,2283,21,273,412125,310165,0,
2020-12-02,6792,4809,2340,20,2183,7,259,418917,314974,0,
2020-12-03,6714,4805,2143,37,2349,14,262,425631,319779,0,
2020-12-04,6706,4700,2197,32,2160,18,293,432337,324479,0,
2020-12-05,6806,4809,2208,39,2276,10,276,439143,329288,0,
2020-12-06,5838,4084,1840,38,1944,11,251,444981,333372,0,
2020-12-07,5817,3998,1921,33,1752,31,261,450798,337370,0,
2020-12-08,7662,5298,2524,47,2354,27,346,458460,342668,0,
2020-12-09,7192,4895,2277,37,2201,17,363,465652,347563,0,
2020-12-10,6923,4743,2224,30,2093,19,377,472575,352306,0,
2020-12-11,6867,4638,2108,45,2112,24,349,479442,356944,0,
2020-12-12,6846,4689,2125,48,2138,22,356,486288,361633,0,
2020-12-13,6181,4069,1876,42,1807,24,320,492469,365702,0,
2020-12-14,5537,3650,1742,25,1584,16,283,498006,369352,0,
2020-12-15,7692,5050,2311,38,2200,29,472,505698,374402,0,
2020-12-16,7222,4775,2141,33,2153,17,431,512920,379177,0,
2020-12-17,6889,4547,2104,45,1957,10,431,519809,383724,0,
2020-12-18,6665,4320,1902,34,1933,30,421,526474,388044,0,
2020-12-19,6926,4528,2027,53,1995,20,433,533400,392572,0,
2020-12-20,5918,3725,1782,41,1579,17,306,539318,396297,0,
2020-12-21,5914,3762,1844,29,1565,20,304,545232,400059,0,
2020-12-22,7578,4699,2233,41,1935,16,474,552810,404758,0,
2020-12-23,7151,4394,2171,43,1732,22,426,559961,409152,0,
2020-12-24,7404,4611,2284,49,1800,30,448,567365,413763,0,
2020-12-25,6897,4412,2139,44,1802,14,413,574262,418175,0,
2020-12-26,5723,3516,1847,51,1325,15,278,579985,421691,0,
2020-12-27,7621,4982,2581,58,1969,25,349,587606,426673,0,
2020-12-28,7591,4932,2691,69,1775,20,377,595197,431605,0,
2020-12-29,8957,5762,3036,52,2190,25,459,604154,437367,0,
2020-12-30,8183,5295,2848,72,1905,16,454,612337,442662,0,
2020-12-31,7887,5016,2681,59,1768,41,467,620224,447678,0,
2021-01-01,7478,4940,2629,57,1805,16,433,627702,452618,0,
2021-01-02,7147,4480,2399,40,1647,28,366,634849,457098,0,
2021-01-03,7553,5099,2778,69,1764,44,444,642402,462197,0,
2021-01-04,7348,4751,2581,60,1668,50,392,649750,466948,0,
2021-01-05,8955,5829,3130,68,2041,32,558,658705,472777,0,
2021-01-06,7852,5139,2825,63,1715,52,484,666557,477916,0,
2021-01-07,7754,5002,2674,59,1655,53,561,674311,482918,0,
2021-01-08,6903,4445,2386,51,1476,38,494,681214,487363,0,
2021-01-09,6778,4432,2369,57,1469,41,496,687992,491795,0,
2021-01-10,5996,3878,2076,53,1302,40,407,693988,495673,0,
2021-01-11,5589,3665,1957,57,1243,29,379,699577,499338,0,
2021-01-12,6893,4595,2522,58,1475,37,503,706470,503933,0,
2021-01-13,6100,4021,2182,70,1288,29,452,712570,507954,0,
2021-01-14,6108,4030,2121,49,1341,33,486,718678,511984,0,
2021-01-15,5664,3822,2090,43,1216,28,445,724342,515806,0,
2021-01-16,6022,3896,2092,40,1333,30,401,730364,519702,0,
2021-01-17,4723,3166,1694,37,1122,20,293,735087,522868,0,
2021-01-18,4487,2980,1596,37,980,37,330,739574,525848,0,
2021-01-19,5679,3779,2014,38,1219,31,477,745253,529627,0,
2021-01-20,5233,3467,1840,46,1112,12,457,750486,533094,0,
2021-01-21,5060,3368,1842,54,1082,24,366,755546,536462,0,
2021-01-22,4785,3193,1711,28,1029,26,399,760331,539655,0,
2021-01-23,4527,3069,1681,39,1018,18,313,764858,542724,0,
2021-01-24,3952,2661,1445,43,870,15,288,768810,545385,0,
2021-01-25,3522,2351,1275,26,789,11,250,772332,547736,0,
2021-01-26,4649,3027,1630,36,949,18,394,776981,550763,0,
2021-01-27,4105,2668,1442,39,831,10,346,781086,553431,0,
2021-01-28,4213,2804,1551,28,888,15,322,785299,556235,0,
2021-01-29,3893,2502,1344,30,844,17,267,789192,558737,0,
2021-01-30,3779,2442,1308,38,849,14,233,792971,561179,0,
2021-01-31,3158,2090,1094,23,732,10,231,796129,563269,0,
2021-02-01,2877,1889,1066,24,602,18,179,799006,565158,0,
2021-02-02,4119,2705,1395,21,895,15,379,803125,567863,0,
2021-02-03,3622,2361,1288,32,778,13,250,806747,570224,0,
2021-02-04,3543,2305,1251,22,782,10,240,810290,572529,0,
2021-02-05,3353,2185,1176,26,726,14,243,813643,574714,0,
2021-02-06,3372,2212,1164,26,764,16,242,817015,576926,0,
2021-02-07,2794,1886,1061,17,669,7,132,819809,578812,0,
2021-02-08,2645,1769,999,24,596,13,137,822454,580581,0,
2021-02-09,3510,2338,1343,18,743,9,225,825964,582919,0,
2021-02-10,3234,2108,1204,27,686,13,178,829198,585027,0,
2021-02-11,3299,2249,1337,28,744,5,135,832497,587276,0,
2021-02-12,2901,1964,1197,23,602,7,135,835398,589240,0,
2021-02-13,3122,2092,1209,21,683,7,172,838520,591332,0,
2021-02-14,2678,1913,1158,17,579,4,155,841198,593245,0,
2021-02-15,2539,1732,1051,16,551,21,93,843737,594977,0,
2021-02-16,3062,2040,1242,33,632,7,126,846799,597017,0,
2021-02-17,3021,2116,1278,26,638,13,161,849820,599133,0,
2021-02-18,3109,2151,1315,29,627,8,172,852929,601284,0,
2021-02-19,3036,2127,1286,31,603,7,200,855965,603411,0,
2021-02-20,2998,2105,1252,24,658,5,166,858963,605516,0,
2021-02-21,2747,1907,1147,25,599,12,124,861710,607423,0,
2021-02-22,2528,1798,1052,14,596,10,126,864238,609221,0,
2021-02-23,3222,2227,1321,15,689,6,196,867460,611448,0,
2021-02-24,3026,2155,1315,11,669,4,156,870486,613603,0,
2021-02-25,3119,2160,1335,18,634,7,166,873605,615763,0,
2021-02-26,2851,2025,1235,16,619,4,151,876456,617788,0,
2021-02-27,2941,2102,1303,18,611,10,160,879397,619890,0,
2021-02-28,2715,2009,1229,11,600,14,155,882112,621899,0,
2021-03-01,2661,1957,1195,21,591,9,141,884773,623856,0,
2021-03-02,3527,2546,1499,19,806,8,214,888300,626402,0,
2021-03-03,3132,2293,1416,22,675,7,173,891432,628695,0,
2021-03-04,3308,2382,1480,18,712,15,157,894740,631077,0,
2021-03-05,2894,2176,1320,22,672,16,146,897634,633253,0,
2021-03-06,3228,2402,1517,21,692,4,168,900862,635655,0,
2021-03-07,2824,2117,1308,5,634,13,157,903686,637772,0,
2021-03-08,2713,2022,1210,13,660,9,130,906399,639794,0,
2021-03-09,3564,2672,1635,13,798,20,206,909963,642466,0,
2021-03-10,3377,2576,1588,24,749,11,204,913340,645042,0,
2021-03-11,3690,2804,1733,22,801,18,230,917030,647846,0,
2021-03-12,3305,2480,1525,14,720,19,202,920335,650326,0,
2021-03-13,3415,2623,1585,10,781,16,231,923750,652949,0,
2021-03-14,3175,2437,1539,10,719,10,159,926925,655386,0,
2021-03-15,3075,2288,1388,11,710,26,153,930000,657674,0,
2021-03-16,4171,3317,2014,12,1044,18,229,934171,660991,0,
2021-03-17,4028,3127,1945,11,933,13,225,938199,664118,0,
2021-03-18,4424,3533,2254,8,1033,21,217,942623,667651,0,
2021-03-19,4017,3182,2048,11,906,17,200,946640,670833,0,
2021-03-20,4376,3434,2093,12,1073,20,236,951016,674267,0,
2021-03-21,4194,3312,2014,11,1077,8,202,955210,677579,0,
2021-03-22,4214,3332,1981,16,1083,31,221,959424,680911,0,
2021-03-23,5353,4148,2468,19,1362,13,286,964777,685059,0,
2021-03-24,5592,4333,2508,24,1465,24,312,970369,689392,0,
2021-03-25,5640,4482,2711,21,1406,30,314,976009,693874,0,
2021-03-26,5246,4085,2416,17,1329,19,304,981255,697959,0,
2021-03-27,5690,4497,2656,22,1436,25,358,986945,702456,0,
2021-03-28,5393,4233,2502,22,1426,13,270,992338,706689,0,
2021-03-29,5450,4248,2508,17,1413,30,280,997788,710937,0,
2021-03-30,6703,5301,3111,14,1790,23,363,1004491,716238,0,
2021-03-31,6749,5273,3122,21,1748,31,351,1011240,721511,0,
2021-04-01,6827,5417,3193,30,1821,19,354,1018067,726928,0,
2021-04-02,7884,6356,3569,36,2168,18,565,1025951,733284,0,
2021-04-03,7175,5699,3358,33,1844,17,447,1033126,738983,0,
2021-04-04,7175,5659,3343,32,1748,16,520,1040301,744642,0,
2021-04-05,7414,5882,3423,29,1936,22,472,1047715,750524,0,
2021-04-06,9607,7702,4385,39,2580,35,663,1057322,758226,0,
2021-04-07,9624,7734,4458,49,2494,25,708,1066946,765960,0,
2021-04-08,9656,7773,4477,42,2512,27,715,1076602,773733,0,
2021-04-09,9018,7258,4113,38,2335,22,750,1085620,780991,0,
2021-04-10,9026,7255,3992,39,2427,42,755,1094646,788246,0,
2021-04-11,8579,7013,3885,41,2342,32,713,1103225,795259,0,
2021-04-12,7835,6343,3504,32,2155,28,624,1111060,801602,0,
2021-04-13,9306,7498,4288,40,2341,38,791,1120366,809100,0,
2021-04-14,8688,7073,4004,30,2266,29,744,1129054,816173,0,
2021-04-15,8823,7212,4058,38,2234,34,848,1137877,823385,0,
2021-04-16,8093,6689,3807,29,2051,20,782,1145970,830074,0,
2021-04-17,8322,6918,3891,23,2286,28,690,1154292,836992,0,
2021-04-18,7907,6595,3757,35,2073,26,704,1162199,843587,0,
2021-04-19,7218,6057,3399,26,1969,33,630,1169417,849644,0,
2021-04-20,8780,7348,4150,34,2336,44,784,1178197,856992,0,
2021-04-21,8298,6975,4085,27,2163,32,668,1186495,863967,0,
2021-04-22,8219,6991,4058,28,2201,56,648,1194714,870958,0,
2021-04-23,7651,6481,3752,18,2065,58,588,1202365,877439,0,
2021-04-24,8086,6920,3985,33,2147,51,704,1210451,884359,0,
2021-04-25,7294,6138,3598,21,1933,23,563,1217745,890497,0,
2021-04-26,6779,5689,3365,21,1801,34,468,1224524,896186,0,
2021-04-27,8218,6938,4048,27,2164,47,652,1232742,903124,0,
2021-04-28,7676,6480,3874,20,1939,20,627,1240418,909604,0,
2021-04-29,8155,6890,4028,27,2114,24,697,1248573,916494,0,
2021-04-30,7151,6018,3587,21,1774,12,624,1255724,922512,0,
2021-05-01,7407,6289,3673,24,1878,40,674,1263131,928801,0,
2021-05-02,7054,6063,3570,18,1949,18,508,1270185,934864,0,
2021-05-03,6152,5255,3214,27,1566,12,436,1276337,940119,0,
2021-05-04,7556,6379,3852,26,1999,20,482,1283893,946498,0,
2021-05-05,6904,5800,3615,22,1747,25,391,1290797,952298,0,
2021-05-06,6776,5760,3540,27,1782,22,389,1297573,958058,0,
2021-05-07,6192,5173,3201,11,1569,14,378,1303765,963231,0,
2021-05-08,6308,5272,3261,19,1631,22,339,1310073,968503,0,
2021-05-09,5640,4751,2940,25,1490,10,286,1315713,973254,0,
2021-05-10,5032,4242,2691,20,1312,6,213,1320745,977496,0,
2021-05-11,6344,5245,3190,26,1650,19,360,1327089,982741,0,
2021-05-12,5514,4569,2805,26,1408,7,323,1332603,987310,0,
2021-05-13,5466,4543,2818,19,1438,7,261,1338069,991853,0,
2021-05-14,4972,4111,2595,18,1250,12,236,1343041,995964,0,
2021-05-15,4914,4062,2467,11,1297,10,277,1347955,1000026,0,
2021-05-16,4321,3551,2171,9,1135,9,227,1352276,1003577,0,
2021-05-17,3828,3140,1893,6,1059,11,171,1356104,1006717,0,
2021-05-18,4557,3719,2244,9,1148,13,305,1360661,1010436,0,
2021-05-19,4101,3299,1977,11,1039,7,265,1364762,1013735,0,
2021-05-20,3717,3003,1849,14,944,4,192,1368479,1016738,0,
2021-05-21,3494,2831,1708,8,868,7,240,1371973,1019569,0,
2021-05-22,3278,2652,1614,7,807,8,216,1375251,1022221,0,
2021-05-23,2663,2184,1336,8,702,4,134,1377914,1024405,0,
2021-05-24,2329,1864,1127,1,619,3,114,1380243,1026269,0,
2021-05-25,2435,1954,1187,6,642,2,117,1382678,1028223,0,
2021-05-26,2704,2165,1371,1,649,7,137,1385382,1030388,0,
2021-05-27,2430,1939,1236,7,588,4,104,1387812,1032327,0,
2021-05-28,2248,1807,1175,6,529,5,92,1390060,1034134,0,
2021-05-29,2112,1701,1104,8,496,6,87,1392172,1035835,0,
2021-05-30,1694,1348,843,1,425,6,73,1393866,1037183,0,
2021-05-31,1552,1250,815,6,372,7,50,1395418,1038433,0,
2021-06-01,1983,1591,1060,1,452,6,72,1397401,1040024,0,
2021-06-02,1855,1519,943,8,473,9,86,1399256,1041543,0,
2021-06-03,1748,1401,923,3,416,2,57,1401004,1042944,0,
2021-06-04,1515,1217,801,5,344,4,63,1402519,1044161,0,
2021-06-05,1499,1175,758,3,343,5,66,1404018,1045336,0,
2021-06-06,1236,998,650,3,296,6,43,1405254,1046334,0,
2021-06-07,1103,872,579,0,255,3,35,1406357,1047206,0,
2021-06-08,1468,1152,775,3,318,5,51,1407825,1048358,0,
2021-06-09,1224,957,600,2,292,8,55,1409049,1049315,0,
2021-06-10,1208,956,647,6,230,6,67,1410257,1050271,0,
2021-06-11,1198,928,645,6,215,9,53,1411455,1051199,0,
2021-06-12,1064,819,530,1,226,9,53,1412519,1052018,0,
2021-06-13,918,717,462,4,185,9,57,1413437,1052735,0,
2021-06-14,770,608,377,2,182,3,44,1414207,1053343,0,
2021-06-15,1059,793,520,3,220,12,38,1415266,1054136,0,
2021-06-16,926,696,477,0,186,6,27,1416192,1054832,0,
2021-06-17,868,649,435,1,161,11,41,1417060,1055481,0,
2021-06-18,733,546,369,2,144,6,25,1417793,1056027,0,
2021-06-19,741,569,373,3,146,16,31,1418534,1056596,0,
2021-06-20,581,452,266,0,142,6,38,1419115,1057048,0,
2021-06-21,577,425,255,3,134,5,28,1419692,1057473,0,
2021-06-22,715,553,334,1,164,9,45,1420407,1058026,0,
2021-06-23,681,504,308,2,146,6,42,1421088,1058530,0,
2021-06-24,680,495,316,1,143,4,31,1421768,1059025,0,
2021-06-25,599,456,275,4,132,11,34,1422367,1059481,0,
2021-06-26,556,418,262,3,113,6,34,1422923,1059899,0,
2021-06-27,482,357,212,3,112,8,22,1423405,1060256,0,
2021-06-28,450,320,185,1,99,4,31,1423855,1060576,0,
2021-06-29,571,415,243,1,122,9,40,1424426,1060991,0,
2021-06-30,504,351,174,2,117,12,46,1424930,1061342,0,
2021-07-01,495,387,216,4,110,12,45,1425425,1061729,0,
2021-07-02,427,292,167,2,92,11,20,1425852,1062021,0,
2021-07-03,446,324,173,0,103,8,40,1426298,1062345,0,
2021-07-04,442,338,182,2,116,18,20,1426740,1062683,0,
2021-07-05,419,302,160,2,114,4,22,1427159,1062985,0,
2021-07-06,533,367,214,3,118,7,25,1427692,1063352,0,
2021-07-07,511,361,212,4,117,10,18,1428203,1063713,0,
2021-07-08,447,314,173,4,109,12,16,1428650,1064027,0,
2021-07-09,374,256,140,3,87,12,14,1429024,1064283,,
2021-07-10,392,274,135,2,99,14,24,1429416,1064557,,
2021-07-11,360,267,141,2,100,15,9,1429776,1064824,,
2021-07-12,361,250,126,0,91,18,15,1430137,1065074,,
2021-07-13,492,365,192,1,140,12,20,1430629,1065439,,
2021-07-14,448,313,159,0,119,10,25,1431077,1065752,,
2021-07-15,507,353,177,0,122,33,21,1431584,1066105,,
2021-07-16,445,306,156,1,116,16,17,1432029,1066411,,
2021-07-17,488,351,184,6,125,16,20,1432517,1066762,,
2021-07-18,427,301,155,7,116,14,9,1432944,1067063,,
2021-07-19,503,355,172,7,144,16,16,1433447,1067418,,
2021-07-20,635,465,225,4,206,16,14,1434082,1067883,,
2021-07-21,713,522,259,10,228,12,13,1434795,1068405,,
2021-07-22,693,508,240,5,234,18,11,1435488,1068913,,
2021-07-23,633,451,230,9,185,14,13,1436121,1069364,,
2021-07-24,701,525,272,4,199,16,34,1436822,1069889,,
2021-07-25,654,497,290,4,177,15,11,1437476,1070386,,
2021-07-26,767,573,296,11,234,18,14,1438243,1070959,,
2021-07-27,1039,792,406,6,332,24,24,1439282,1071751,,
2021-07-28,982,738,402,10,291,12,23,1440264,1072489,,
2021-07-29,979,722,381,10,283,24,24,1441243,1073211,,
2021-07-30,968,700,365,11,286,20,18,1442211,1073911,,
2021-07-31,969,691,370,11,264,17,29,1443180,1074602,,
2021-08-01,1002,757,373,9,326,24,25,1444182,1075359,,
2021-08-02,1205,898,478,18,352,25,25,1445387,1076257,,
2021-08-03,1546,1074,488,19,505,28,34,1446933,1077331,,
2021-08-04,1782,1281,627,17,550,27,60,1448715,1078612,,
2021-08-05,1745,1244,603,21,551,19,50,1450460,1079856,,
2021-08-06,1711,1175,610,15,494,23,33,1452171,1081031,,
2021-08-07,1671,1105,535,13,485,21,51,1453842,1082136,,
2021-08-08,1716,1247,631,11,535,25,45,1455558,1083383,,
2021-08-09,1796,1292,666,23,540,20,43,1457354,1084675,,
2021-08-10,2239,1623,817,23,700,22,61,1459593,1086298,,
2021-08-11,2433,1784,854,27,788,41,74,1462026,1088082,,
2021-08-12,2351,1714,833,28,765,24,64,1464377,1089796,,
2021-08-13,2122,1538,762,26,665,34,51,1466499,1091334,,
2021-08-14,2138,1546,786,15,645,38,62,1468637,1092880,,
2021-08-15,2186,1636,839,25,686,28,58,1470823,1094516,,
2021-08-16,2265,1656,850,23,717,16,50,1473088,1096172,,
2021-08-17,3047,2247,1063,31,1045,32,76,1476135,1098419,,
2021-08-18,3013,2189,1072,31,980,29,77,1479148,1100608,,
2021-08-19,3001,2188,1045,35,1003,22,83,1482149,1102796,,
2021-08-20,2760,1985,967,18,902,27,71,1484909,1104781,,
2021-08-21,2866,2148,1014,22,1013,19,80,1487775,1106929,,
2021-08-22,2743,2097,948,15,1030,24,80,1490518,1109026,,
2021-08-23,2932,2215,938,21,1168,24,64,1493450,1111241,,
2021-08-24,3750,2759,1063,13,1555,32,96,1497200,1114000,,
2021-08-25,3773,2769,1034,8,1607,29,91,1500973,1116769,,
2021-08-26,3743,2715,977,6,1629,18,85,1504716,1119484,,
2021-08-27,3390,2478,950,5,1423,20,80,1508106,1121962,,
2021-08-28,3653,2620,915,6,1569,19,111,1511759,1124582,,
2021-08-29,3300,2455,913,8,1436,26,72,1515059,1127037,,
2021-08-30,3271,2416,840,6,1473,21,76,1518330,1129453,,
2021-08-31,4100,2917,1028,11,1770,23,85,1522430,1132370,,
2021-09-01,4067,2877,937,10,1827,17,86,1526497,1135247,,
2021-09-02,4463,3199,1090,6,1988,20,95,1530960,1138446,,
2021-09-03,3910,2809,998,4,1716,14,77,1534870,1141255,,
2021-09-04,4193,3030,1059,7,1845,25,94,1539063,1144285,,
2021-09-05,3654,2722,934,6,1716,17,49,1542717,1147007,,
2021-09-06,3591,2615,862,4,1684,10,55,1546308,1149622,,
2021-09-07,4038,2952,980,8,1873,10,81,1550346,1152574,,
2021-09-08,4879,3429,1181,4,2123,11,110,1555225,1156003,,
2021-09-09,4834,3368,1153,6,2109,16,84,1560059,1159371,,
2021-09-10,4456,3076,1052,6,1913,23,82,1564515,1162447,,
2021-09-11,4521,3180,1083,10,2013,11,63,1569036,1165627,,
2021-09-12,3806,2745,935,5,1721,10,74,1572842,1168372,,
2021-09-13,3768,2707,956,4,1663,11,73,1576610,1171079,,
2021-09-14,5004,3425,1182,6,2139,14,84,1581614,1174504,,
2021-09-15,4607,3222,1116,8,1966,24,108,1586221,1177726,,
2021-09-16,4590,3240,1168,7,1950,14,101,1590811,1180966,,
2021-09-17,4283,3078,1138,1,1842,8,89,1595094,1184044,,
2021-09-18,4456,3133,1153,3,1862,7,108,1599550,1187177,,
2021-09-19,3810,2804,1052,3,1656,15,78,1603360,1189981,,
2021-09-20,3660,2746,956,12,1696,8,74,1607020,1192727,,
2021-09-21,4926,3594,1327,4,2142,14,107,1611946,1196321,,
2021-09-22,4579,3302,1207,5,1988,11,91,1616525,1199623,,
2021-09-23,4341,3234,1253,7,1881,10,83,1620866,1202857,,
2021-09-24,4152,3014,1204,4,1719,18,69,1625018,1205871,,
2021-09-25,4231,3162,1189,8,1846,8,111,1629249,1209033,,
2021-09-26,3487,2673,1017,3,1582,6,65,1632736,1211706,,
2021-09-27,3587,2747,1054,6,1611,12,64,1636323,1214453,,
2021-09-28,4436,3198,1237,6,1854,14,87,1640759,1217651,,
2021-09-29,3807,2736,1087,7,1553,15,74,1644566,1220387,,
2021-09-30,3923,2849,1159,3,1599,18,70,1648489,1223236,,
2021-10-01,3295,2473,957,3,1447,10,56,1651784,1225709,,
2021-10-02,3683,2614,1038,0,1491,13,72,1655467,1228323,,
2021-10-03,2949,2174,904,2,1204,10,54,1658416,1230497,,
2021-10-04,2852,2042,872,4,1097,15,54,1661268,1232539,,
2021-10-05,3752,2589,1048,6,1451,15,69,1665020,1235128,,
2021-10-06,3455,2346,996,4,1263,10,73,1668475,1237474,,
2021-10-07,3271,2250,990,4,1193,5,58,1671746,1239724,,
2021-10-08,2953,1994,867,3,1039,9,76,1674699,1241718,,
2021-10-09,3108,2098,851,5,1165,11,66,1677807,1243816,,
2021-10-10,2653,1849,795,2,989,10,53,1680460,1245665,,
2021-10-11,2388,1715,747,2,907,10,49,1682848,1247380,,
2021-10-12,2612,1791,758,2,965,15,51,1685460,1249171,,
2021-10-13,3085,2067,870,2,1110,14,71,1688545,1251238,,
2021-10-14,2972,1970,899,0,1011,12,48,1691517,1253208,,
2021-10-15,2704,1843,786,4,992,11,50,1694221,1255051,,
2021-10-16,2617,1804,771,2,962,10,59,1696838,1256855,,
2021-10-17,2217,1605,700,0,856,10,39,1699055,1258460,,
2021-10-18,2128,1532,670,2,803,10,47,1701183,1259992,,
2021-10-19,2658,1841,827,1,941,14,58,1703841,1261833,,
2021-10-20,2339,1581,696,2,818,13,52,1706180,1263414,,
2021-10-21,2430,1681,756,4,856,8,57,1708610,1265095,,
2021-10-22,2251,1538,735,0,734,10,59,1710861,1266633,,
2021-10-23,2262,1597,712,4,819,4,58,1713123,1268230,,
2021-10-24,1874,1313,583,2,669,5,54,1714997,1269543,,
2021-10-25,1988,1415,618,2,739,9,47,1716985,1270958,,
2021-10-26,2488,1703,782,2,851,21,47,1719473,1272661,,
2021-10-27,2309,1576,727,1,765,17,66,1721782,1274237,,
2021-10-28,2299,1553,717,3,770,12,51,1724081,1275790,,
2021-10-29,2240,1487,703,1,709,9,65,1726321,1277277,,
2021-10-30,2234,1395,633,5,682,7,68,1728555,1278672,,
2021-10-31,2002,1332,629,1,635,16,51,1730557,1280004,,
2021-11-01,2052,1397,686,0,628,13,70,1732609,1281401,,
2021-11-02,2851,1954,882,4,954,11,103,1735460,1283355,,
2021-11-03,2701,1860,901,2,864,16,77,1738161,1285215,,
2021-11-04,2640,1890,880,1,879,22,108,1740801,1287105,,
2021-11-05,2547,1759,875,5,774,13,92,1743348,1288864,,
2021-11-06,2585,1760,869,3,777,15,96,1745933,1290624,,
2021-11-07,2357,1664,841,3,715,22,83,1748290,1292288,,
2021-11-08,2156,1441,711,2,629,14,85,1750446,1293729,,
2021-11-09,2782,1786,898,13,765,23,87,1753228,1295515,,
2021-11-10,2545,1627,876,7,639,21,84,1755773,1297142,,
2021-11-11,2635,1758,909,6,712,13,118,1758408,1298900,,
2021-11-12,2241,1475,744,2,631,20,78,1760649,1300375,,
2021-11-13,2452,1583,843,8,616,15,101,1763101,1301958,,
2021-11-14,2140,1460,795,4,576,12,73,1765241,1303418,,
2021-11-15,2187,1426,712,3,629,24,58,1767428,1304844,,
2021-11-16,2693,1739,957,4,680,15,83,1770121,1306583,,
2021-11-17,2552,1643,851,5,631,31,125,1772673,1308226,,
2021-11-18,2713,1748,881,1,719,33,114,1775386,1309974,,
2021-11-19,2402,1498,817,3,556,22,100,1777788,1311472,,
2021-11-20,2587,1622,827,3,646,25,121,1780375,1313094,,
2021-11-21,2273,1358,718,5,509,30,96,1782648,1314452,,
2021-11-22,2398,1471,786,5,576,19,85,1785046,1315923,,
2021-11-23,3139,1886,1015,2,700,29,140,1788185,1317809,,
2021-11-24,2912,1778,983,2,637,33,123,1791097,1319587,,
2021-11-25,2939,1767,953,6,648,25,135,1794036,1321354,,
2021-11-26,2667,1589,871,0,587,30,101,1796703,1322943,,
2021-11-27,2886,1691,874,5,618,22,172,1799589,1324634,,
2021-11-28,2545,1572,852,1,553,35,131,1802134,1326206,,
2021-11-29,2801,1624,857,1,567,45,154,1804935,1327830,,
2021-11-30,3511,1992,1025,2,729,63,173,1808446,1329822,,
2021-12-01,3349,1886,956,3,702,34,191,1811795,1331708,,
2021-12-02,3677,2044,1105,4,698,35,202,1815472,1333752,,
2021-12-03,3377,1904,954,4,668,40,238,1818849,1335656,,
2021-12-04,3732,2142,1102,5,732,37,266,1822581,1337798,,
2021-12-05,3160,1732,896,5,612,41,178,1825741,1339530,,
2021-12-06,3418,1941,1024,6,660,43,208,1829159,1341471,,
2021-12-07,4663,2633,1395,7,847,45,339,1833822,1344104,,
2021-12-08,4779,2681,1451,5,786,53,386,1838601,1346785,,
2021-12-09,4866,2816,1459,6,849,43,459,1843467,1349601,,
2021-12-10,4729,2611,1271,10,751,53,526,1848196,1352212,,
2021-12-11,5145,2957,1404,6,786,66,695,1853341,1355169,,
2021-12-12,5059,2990,1240,12,873,70,795,1858400,1358159,,
2021-12-13,6247,3735,1358,11,1064,81,1221,1864647,1361894,,
2021-12-14,9604,5662,1831,10,1495,123,2203,1874251,1367556,,
2021-12-15,10073,5807,1807,19,1478,104,2399,1884324,1373363,,
2021-12-16,10786,6044,1695,26,1341,91,2891,1895110,1379407,,
2021-12-17,11373,6212,1595,17,1253,102,3245,1906483,1385619,,
2021-12-18,14258,7881,1795,12,1677,120,4277,1920741,1393500,,
2021-12-19,14890,8472,1782,13,1814,104,4759,1935631,1401972,,
2021-12-20,18415,10326,1838,18,2522,113,5835,1954046,1412298,,
2021-12-21,29039,15917,2366,19,3666,137,9729,1983085,1428215,,
2021-12-22,30970,16000,2300,12,3490,107,10091,2014055,1444215,,
2021-12-23,30990,15072,1971,14,2898,102,10087,2045045,1459287,,
2021-12-24,30877,15558,1813,11,2799,70,10865,2075922,1474845,,
2021-12-25,27606,14450,1737,10,2683,76,9944,2103528,1489295,,
2021-12-26,22708,10671,1835,10,2589,71,6166,2126236,1499966,,
2021-12-27,31192,15273,2481,13,3488,65,9226,2157428,1515239,,
2021-12-28,43674,22394,2850,20,3895,80,15549,2201102,1537633,,
2021-12-29,51433,27058,2622,12,4693,69,19662,2252535,1564691,,
2021-12-30,54648,29751,2197,6,4713,57,22778,2307183,1594442,,
2021-12-31,51461,29048,1821,16,4264,63,22884,2358644,1623490,,
2022-01-01,37903,19113,1545,9,3840,58,13661,2396547,1642603,,
2022-01-02,25773,10674,1606,10,2474,66,6518,2422320,1653277,,
2022-01-03,31760,14926,1769,11,4321,72,8753,2454080,1668203,,
2022-01-04,43546,20174,2133,16,6520,85,11420,2497626,1688377,,
2022-01-05,42491,19370,1869,6,5877,83,11535,2540117,1707747,,
2022-01-06,37580,17331,1684,8,5043,77,10519,2577697,1725078,,
2022-01-07,30864,15391,1649,5,4659,68,9010,2608561,1740469,,
2022-01-08,28351,15468,1643,11,5069,57,8688,2636912,1755937,,
2022-01-09,20794,11607,1412,7,3561,57,6570,2657706,1767544,,
2022-01-10,20114,11397,1541,6,3481,71,6298,2677820,1778941,,
2022-01-11,28689,15186,1871,13,4376,63,8863,2706509,1794127,,
2022-01-12,26249,13723,1837,11,4276,54,7545,2732758,1807850,,
2022-01-13,24060,12171,1731,3,3868,49,6520,2756818,1820021,,
2022-01-14,21670,11465,1675,3,3943,51,5793,2778488,1831486,,
2022-01-15,20650,11363,1673,6,4158,40,5486,2799138,1842849,,
2022-01-16,15228,8484,1408,2,2898,51,4125,2814366,1851333,,
2022-01-17,14443,8336,1465,2,3182,58,3629,2828809,1859669,,
2022-01-18,18218,9478,1732,4,3995,47,3700,2847027,1869147,,
2022-01-19,18263,9937,1641,10,3382,43,4861,2865290,1879084,,
2022-01-20,17321,8983,1436,4,3020,43,4480,2882611,1888067,,
2022-01-21,15525,8067,1226,4,3015,28,3794,2898136,1896134,,
2022-01-22,14528,6965,1132,2,2098,38,3695,2912664,1903099,,
2022-01-23,11372,5648,1038,2,1755,32,2821,2924036,1908747,,
2022-01-24,10593,5046,904,4,1602,28,2508,2934629,1913793,,
2022-01-25,14892,6641,1085,4,1837,28,3687,2949521,1920434,,
2022-01-26,13084,5611,934,2,1631,27,3017,2962605,1926045,,
2022-01-27,12451,4934,919,1,1332,24,2658,2975056,1930979,,
2022-01-28,10952,3981,662,1,1074,21,2223,2986008,1934960,,
2022-01-29,9518,3413,539,1,821,15,2037,2995526,1938373,,
2022-01-30,6109,2321,365,1,500,14,1441,3001635,1940694,,
2022-01-31,3914,1832,267,0,307,5,1253,3005549,1942526,,
2022-02-01,4135,2179,174,0,145,1,1859,3009684,1944705,,
2022-02-02,2051,1339,43,0,31,0,1265,3011735,1946044,,