date,new,NTotal_ExposureOnly,domestic-contactWithCase,domestic-contactWithTraveller,domestic-unknown,internationalTravel,infopending,cumulative,cumulativeNTotal_ExposureOnly,doubleFlagTest,shaded
2020-01-15,2,1,0,0,0,1,0,2,1,1,14
2020-01-16,5,3,1,0,2,0,0,7,4,1,
2020-01-17,3,1,0,0,0,1,0,10,5,0,
2020-01-18,1,0,0,0,0,0,0,11,5,0,
2020-01-19,0,0,0,0,0,0,0,11,5,0,
2020-01-20,1,0,0,0,0,0,0,12,5,0,
2020-01-21,4,0,0,0,0,0,0,16,5,1,
2020-01-22,6,4,1,0,1,2,0,22,9,0,
2020-01-23,0,0,0,0,0,0,0,22,9,0,
2020-01-24,3,2,0,0,0,2,0,25,11,0,
2020-01-25,4,2,1,0,1,0,0,29,13,0,
2020-01-26,2,1,1,0,0,0,0,31,14,0,
2020-01-27,8,3,2,0,1,0,0,39,17,1,
2020-01-28,7,2,1,0,0,1,0,46,19,0,
2020-01-29,3,1,0,0,0,0,1,49,20,0,
2020-01-30,4,1,1,0,0,0,0,53,21,0,
2020-01-31,2,1,0,0,1,0,0,55,22,0,
2020-02-01,7,5,3,0,1,1,0,62,27,0,
2020-02-02,3,2,0,0,1,1,0,65,29,0,
2020-02-03,2,1,0,0,1,0,0,67,30,0,
2020-02-04,2,2,0,0,2,0,0,69,32,0,
2020-02-05,3,3,1,0,1,1,0,72,35,0,
2020-02-06,0,0,0,0,0,0,0,72,35,0,
2020-02-07,0,0,0,0,0,0,0,72,35,0,
2020-02-08,2,0,0,0,0,0,0,74,35,0,
2020-02-09,2,2,1,0,0,1,0,76,37,0,
2020-02-10,2,2,0,0,1,1,0,78,39,1,
2020-02-11,3,2,1,0,1,0,0,81,41,0,
2020-02-12,4,3,2,0,1,0,0,85,44,0,
2020-02-13,1,1,0,0,0,1,0,86,45,0,
2020-02-14,6,5,0,0,3,2,0,92,50,0,
2020-02-15,3,2,1,0,0,1,0,95,52,0,
2020-02-16,1,1,0,0,0,1,0,96,53,0,
2020-02-17,2,2,1,0,0,1,0,98,55,0,
2020-02-18,2,2,2,0,0,0,0,100,57,0,
2020-02-19,4,4,2,0,1,1,0,104,61,0,
2020-02-20,11,10,4,1,3,2,0,115,71,0,
2020-02-21,3,3,0,0,1,2,0,118,74,0,
2020-02-22,8,8,2,0,3,3,0,126,82,0,
2020-02-23,22,22,11,0,3,7,1,148,104,0,
2020-02-24,15,14,3,0,2,9,0,163,118,1,
2020-02-25,16,16,4,0,2,10,0,179,134,0,
2020-02-26,14,13,6,1,4,2,0,193,147,0,
2020-02-27,27,26,12,0,7,7,0,220,173,0,
2020-02-28,39,37,17,0,6,14,0,259,210,0,
2020-02-29,27,27,8,0,7,12,0,286,237,0,
2020-03-01,60,59,12,0,25,21,1,346,296,1,
2020-03-02,56,56,8,0,18,30,0,402,352,0,
2020-03-03,55,55,15,0,12,28,0,457,407,0,
2020-03-04,62,58,13,1,14,30,0,519,465,0,
2020-03-05,67,67,12,1,23,31,0,586,532,0,
2020-03-06,86,85,17,2,26,40,0,672,617,0,
2020-03-07,91,91,14,3,29,45,0,763,708,1,
2020-03-08,135,134,27,2,44,61,0,898,842,0,
2020-03-09,224,223,44,10,79,90,0,1122,1065,0,
2020-03-10,258,255,56,9,72,118,0,1380,1320,0,
2020-03-11,296,296,74,11,84,126,1,1676,1616,1,
2020-03-12,391,389,92,9,128,159,1,2067,2005,0,
2020-03-13,466,459,124,8,150,175,2,2533,2464,0,
2020-03-14,468,466,98,15,168,183,2,3001,2930,0,
2020-03-15,608,601,152,10,212,225,2,3609,3531,1,
2020-03-16,849,839,254,11,308,265,1,4458,4370,0,
2020-03-17,876,865,260,16,320,264,5,5334,5235,0,
2020-03-18,977,965,283,19,356,303,4,6311,6200,0,
2020-03-19,813,802,253,13,298,235,3,7124,7002,0,
2020-03-20,1067,1055,362,21,424,239,9,8191,8057,1,
2020-03-21,915,895,320,8,325,238,4,9106,8952,0,
2020-03-22,877,860,320,13,339,186,2,9983,9812,0,
2020-03-23,1104,1080,464,16,417,174,9,11087,10892,0,
2020-03-24,1000,986,397,21,391,173,4,12087,11878,0,
2020-03-25,1017,993,450,13,414,108,8,13104,12871,0,
2020-03-26,947,929,449,12,341,118,9,14051,13800,0,
2020-03-27,973,959,483,8,372,84,12,15024,14759,0,
2020-03-28,978,966,472,9,390,84,11,16002,15725,0,
2020-03-29,892,880,462,7,352,53,6,16894,16605,1,
2020-03-30,1190,1174,584,10,488,79,13,18084,17779,0,
2020-03-31,1013,1001,560,3,357,68,13,19097,18780,0,
2020-04-01,1329,1315,756,12,454,84,9,20426,20095,0,
2020-04-02,1198,1188,749,11,374,46,8,21624,21283,0,
2020-04-03,1339,1328,887,6,373,54,8,22963,22611,0,
2020-04-04,1175,1170,745,9,369,30,17,24138,23781,0,
2020-04-05,1080,1074,680,5,368,13,8,25218,24855,0,
2020-04-06,1446,1438,884,11,515,14,14,26664,26293,0,
2020-04-07,1313,1304,793,13,469,16,13,27977,27597,0,
2020-04-08,1411,1403,884,10,488,7,14,29388,29000,0,
2020-04-09,1511,1505,968,14,495,4,24,30899,30505,0,
2020-04-10,1814,1806,1136,19,619,8,24,32713,32311,0,
2020-04-11,1715,1710,971,11,684,5,39,34428,34021,1,
2020-04-12,1448,1445,886,16,509,7,27,35876,35466,0,
2020-04-13,2132,2128,1168,33,889,6,32,38008,37594,0,
2020-04-14,1826,1819,1094,21,668,3,33,39834,39413,0,
2020-04-15,1961,1954,1231,22,672,4,25,41795,41367,0,
2020-04-16,1968,1959,1104,19,780,1,55,43763,43326,0,
2020-04-17,1864,1858,1104,17,699,3,35,45627,45184,0,
2020-04-18,1622,1616,1041,20,524,3,28,47249,46800,0,
2020-04-19,1234,1227,743,15,454,4,11,48483,48027,0,
2020-04-20,1847,1842,1082,10,713,2,35,50330,49869,0,
2020-04-21,1415,1411,841,13,522,6,29,51745,51280,0,
2020-04-22,1577,1567,911,13,611,2,30,53322,52847,0,
2020-04-23,1587,1573,917,18,602,5,31,54909,54420,0,
2020-04-24,1542,1534,931,11,547,2,43,56451,55954,0,
2020-04-25,1406,1398,823,14,474,5,82,57857,57352,0,
2020-04-26,1319,1313,789,13,464,4,43,59176,58665,0,
2020-04-27,1660,1645,951,12,637,5,40,60836,60310,0,
2020-04-28,1539,1525,925,18,553,7,22,62375,61835,0,
2020-04-29,1480,1473,806,4,647,2,14,63855,63308,0,
2020-04-30,1475,1465,829,4,612,3,17,65330,64773,0,
2020-05-01,1598,1582,895,8,656,4,19,66928,66355,0,
2020-05-02,1075,1068,657,8,385,0,18,68003,67423,0,
2020-05-03,1026,1022,621,6,380,5,10,69029,68445,1,
2020-05-04,1367,1357,775,6,553,2,21,70396,69802,0,
2020-05-05,1303,1295,728,6,534,1,26,71699,71097,0,
2020-05-06,1128,1124,661,8,435,2,18,72827,72221,0,
2020-05-07,1181,1173,712,4,432,6,19,74008,73394,0,
2020-05-08,1185,1178,701,7,454,1,15,75193,74572,0,
2020-05-09,1026,1018,634,8,354,4,18,76219,75590,0,
2020-05-10,922,917,543,7,351,5,11,77141,76507,0,
2020-05-11,1229,1224,729,8,450,7,30,78370,77731,0,
2020-05-12,1168,1156,718,2,410,6,20,79538,78887,0,
2020-05-13,1109,1098,650,3,426,3,16,80647,79985,0,
2020-05-14,1164,1160,686,3,452,5,14,81811,81145,0,
2020-05-15,1219,1213,711,0,477,11,14,83030,82358,0,
2020-05-16,996,993,601,2,375,2,13,84026,83351,0,
2020-05-17,912,900,537,2,342,8,11,84938,84251,0,
2020-05-18,1099,1082,618,2,450,5,7,86037,85333,0,
2020-05-19,968,959,582,3,362,4,8,87005,86292,0,
2020-05-20,1128,1113,654,2,445,1,11,88133,87405,0,
2020-05-21,884,871,547,2,305,6,11,89017,88276,0,
2020-05-22,849,832,513,0,312,5,2,89866,89108,0,
2020-05-23,706,688,443,1,234,4,6,90572,89796,0,
2020-05-24,653,644,401,0,228,4,11,91225,90440,0,
2020-05-25,862,844,508,3,312,4,17,92087,91284,0,
2020-05-26,748,729,459,1,256,7,6,92835,92013,0,
2020-05-27,719,701,423,2,264,2,10,93554,92714,0,
2020-05-28,598,581,362,2,204,2,11,94152,93295,0,
2020-05-29,737,728,444,0,276,3,5,94889,94023,0,
2020-05-30,562,554,397,2,152,1,2,95451,94577,0,
2020-05-31,408,397,258,0,130,3,6,95859,94974,0,
2020-06-01,690,679,395,6,249,6,23,96549,95653,0,
2020-06-02,501,485,320,1,155,5,4,97050,96138,0,
2020-06-03,495,487,322,4,149,4,8,97545,96625,0,
2020-06-04,467,452,265,1,169,11,6,98012,97077,0,
2020-06-05,452,437,312,0,119,3,3,98464,97514,0,
2020-06-06,374,366,234,1,124,4,3,98838,97880,0,
2020-06-07,312,303,213,1,83,1,5,99150,98183,0,
2020-06-08,439,423,288,6,114,10,5,99589,98606,0,
2020-06-09,374,366,244,3,110,4,5,99963,98972,0,
2020-06-10,443,435,259,5,152,10,9,100406,99407,0,
2020-06-11,376,360,242,3,107,5,3,100782,99767,0,
2020-06-12,377,370,224,5,132,6,3,101159,100137,0,
2020-06-13,277,271,181,1,83,5,1,101436,100408,0,
2020-06-14,301,293,186,0,95,9,3,101737,100701,0,
2020-06-15,401,392,243,4,134,7,4,102138,101093,0,
2020-06-16,376,357,234,2,106,10,5,102514,101450,0,
2020-06-17,366,356,229,0,117,6,4,102880,101806,0,
2020-06-18,329,316,198,1,109,4,4,103209,102122,0,
2020-06-19,337,334,231,0,88,11,4,103546,102456,0,
2020-06-20,287,279,186,0,84,8,1,103833,102735,0,
2020-06-21,272,268,176,0,85,4,3,104105,103003,0,
2020-06-22,326,317,211,2,96,4,4,104431,103320,0,
2020-06-23,331,325,219,2,91,6,7,104762,103645,0,
2020-06-24,289,285,183,2,87,9,4,105051,103930,0,
2020-06-25,474,461,326,2,122,5,6,105525,104391,0,
2020-06-26,283,270,170,0,83,11,6,105808,104661,0,
2020-06-27,254,247,165,1,71,7,3,106062,104908,0,
2020-06-28,240,234,135,1,88,9,1,106302,105142,0,
2020-06-29,336,327,198,2,107,10,10,106638,105469,0,
2020-06-30,315,299,197,4,93,2,3,106953,105768,0,
2020-07-01,286,274,177,8,83,5,1,107239,106042,0,
2020-07-02,269,258,161,1,83,6,7,107508,106300,0,
2020-07-03,312,294,185,2,91,13,3,107820,106594,0,
2020-07-04,299,281,173,3,94,10,1,108119,106875,0,
2020-07-05,274,268,177,3,81,6,1,108393,107143,0,
2020-07-06,516,491,268,2,176,17,28,108909,107634,0,
2020-07-07,528,506,263,6,208,19,10,109437,108140,0,
2020-07-08,449,419,279,4,121,10,5,109886,108559,0,
2020-07-09,458,431,268,3,139,12,9,110344,108990,0,
2020-07-10,416,389,258,5,107,14,5,110760,109379,0,
2020-07-11,387,373,228,3,128,12,2,111147,109752,0,
2020-07-12,400,381,236,3,134,6,2,111547,110133,0,
2020-07-13,608,570,358,12,185,12,3,112155,110703,0,
2020-07-14,552,504,299,4,181,13,7,112707,111207,0,
2020-07-15,577,519,311,3,174,16,15,113284,111726,0,
2020-07-16,470,419,259,4,136,17,3,113754,112145,0,
2020-07-17,515,463,272,6,167,7,11,114269,112608,0,
2020-07-18,414,381,228,2,137,7,7,114683,112989,0,
2020-07-19,399,357,202,4,138,11,2,115082,113346,0,
2020-07-20,536,473,264,6,184,14,5,115618,113819,0,
2020-07-21,531,469,267,10,181,6,5,116149,114288,0,
2020-07-22,455,381,181,6,180,10,4,116604,114669,0,
2020-07-23,458,355,175,3,164,7,6,117062,115024,0,
2020-07-24,464,376,180,7,177,5,7,117526,115400,0,
2020-07-25,314,231,107,4,111,6,3,117840,115631,0,
2020-07-26,343,220,102,6,100,10,2,118183,115851,0,
2020-07-27,489,329,176,3,131,14,5,118672,116180,0,
2020-07-28,425,285,155,1,109,16,4,119097,116465,0,
2020-07-29,412,246,138,2,98,4,4,119509,116711,0,
2020-07-30,347,213,109,1,87,6,10,119856,116924,0,
2020-07-31,348,220,120,0,84,11,5,120204,117144,0,
2020-08-01,344,208,113,8,62,17,8,120548,117352,0,
2020-08-02,339,197,124,6,59,6,2,120887,117549,0,
2020-08-03,450,273,162,2,98,10,1,121337,117822,0,
2020-08-04,455,313,186,0,100,20,7,121792,118135,0,
2020-08-05,386,277,171,9,87,8,2,122178,118412,0,
2020-08-06,353,249,160,4,72,7,6,122531,118661,0,
2020-08-07,392,301,189,2,92,6,12,122923,118962,0,
2020-08-08,336,237,151,4,76,2,4,123259,119199,0,
2020-08-09,325,254,149,7,87,8,3,123584,119453,0,
2020-08-10,481,365,215,8,123,13,6,124065,119818,0,
2020-08-11,481,359,220,5,119,14,1,124546,120177,0,
2020-08-12,412,322,211,11,84,13,3,124958,120499,0,
2020-08-13,429,350,223,8,107,10,2,125387,120849,0,
2020-08-14,383,304,176,7,109,9,3,125770,121153,0,
2020-08-15,370,302,171,7,110,8,6,126140,121455,0,
2020-08-16,382,290,166,14,103,4,3,126522,121745,0,
2020-08-17,554,415,264,11,125,8,7,127076,122160,0,
2020-08-18,434,348,205,4,123,4,12,127510,122508,0,
2020-08-19,460,352,208,9,120,5,10,127970,122860,0,
2020-08-20,453,353,223,5,107,5,13,128423,123213,0,
2020-08-21,430,334,207,9,103,6,9,128853,123547,0,
2020-08-22,398,333,225,7,93,5,3,129251,123880,0,
2020-08-23,409,316,203,3,102,7,1,129660,124196,0,
2020-08-24,587,433,265,15,137,7,9,130247,124629,0,
2020-08-25,621,451,291,12,137,10,1,130868,125080,0,
2020-08-26,624,454,287,13,143,6,5,131492,125534,0,
2020-08-27,497,364,231,11,109,3,10,131989,125898,0,
2020-08-28,564,414,262,11,125,7,9,132553,126312,0,
2020-08-29,457,327,207,10,87,5,18,133010,126639,0,
2020-08-30,559,397,242,4,127,7,17,133569,127036,0,
2020-08-31,654,430,260,11,134,9,16,134223,127466,0,
2020-09-01,756,513,301,18,162,7,25,134979,127979,0,
2020-09-02,791,530,333,12,153,8,24,135770,128509,0,
2020-09-03,671,455,267,5,164,4,15,136441,128964,0,
2020-09-04,725,479,287,9,158,10,15,137166,129443,0,
2020-09-05,675,414,254,9,125,9,17,137841,129857,0,
2020-09-06,693,421,270,4,134,8,5,138534,130278,1,
2020-09-07,803,487,298,8,159,9,13,139337,130765,0,
2020-09-08,976,609,351,14,218,10,16,140313,131374,0,
2020-09-09,1028,626,374,12,216,4,20,141341,132000,0,
2020-09-10,1024,650,378,6,226,9,31,142365,132650,0,
2020-09-11,981,639,358,10,247,9,15,143346,133289,0,
2020-09-12,987,652,389,8,234,3,18,144333,133941,0,
2020-09-13,978,611,344,8,241,6,12,145311,134552,0,
2020-09-14,1277,799,476,14,275,7,27,146588,135351,0,
2020-09-15,1330,796,445,10,303,3,35,147918,136147,0,
2020-09-16,1375,814,492,22,271,4,25,149293,136961,0,
2020-09-17,1345,770,478,21,237,7,27,150638,137731,0,
2020-09-18,1432,801,515,8,241,1,36,152070,138532,0,
2020-09-19,1247,700,389,18,269,6,18,153317,139232,0,
2020-09-20,1369,757,416,12,283,9,37,154686,139989,0,
2020-09-21,1843,1009,558,15,375,5,56,156529,140998,0,
2020-09-22,1886,960,522,13,366,8,51,158415,141958,0,
2020-09-23,1944,1002,555,12,343,2,90,160359,142960,0,
2020-09-24,1972,981,522,10,355,2,92,162331,143941,0,
2020-09-25,2071,1056,563,19,368,9,97,164402,144997,0,
2020-09-26,1894,946,501,7,337,4,97,166296,145943,0,
2020-09-27,1984,962,475,10,350,6,121,168280,146905,0,
2020-09-28,2501,1198,624,15,423,3,133,170781,148103,0,
2020-09-29,2285,1123,549,23,405,3,143,173066,149226,0,
2020-09-30,2273,1118,558,15,433,1,111,175339,150344,0,
2020-10-01,2181,1104,579,9,412,9,95,177520,151448,0,
2020-10-02,2150,1077,545,16,402,9,105,179670,152525,0,
2020-10-03,1843,939,473,18,350,10,88,181513,153464,0,
2020-10-04,1864,919,508,14,315,4,78,183377,154383,0,
2020-10-05,2483,1262,673,19,455,5,110,185860,155645,0,
2020-10-06,2339,1263,677,31,422,10,123,188199,156908,0,
2020-10-07,2300,1259,686,20,436,9,108,190499,158167,0,
2020-10-08,2263,1191,656,14,405,10,106,192762,159358,0,
2020-10-09,2313,1247,653,18,457,7,112,195075,160605,0,
2020-10-10,2179,1338,682,17,551,7,81,197254,161943,0,
2020-10-11,1927,1117,605,17,396,5,94,199181,163060,0,
2020-10-12,2343,1337,716,19,499,8,95,201524,164397,0,
2020-10-13,2588,1520,864,22,518,9,107,204112,165917,0,
2020-10-14,2527,1522,879,26,509,7,101,206639,167439,0,
2020-10-15,2587,1421,844,24,443,10,100,209226,168860,0,
2020-10-16,2664,1597,893,19,576,4,105,211890,170457,0,
2020-10-17,2314,1385,819,25,430,6,105,214204,171842,0,
2020-10-18,2240,1379,805,12,459,12,91,216444,173221,0,
2020-10-19,2983,1890,1125,22,613,7,123,219427,175111,0,
2020-10-20,2836,1854,1097,27,569,9,152,222263,176965,0,
2020-10-21,2801,1740,1007,32,542,9,150,225064,178705,0,
2020-10-22,2798,1797,1087,21,560,2,127,227862,180502,0,
2020-10-23,2823,1809,1040,30,598,7,134,230685,182311,0,
2020-10-24,2647,1757,1033,33,529,10,152,233332,184068,0,
2020-10-25,2647,1681,1022,31,506,7,115,235979,185749,0,
2020-10-26,3392,2168,1258,22,684,11,193,239371,187917,0,
2020-10-27,3362,2210,1340,35,663,9,163,242733,190127,0,
2020-10-28,3633,2420,1412,36,765,9,198,246366,192547,0,
2020-10-29,3112,1988,1240,32,587,7,122,249478,194535,0,
2020-10-30,3543,2352,1331,43,814,9,155,253021,196887,0,
2020-10-31,3170,2160,1355,31,628,8,138,256191,199047,0,
2020-11-01,3459,2305,1376,33,740,8,148,259650,201352,0,
2020-11-02,4571,3039,1836,43,957,7,196,264221,204391,0,
2020-11-03,4496,3042,1781,33,936,15,277,268717,207433,0,
2020-11-04,4633,3070,1904,47,909,8,202,273350,210503,0,
2020-11-05,4548,3031,1754,34,953,8,282,277898,213534,0,
2020-11-06,4643,3088,1809,22,999,11,247,282541,216622,0,
2020-11-07,4329,2864,1536,17,1091,9,211,286870,219486,0,
2020-11-08,4032,2664,1450,13,1018,8,175,290902,222150,0,
2020-11-09,5304,3547,1826,24,1435,14,248,296206,225697,0,
2020-11-10,5154,3420,1732,18,1422,14,234,301360,229117,0,
2020-11-11,4952,3400,1813,26,1337,9,215,306312,232517,0,
2020-11-12,5080,3569,1710,18,1596,12,233,311392,236086,0,
2020-11-13,5193,3695,1780,16,1654,16,229,316585,239781,0,
2020-11-14,4545,3395,1695,10,1500,13,177,321130,243176,0,
2020-11-15,4474,3300,1629,22,1483,18,148,325604,246476,0,
2020-11-16,5632,4082,2041,17,1825,22,177,331236,250558,0,
2020-11-17,5457,3980,1906,19,1791,14,250,336693,254538,0,
2020-11-18,5668,4183,2096,26,1849,12,200,342361,258721,0,
2020-11-19,5519,3969,1870,23,1850,16,210,347880,262690,0,
2020-11-20,5546,4131,1967,30,1909,15,210,353426,266821,0,
2020-11-21,5084,3785,1826,22,1753,15,169,358510,270606,0,
2020-11-22,4859,3519,1753,25,1542,22,177,363369,274125,0,
2020-11-23,6351,4566,2252,34,2022,16,242,369720,278691,0,
2020-11-24,6251,4596,2191,29,2101,11,264,375971,283287,0,
2020-11-25,6411,4671,2185,27,2128,15,316,382382,287958,0,
2020-11-26,6116,4535,2138,29,2151,18,199,388498,292493,0,
2020-11-27,6263,4522,2097,34,2154,19,218,394761,297015,0,
2020-11-28,5600,4075,2006,23,1750,15,281,400361,301090,0,
2020-11-29,5415,3835,1719,31,1837,16,232,405776,304925,0,
2020-11-30,6923,4906,2311,37,2266,22,270,412699,309831,0,
2020-12-01,6797,4798,2345,20,2167,7,259,419496,314629,0,
2020-12-02,6713,4785,2143,36,2329,14,263,426209,319414,0,
2020-12-03,6715,4688,2196,32,2151,18,291,432924,324102,0,
2020-12-04,6820,4794,2207,39,2263,10,275,439744,328896,0,
2020-12-05,5843,4065,1838,38,1928,11,250,445587,332961,0,
2020-12-06,5819,3987,1917,32,1746,31,261,451406,336948,0,
2020-12-07,7675,5283,2520,46,2342,27,348,459081,342231,0,
2020-12-08,7194,4871,2269,36,2186,17,363,466275,347102,0,
2020-12-09,6932,4720,2220,30,2074,19,377,473207,351822,0,
2020-12-10,6871,4627,2103,45,2106,24,349,480078,356449,0,
2020-12-11,6856,4677,2122,48,2129,22,356,486934,361126,0,
2020-12-12,6183,4057,1873,42,1798,24,320,493117,365183,0,
2020-12-13,5538,3639,1738,24,1578,16,283,498655,368822,0,
2020-12-14,7701,5042,2311,35,2194,29,473,506356,373864,0,
2020-12-15,7230,4755,2134,33,2140,17,431,513586,378619,0,
2020-12-16,6899,4539,2099,45,1953,10,432,520485,383158,0,
2020-12-17,6671,4303,1898,34,1921,30,420,527156,387461,0,
2020-12-18,6936,4522,2023,53,1992,20,434,534092,391983,0,
2020-12-19,5921,3721,1781,40,1578,17,305,540013,395704,0,
2020-12-20,5917,3756,1843,29,1560,20,304,545930,399460,0,
2020-12-21,7588,4687,2227,41,1929,16,474,553518,404147,0,
2020-12-22,7156,4385,2167,41,1729,22,426,560674,408532,0,
2020-12-23,7421,4602,2279,49,1796,30,448,568095,413134,0,
2020-12-24,6899,4403,2137,44,1795,14,413,574994,417537,0,
2020-12-25,5724,3513,1846,51,1323,15,278,580718,421050,0,
2020-12-26,7629,4977,2580,58,1965,25,349,588347,426027,0,
2020-12-27,7597,4930,2691,69,1774,20,376,595944,430957,0,
2020-12-28,8966,5760,3036,52,2188,25,459,604910,436717,0,
2020-12-29,8188,5292,2848,72,1902,16,454,613098,442009,0,
2020-12-30,7891,5013,2681,59,1765,41,467,620989,447022,0,
2020-12-31,7488,4938,2629,57,1803,16,433,628477,451960,0,
2021-01-01,7146,4476,2399,39,1646,28,364,635623,456436,0,
2021-01-02,7555,5096,2774,69,1765,44,444,643178,461532,0,
2021-01-03,7353,4749,2581,60,1666,50,392,650531,466281,0,
2021-01-04,8965,5821,3126,67,2040,31,557,659496,472102,0,
2021-01-05,7856,5127,2813,63,1716,51,484,667352,477229,0,
2021-01-06,7768,4994,2669,59,1652,53,561,675120,482223,0,
2021-01-07,6912,4442,2384,51,1475,38,494,682032,486665,0,
2021-01-08,6786,4426,2366,57,1466,41,496,688818,491091,0,
2021-01-09,5997,3868,2068,52,1301,40,407,694815,494959,0,
2021-01-10,5596,3661,1954,56,1243,29,379,700411,498620,0,
2021-01-11,6903,4584,2516,58,1472,37,501,707314,503204,0,
2021-01-12,6114,4015,2176,70,1287,29,453,713428,507219,0,
2021-01-13,6107,4021,2115,47,1341,33,485,719535,511240,0,
2021-01-14,5670,3818,2085,43,1216,28,446,725205,515058,0,
2021-01-15,6036,3892,2090,40,1330,30,402,731241,518950,0,
2021-01-16,4730,3162,1691,36,1123,20,292,735971,522112,0,
2021-01-17,4487,2971,1591,36,976,37,331,740458,525083,0,
2021-01-18,5686,3781,2015,38,1219,31,478,746144,528864,0,
2021-01-19,5237,3458,1829,46,1114,12,457,751381,532322,0,
2021-01-20,5067,3359,1837,53,1080,23,366,756448,535681,0,
2021-01-21,4798,3191,1712,28,1027,26,398,761246,538872,0,
2021-01-22,4540,3071,1680,39,1018,18,316,765786,541943,0,
2021-01-23,3957,2658,1445,43,869,14,287,769743,544601,0,
2021-01-24,3524,2348,1274,26,788,11,249,773267,546949,0,
2021-01-25,4661,3030,1634,36,948,18,394,777928,549979,0,
2021-01-26,4112,2666,1439,38,832,10,347,782040,552645,0,
2021-01-27,4219,2798,1548,28,887,15,320,786259,555443,0,
2021-01-28,3905,2500,1341,29,845,17,268,790164,557943,0,
2021-01-29,3806,2445,1310,38,852,14,231,793970,560388,0,
2021-01-30,3169,2094,1096,23,734,10,231,797139,562482,0,
2021-01-31,2887,1888,1067,23,602,18,178,800026,564370,0,
2021-02-01,4136,2705,1397,21,893,15,379,804162,567075,0,
2021-02-02,3631,2369,1296,31,776,14,252,807793,569444,0,
2021-02-03,3555,2320,1267,21,782,10,240,811348,571764,0,
2021-02-04,3343,2194,1184,26,727,14,243,814691,573958,0,
2021-02-05,3369,2209,1161,25,765,16,242,818060,576167,0,
2021-02-06,2799,1885,1059,17,670,7,132,820859,578052,0,
2021-02-07,2653,1764,994,24,596,13,137,823512,579816,0,
2021-02-08,3522,2336,1340,18,744,9,225,827034,582152,0,
2021-02-09,3250,2108,1204,27,687,12,178,830284,584260,0,
2021-02-10,3305,2248,1336,28,744,5,135,833589,586508,0,
2021-02-11,2909,1962,1195,23,602,7,135,836498,588470,0,
2021-02-12,3127,2090,1208,21,681,8,172,839625,590560,0,
2021-02-13,2689,1909,1154,17,579,4,155,842314,592469,0,
2021-02-14,2545,1731,1052,15,550,21,93,844859,594200,0,
2021-02-15,3070,2036,1239,32,630,7,128,847929,596236,0,
2021-02-16,3032,2116,1277,26,639,13,161,850961,598352,0,
2021-02-17,3121,2150,1313,29,628,8,172,854082,600502,0,
2021-02-18,3050,2122,1281,30,604,7,200,857132,602624,0,
2021-02-19,3005,2106,1252,24,658,5,167,860137,604730,0,
2021-02-20,2750,1904,1148,24,597,12,123,862887,606634,0,
2021-02-21,2537,1798,1053,14,596,10,125,865424,608432,0,
2021-02-22,3226,2223,1319,15,687,6,196,868650,610655,0,
2021-02-23,3030,2151,1312,11,668,4,156,871680,612806,0,
2021-02-24,3124,2156,1332,18,633,7,166,874804,614962,0,
2021-02-25,2858,2023,1235,15,619,4,150,877662,616985,0,
2021-02-26,2947,2099,1301,18,609,10,161,880609,619084,0,
2021-02-27,2728,2011,1231,11,600,13,156,883337,621095,0,
2021-02-28,2670,1953,1193,20,589,9,142,886007,623048,0,
2021-03-01,3536,2544,1498,19,804,8,215,889543,625592,0,
2021-03-02,3143,2291,1413,22,676,7,173,892686,627883,0,
2021-03-03,3321,2381,1478,18,713,15,157,896007,630264,0,
2021-03-04,2900,2172,1320,21,668,16,147,898907,632436,0,
2021-03-05,3240,2399,1514,21,692,4,168,902147,634835,0,
2021-03-06,2828,2115,1307,5,633,13,157,904975,636950,0,
2021-03-07,2717,2022,1211,13,660,9,129,907692,638972,0,
2021-03-08,3569,2668,1632,13,797,20,206,911261,641640,0,
2021-03-09,3378,2573,1584,24,749,11,205,914639,644213,0,
2021-03-10,3693,2801,1733,22,800,18,228,918332,647014,0,
2021-03-11,3309,2477,1524,14,719,19,201,921641,649491,0,
2021-03-12,3426,2620,1584,10,779,16,231,925067,652111,0,
2021-03-13,3184,2436,1537,10,719,10,160,928251,654547,0,
2021-03-14,3083,2285,1385,11,710,26,153,931334,656832,0,
2021-03-15,4182,3314,2011,12,1043,18,230,935516,660146,0,
2021-03-16,4040,3123,1941,11,933,13,225,939556,663269,0,
2021-03-17,4426,3529,2250,8,1033,21,217,943982,666798,0,
2021-03-18,4031,3177,2043,11,905,17,201,948013,669975,0,
2021-03-19,4380,3430,2088,12,1073,20,237,952393,673405,0,
2021-03-20,4202,3312,2014,11,1078,8,201,956595,676717,0,
2021-03-21,4218,3328,1977,16,1084,31,220,960813,680045,0,
2021-03-22,5368,4146,2466,19,1359,14,288,966181,684191,0,
2021-03-23,5599,4323,2503,24,1460,25,311,971780,688514,0,
2021-03-24,5651,4480,2711,21,1403,30,315,977431,692994,0,
2021-03-25,5257,4085,2417,17,1327,19,305,982688,697079,0,
2021-03-26,5696,4493,2654,22,1434,25,358,988384,701572,0,
2021-03-27,5405,4232,2497,22,1426,14,273,993789,705804,0,
2021-03-28,5457,4246,2506,16,1411,30,283,999246,710050,0,
2021-03-29,6718,5296,3106,14,1790,23,363,1005964,715346,0,
2021-03-30,6753,5259,3113,21,1743,31,351,1012717,720605,0,
2021-03-31,6839,5409,3186,29,1820,19,355,1019556,726014,0,
2021-04-01,7902,6353,3563,36,2170,18,566,1027458,732367,0,
2021-04-02,7199,5701,3355,33,1845,17,451,1034657,738068,0,
2021-04-03,7185,5656,3343,32,1741,17,523,1041842,743724,0,
2021-04-04,7427,5877,3419,29,1932,22,475,1049269,749601,0,
2021-04-05,9643,7714,4385,39,2581,35,674,1058912,757315,0,
2021-04-06,9631,7727,4451,49,2491,25,711,1068543,765042,0,
2021-04-07,9670,7768,4468,42,2506,28,724,1078213,772810,0,
2021-04-08,9032,7251,4109,38,2329,22,753,1087245,780061,0,
2021-04-09,9054,7260,3983,38,2425,41,773,1096299,787321,0,
2021-04-10,8577,7000,3880,41,2333,32,714,1104876,794321,0,
2021-04-11,7834,6326,3499,32,2151,28,616,1112710,800647,0,
2021-04-12,9325,7487,4281,40,2339,37,790,1122035,808134,0,
2021-04-13,8706,7064,3998,30,2265,29,742,1130741,815198,0,
2021-04-14,8823,7183,4049,37,2229,35,833,1139564,822381,0,
2021-04-15,8095,6668,3803,29,2047,19,770,1147659,829049,0,
2021-04-16,8333,6907,3884,23,2280,28,692,1155992,835956,0,
2021-04-17,7917,6588,3752,35,2068,26,707,1163909,842544,0,
2021-04-18,7230,6050,3395,26,1964,33,632,1171139,848594,0,
2021-04-19,8799,7336,4142,34,2333,44,783,1179938,855930,0,
2021-04-20,8309,6965,4076,27,2163,32,667,1188247,862895,0,
2021-04-21,8239,6986,4047,28,2198,56,657,1196486,869881,0,
2021-04-22,7656,6470,3743,18,2062,58,589,1204142,876351,0,
2021-04-23,8093,6909,3973,33,2145,51,707,1212235,883260,0,
2021-04-24,7294,6120,3585,21,1932,23,559,1219529,889380,0,
2021-04-25,6797,5686,3362,21,1796,35,472,1226326,895066,0,
2021-04-26,8223,6916,4036,25,2160,47,648,1234549,901982,0,
2021-04-27,7691,6473,3871,20,1934,20,628,1242240,908455,0,
2021-04-28,8168,6873,4018,25,2112,25,693,1250408,915328,0,
2021-04-29,7153,5998,3582,21,1770,12,613,1257561,921326,0,
2021-04-30,7415,6282,3666,24,1877,40,675,1264976,927608,0,
2021-05-01,7054,6042,3555,17,1945,18,507,1272030,933650,0,
2021-05-02,6142,5236,3207,27,1565,12,425,1278172,938886,0,
2021-05-03,7562,6361,3848,25,1995,20,473,1285734,945247,0,
2021-05-04,6906,5787,3609,22,1741,25,390,1292640,951034,0,
2021-05-05,6793,5745,3526,27,1782,22,388,1299433,956779,0,
2021-05-06,6201,5153,3184,11,1567,13,378,1305634,961932,0,
2021-05-07,6325,5267,3256,19,1632,22,338,1311959,967199,0,
2021-05-08,5651,4744,2933,25,1490,10,286,1317610,971943,0,
2021-05-09,5038,4231,2687,20,1305,6,213,1322648,976174,0,
2021-05-10,6360,5230,3179,26,1646,19,360,1329008,981404,0,
2021-05-11,5525,4557,2799,26,1402,7,323,1334533,985961,0,
2021-05-12,5468,4528,2812,18,1432,7,259,1340001,990489,0,
2021-05-13,4978,4105,2590,17,1250,12,236,1344979,994594,0,
2021-05-14,4926,4050,2461,11,1293,10,275,1349905,998644,0,
2021-05-15,4320,3544,2165,9,1132,11,227,1354225,1002188,0,
2021-05-16,3839,3136,1888,6,1059,11,172,1358064,1005324,0,
2021-05-17,4581,3714,2240,9,1147,13,305,1362645,1009038,0,
2021-05-18,4111,3296,1976,11,1037,7,265,1366756,1012334,0,
2021-05-19,3727,2997,1844,14,943,4,192,1370483,1015331,0,
2021-05-20,3504,2832,1710,8,867,7,240,1373987,1018163,0,
2021-05-21,3284,2649,1614,7,805,8,215,1377271,1020812,0,
2021-05-22,2663,2178,1331,8,701,4,134,1379934,1022990,0,
2021-05-23,2331,1863,1127,1,618,3,114,1382265,1024853,0,
2021-05-24,2442,1952,1186,6,641,2,117,1384707,1026805,0,
2021-05-25,2708,2162,1369,1,649,7,136,1387415,1028967,0,
2021-05-26,2434,1938,1235,7,588,4,104,1389849,1030905,0,
2021-05-27,2263,1806,1174,6,529,5,92,1392112,1032711,0,
2021-05-28,2123,1702,1104,8,497,6,87,1394235,1034413,0,
2021-05-29,1695,1348,843,1,425,7,72,1395930,1035761,0,
2021-05-30,1556,1247,811,6,373,7,50,1397486,1037008,0,
2021-05-31,1988,1590,1058,1,453,6,72,1399474,1038598,0,
2021-06-01,1860,1518,942,8,473,9,86,1401334,1040116,0,
2021-06-02,1758,1401,924,3,415,2,57,1403092,1041517,0,
2021-06-03,1523,1217,802,5,343,4,63,1404615,1042734,0,
2021-06-04,1504,1173,758,3,341,5,66,1406119,1043907,0,
2021-06-05,1236,996,649,2,296,6,43,1407355,1044903,0,
2021-06-06,1108,872,579,0,255,3,35,1408463,1045775,0,
2021-06-07,1486,1153,776,3,318,5,51,1409949,1046928,0,
2021-06-08,1223,955,599,2,291,8,55,1411172,1047883,0,
2021-06-09,1214,956,647,7,229,6,67,1412386,1048839,0,
2021-06-10,1199,928,645,6,216,9,52,1413585,1049767,0,
2021-06-11,1075,821,531,1,227,9,53,1414660,1050588,0,
2021-06-12,923,719,465,4,184,9,57,1415583,1051307,0,
2021-06-13,781,608,378,2,181,3,44,1416364,1051915,0,
2021-06-14,1066,793,519,3,221,12,38,1417430,1052708,0,
2021-06-15,932,696,477,0,186,6,27,1418362,1053404,0,
2021-06-16,871,647,435,1,160,10,41,1419233,1054051,0,
2021-06-17,739,547,369,2,144,7,25,1419972,1054598,0,
2021-06-18,745,566,371,3,145,16,31,1420717,1055164,0,
2021-06-19,586,452,266,0,142,6,38,1421303,1055616,0,
2021-06-20,583,425,255,3,134,5,28,1421886,1056041,0,
2021-06-21,729,552,333,1,164,9,45,1422615,1056593,0,
2021-06-22,689,506,309,2,147,6,42,1423304,1057099,0,
2021-06-23,684,496,317,1,143,4,31,1423988,1057595,0,
2021-06-24,601,456,275,4,132,11,34,1424589,1058051,0,
2021-06-25,563,417,262,3,112,6,34,1425152,1058468,0,
2021-06-26,491,357,212,3,112,8,22,1425643,1058825,0,
2021-06-27,455,319,184,1,99,4,31,1426098,1059144,0,
2021-06-28,578,415,243,1,122,9,40,1426676,1059559,0,
2021-06-29,505,351,174,2,117,12,46,1427181,1059910,0,
2021-06-30,506,386,215,4,110,12,45,1427687,1060296,0,
2021-07-01,434,293,168,2,92,11,20,1428121,1060589,0,
2021-07-02,451,323,172,0,103,8,40,1428572,1060912,0,
2021-07-03,448,338,182,2,116,18,20,1429020,1061250,0,
2021-07-04,425,302,160,2,114,4,22,1429445,1061552,0,
2021-07-05,544,367,214,3,118,7,25,1429989,1061919,0,
2021-07-06,514,360,212,4,116,10,18,1430503,1062279,0,
2021-07-07,455,314,173,4,109,12,16,1430958,1062593,0,
2021-07-08,379,255,140,3,86,12,14,1431337,1062848,0,
2021-07-09,392,274,135,2,99,14,24,1431729,1063122,,
2021-07-10,369,267,141,2,100,15,9,1432098,1063389,,
2021-07-11,366,250,126,0,91,18,15,1432464,1063639,,
2021-07-12,498,365,192,1,140,12,20,1432962,1064004,,
2021-07-13,451,313,160,0,118,10,25,1433413,1064317,,
2021-07-14,510,352,177,0,121,33,21,1433923,1064669,,
2021-07-15,453,306,156,1,116,16,17,1434376,1064975,,
2021-07-16,497,352,185,6,125,16,20,1434873,1065327,,
2021-07-17,429,300,155,6,116,14,9,1435302,1065627,,
2021-07-18,512,354,171,7,144,16,16,1435814,1065981,,
2021-07-19,643,464,225,4,205,16,14,1436457,1066445,,
2021-07-20,718,522,260,10,227,12,13,1437175,1066967,,
2021-07-21,698,507,239,5,234,18,11,1437873,1067474,,
2021-07-22,637,451,230,9,185,14,13,1438510,1067925,,
2021-07-23,704,524,272,4,198,16,34,1439214,1068449,,
2021-07-24,658,496,290,4,176,15,11,1439872,1068945,,
2021-07-25,777,571,295,11,233,18,14,1440649,1069516,,
2021-07-26,1048,789,404,5,332,24,24,1441697,1070305,,
2021-07-27,990,739,403,10,290,12,24,1442687,1071044,,
2021-07-28,984,721,381,10,283,24,23,1443671,1071765,,
2021-07-29,976,701,367,11,286,20,17,1444647,1072466,,
2021-07-30,975,691,370,11,264,17,29,1445622,1073157,,
2021-07-31,1006,753,372,9,323,24,25,1446628,1073910,,
2021-08-01,1209,897,477,17,353,25,25,1447837,1074807,,
2021-08-02,1559,1070,488,19,501,28,34,1449396,1075877,,
2021-08-03,1796,1277,625,17,548,27,60,1451192,1077154,,
2021-08-04,1762,1242,603,21,549,19,50,1452954,1078396,,
2021-08-05,1723,1173,608,15,494,23,33,1454677,1079569,,
2021-08-06,1685,1105,536,13,484,21,51,1456362,1080674,,
2021-08-07,1731,1245,630,11,534,25,45,1458093,1081919,,
2021-08-08,1808,1290,665,23,539,20,43,1459901,1083209,,
2021-08-09,2259,1623,816,23,701,22,61,1462160,1084832,,
2021-08-10,2445,1780,854,27,784,41,74,1464605,1086612,,
2021-08-11,2369,1712,832,28,764,24,64,1466974,1088324,,
2021-08-12,2133,1535,762,26,662,34,51,1469107,1089859,,
2021-08-13,2159,1547,788,15,644,38,62,1471266,1091406,,
2021-08-14,2211,1634,838,25,685,28,58,1473477,1093040,,
2021-08-15,2283,1655,850,23,716,16,50,1475760,1094695,,
2021-08-16,3038,2245,1063,32,1042,32,76,1478798,1096940,,
2021-08-17,2989,2189,1071,31,981,29,77,1481787,1099129,,
2021-08-18,2991,2188,1046,35,1002,22,83,1484778,1101317,,
2021-08-19,2768,1986,970,18,902,27,69,1487546,1103303,,
2021-08-20,2874,2146,1015,22,1011,19,79,1490420,1105449,,
2021-08-21,2763,2096,948,15,1029,24,80,1493183,1107545,,
2021-08-22,2933,2213,940,20,1165,24,64,1496116,1109758,,
2021-08-23,3760,2761,1068,13,1552,32,96,1499876,1112519,,
2021-08-24,3787,2768,1037,8,1604,29,90,1503663,1115287,,
2021-08-25,3755,2711,977,6,1624,18,86,1507418,1117998,,
2021-08-26,3399,2481,955,5,1421,20,80,1510817,1120479,,
2021-08-27,3665,2622,920,6,1567,19,110,1514482,1123101,,
2021-08-28,3299,2452,916,8,1430,26,72,1517781,1125553,,
2021-08-29,3276,2410,841,6,1467,21,75,1521057,1127963,,
2021-08-30,4113,2921,1038,11,1764,23,85,1525170,1130884,,
2021-08-31,4064,2865,941,10,1812,16,86,1529234,1133749,,
2021-09-01,4475,3193,1089,6,1983,20,95,1533709,1136942,,
2021-09-02,3929,2804,998,4,1710,14,78,1537638,1139746,,
2021-09-03,4196,3030,1066,7,1838,25,94,1541834,1142776,,
2021-09-04,3657,2709,931,6,1706,17,49,1545491,1145485,,
2021-09-05,3605,2609,864,4,1677,10,54,1549096,1148094,,
2021-09-06,4061,2947,980,8,1868,10,81,1553157,1151041,,
2021-09-07,4878,3416,1179,4,2112,11,110,1558035,1154457,,
2021-09-08,4857,3368,1158,6,2104,16,84,1562892,1157825,,
2021-09-09,4468,3072,1051,6,1910,23,82,1567360,1160897,,
2021-09-10,4537,3175,1086,10,2005,11,63,1571897,1164072,,
2021-09-11,3817,2737,933,5,1715,10,74,1575714,1166809,,
2021-09-12,3783,2702,957,4,1656,11,74,1579497,1169511,,
2021-09-13,5028,3426,1184,6,2138,14,84,1584525,1172937,,
2021-09-14,4630,3218,1115,8,1963,24,108,1589155,1176155,,
2021-09-15,4600,3233,1167,7,1944,14,101,1593755,1179388,,
2021-09-16,4302,3073,1135,1,1840,8,89,1598057,1182461,,
2021-09-17,4475,3133,1153,3,1862,7,108,1602532,1185594,,
2021-09-18,3816,2796,1052,3,1649,15,77,1606348,1188390,,
2021-09-19,3685,2746,957,12,1696,8,73,1610033,1191136,,
2021-09-20,4943,3588,1329,4,2134,14,107,1614976,1194724,,
2021-09-21,4597,3298,1207,5,1983,11,92,1619573,1198022,,
2021-09-22,4362,3226,1254,7,1873,10,82,1623935,1201248,,
2021-09-23,4164,3011,1206,4,1714,18,69,1628099,1204259,,
2021-09-24,4252,3165,1192,8,1847,8,110,1632351,1207424,,
2021-09-25,3498,2669,1017,3,1578,6,65,1635849,1210093,,
2021-09-26,3607,2742,1055,6,1606,12,63,1639456,1212835,,
2021-09-27,4464,3196,1240,6,1850,14,86,1643920,1216031,,
2021-09-28,3820,2730,1090,7,1546,15,72,1647740,1218761,,
2021-09-29,3942,2851,1162,3,1598,18,70,1651682,1221612,,
2021-09-30,3310,2470,958,3,1444,10,55,1654992,1224082,,
2021-10-01,3696,2612,1041,0,1487,13,71,1658688,1226694,,
2021-10-02,2969,2170,907,2,1198,10,53,1661657,1228864,,
2021-10-03,2874,2046,878,4,1095,15,54,1664531,1230910,,
2021-10-04,3755,2591,1051,6,1450,15,69,1668286,1233501,,
2021-10-05,3459,2352,1002,4,1263,10,73,1671745,1235853,,
2021-10-06,3285,2250,991,4,1192,5,58,1675030,1238103,,
2021-10-07,2973,1994,869,3,1038,9,75,1678003,1240097,,
2021-10-08,3123,2094,851,5,1162,11,65,1681126,1242191,,
2021-10-09,2670,1851,797,2,989,10,53,1683796,1244042,,
2021-10-10,2404,1712,747,2,904,10,49,1686200,1245754,,
2021-10-11,2626,1790,758,2,964,15,51,1688826,1247544,,
2021-10-12,3104,2065,872,2,1108,14,69,1691930,1249609,,
2021-10-13,2977,1966,899,0,1007,12,48,1694907,1251575,,
2021-10-14,2730,1842,788,4,991,11,48,1697637,1253417,,
2021-10-15,2636,1803,770,2,961,10,60,1700273,1255220,,
2021-10-16,2233,1604,701,0,854,10,39,1702506,1256824,,
2021-10-17,2146,1532,670,2,802,10,48,1704652,1258356,,
2021-10-18,2673,1842,829,1,941,14,57,1707325,1260198,,
2021-10-19,2338,1579,696,2,816,13,52,1709663,1261777,,
2021-10-20,2438,1685,760,4,856,8,57,1712101,1263462,,
2021-10-21,2262,1536,734,0,732,10,60,1714363,1264998,,
2021-10-22,2273,1595,712,4,818,4,57,1716636,1266593,,
2021-10-23,1889,1312,584,2,667,5,54,1718525,1267905,,
2021-10-24,2004,1416,620,2,738,9,47,1720529,1269321,,
2021-10-25,2501,1703,783,2,850,21,47,1723030,1271024,,
2021-10-26,2332,1575,726,1,765,17,66,1725362,1272599,,
2021-10-27,2315,1551,719,3,766,12,51,1727677,1274150,,
2021-10-28,2256,1489,705,1,709,9,65,1729933,1275639,,
2021-10-29,2254,1396,634,5,682,7,68,1732187,1277035,,
2021-10-30,2019,1338,633,1,637,16,51,1734206,1278373,,
2021-10-31,2063,1397,685,0,628,13,71,1736269,1279770,,
2021-11-01,2866,1954,883,4,952,11,104,1739135,1281724,,
2021-11-02,2717,1860,903,2,861,16,78,1741852,1283584,,
2021-11-03,2661,1893,881,1,880,22,109,1744513,1285477,,
2021-11-04,2568,1760,876,5,774,13,92,1747081,1287237,,
2021-11-05,2600,1761,870,3,775,15,98,1749681,1288998,,
2021-11-06,2368,1664,840,3,715,22,84,1752049,1290662,,
2021-11-07,2166,1440,711,2,628,14,85,1754215,1292102,,
2021-11-08,2805,1788,900,13,765,23,87,1757020,1293890,,
2021-11-09,2571,1627,876,7,639,21,84,1759591,1295517,,
2021-11-10,2656,1760,910,6,713,13,118,1762247,1297277,,
2021-11-11,2259,1477,744,2,632,20,79,1764506,1298754,,
2021-11-12,2456,1584,843,8,616,15,102,1766962,1300338,,
2021-11-13,2146,1463,799,4,575,12,73,1769108,1301801,,
2021-11-14,2200,1427,713,3,629,24,58,1771308,1303228,,
2021-11-15,2716,1741,957,4,682,15,83,1774024,1304969,,
2021-11-16,2579,1642,851,5,630,31,125,1776603,1306611,,
2021-11-17,2746,1750,881,1,720,33,115,1779349,1308361,,
2021-11-18,2429,1499,820,3,554,22,100,1781778,1309860,,
2021-11-19,2605,1623,828,3,645,25,122,1784383,1311483,,
2021-11-20,2287,1359,719,5,509,30,96,1786670,1312842,,
2021-11-21,2408,1472,785,5,577,19,86,1789078,1314314,,
2021-11-22,3165,1885,1016,2,698,30,139,1792243,1316199,,
2021-11-23,2932,1777,983,2,638,33,121,1795175,1317976,,
2021-11-24,2971,1776,960,6,652,25,133,1798146,1319752,,
2021-11-25,2692,1589,870,0,589,30,100,1800838,1321341,,
2021-11-26,2905,1693,876,5,618,22,172,1803743,1323034,,
2021-11-27,2568,1572,852,1,553,35,131,1806311,1324606,,
2021-11-28,2809,1623,861,1,564,45,152,1809120,1326229,,
2021-11-29,3538,1993,1025,2,728,63,175,1812658,1328222,,
2021-11-30,3368,1886,956,3,701,34,192,1816026,1330108,,
2021-12-01,3713,2053,1109,4,696,35,209,1819739,1332161,,
2021-12-02,3402,1908,959,4,668,40,237,1823141,1334069,,
2021-12-03,3753,2147,1108,5,730,37,267,1826894,1336216,,
2021-12-04,3180,1737,900,5,609,41,182,1830074,1337953,,
2021-12-05,3444,1943,1025,6,653,43,216,1833518,1339896,,
2021-12-06,4700,2635,1403,7,848,45,332,1838218,1342531,,
2021-12-07,4814,2686,1455,5,784,53,389,1843032,1345217,,
2021-12-08,4885,2815,1465,6,844,43,457,1847917,1348032,,
2021-12-09,4767,2612,1275,10,749,53,525,1852684,1350644,,
2021-12-10,5183,2958,1409,6,790,66,687,1857867,1353602,,
2021-12-11,5085,2994,1244,12,873,70,795,1862952,1356596,,
2021-12-12,6297,3743,1360,11,1070,81,1221,1869249,1360339,,
2021-12-13,9662,5676,1845,11,1494,122,2204,1878911,1366015,,
2021-12-14,10113,5811,1816,19,1475,104,2397,1889024,1371826,,
2021-12-15,10849,6065,1710,27,1339,92,2897,1899873,1377891,,
2021-12-16,11428,6230,1610,17,1257,102,3244,1911301,1384121,,
2021-12-17,14343,7910,1814,12,1682,120,4282,1925644,1392031,,
2021-12-18,14956,8498,1798,13,1819,104,4764,1940600,1400529,,
2021-12-19,18480,10365,1860,18,2533,114,5840,1959080,1410894,,
2021-12-20,29154,15979,2390,19,3676,139,9755,1988234,1426873,,
2021-12-21,31071,16077,2331,12,3510,106,10118,2019305,1442950,,
2021-12-22,31122,15159,1990,14,2913,102,10140,2050427,1458109,,
2021-12-23,30993,15679,1864,11,2824,72,10908,2081420,1473788,,
2021-12-24,27709,14562,1778,10,2691,76,10007,2109129,1488350,,
2021-12-25,22800,10750,1862,10,2603,71,6204,2131929,1499100,,
2021-12-26,31411,15449,2548,13,3515,66,9307,2163340,1514549,,
2021-12-27,43978,22684,2929,21,3954,83,15697,2207318,1537233,,
2021-12-28,51781,27415,2671,13,4852,70,19809,2259099,1564648,,
2021-12-29,55065,30215,2258,6,4882,57,23012,2314164,1594863,,
2021-12-30,51821,29500,1890,17,4411,63,23119,2365985,1624363,,
2021-12-31,38300,19481,1619,9,3929,59,13865,2404285,1643844,,
2022-01-01,26085,10883,1674,10,2547,66,6586,2430370,1654727,,
2022-01-02,32113,15200,1865,11,4389,74,8861,2462483,1669927,,
2022-01-03,43992,20681,2235,18,6712,87,11629,2506475,1690608,,
2022-01-04,43007,20644,1997,8,6686,86,11867,2549482,1711252,,
2022-01-05,37997,19555,1797,10,6860,83,10805,2587479,1730807,,
2022-01-06,31394,17758,1772,6,6540,77,9363,2618873,1748565,,
2022-01-07,28864,17478,1803,11,6787,59,8818,2647737,1766043,,
2022-01-08,21154,12916,1529,7,4630,60,6690,2668891,1778959,,
2022-01-09,20744,12885,1684,7,4532,76,6586,2689635,1791844,,
2022-01-10,29638,18279,2081,15,6892,65,9226,2719273,1810123,,
2022-01-11,27000,16282,2046,12,6401,61,7762,2746273,1826405,,
2022-01-12,24861,15217,1955,6,6369,52,6835,2771134,1841622,,
2022-01-13,22356,13756,1920,4,5686,58,6088,2793490,1855378,,
2022-01-14,21349,12892,1965,6,5151,51,5719,2814839,1868270,,
2022-01-15,15846,9470,1649,4,3376,61,4380,2830685,1877740,,
2022-01-16,15007,9014,1704,2,3441,63,3804,2845692,1886754,,
2022-01-17,18826,10393,2102,6,4378,54,3853,2864518,1897147,,
2022-01-18,18924,10679,2040,11,3539,47,5042,2883442,1907826,,
2022-01-19,17894,10009,1895,5,3421,48,4640,2901336,1917835,,
2022-01-20,16159,8974,1761,4,3207,37,3965,2917495,1926809,,
2022-01-21,15245,8517,1683,2,2982,48,3802,2932740,1935326,,
2022-01-22,12227,7287,1558,3,2742,42,2942,2944967,1942613,,
2022-01-23,11621,6822,1475,5,2690,38,2614,2956588,1949435,,
2022-01-24,16304,9265,1866,5,3444,48,3902,2972892,1958700,,
2022-01-25,14578,8108,1695,3,3181,40,3189,2987470,1966808,,
2022-01-26,13701,7521,1713,1,2865,40,2902,3001171,1974329,,
2022-01-27,12746,6697,1423,4,2644,42,2584,3013917,1981026,,
2022-01-28,11716,6430,1338,4,2625,30,2433,3025633,1987456,,
2022-01-29,9014,5162,1164,3,2047,46,1902,3034647,1992618,,
2022-01-30,9202,5204,1259,3,2102,36,1804,3043849,1997822,,
2022-01-31,13240,7048,1571,2,2844,32,2599,3057089,2004870,,
2022-02-01,11936,6371,1465,2,2459,27,2418,3069025,2011241,,
2022-02-02,10771,5674,1359,1,2186,34,2094,3079796,2016915,,
2022-02-03,9545,4968,1198,4,1900,22,1844,3089341,2021883,,
2022-02-04,9171,4821,1085,1,1830,22,1883,3098512,2026704,,
2022-02-05,7147,3945,959,2,1555,22,1407,3105659,2030649,,
2022-02-06,7205,3888,960,4,1457,16,1451,3112864,2034537,,
2022-02-07,9808,5078,1305,4,1817,23,1929,3122672,2039615,,
2022-02-08,8397,4293,1043,2,1500,21,1727,3131069,2043908,,
2022-02-09,7727,3825,961,2,1388,17,1457,3138796,2047733,,
2022-02-10,6917,3499,802,3,1290,14,1390,3145713,2051232,,
2022-02-11,6387,3314,745,2,1201,16,1350,3152100,2054546,,
2022-02-12,5039,2843,702,2,1125,19,995,3157139,2057389,,
2022-02-13,5089,2943,708,1,1131,17,1086,3162228,2060332,,
2022-02-14,6724,3637,918,3,1333,16,1367,3168952,2063969,,
2022-02-15,6158,3378,916,0,1206,11,1245,3175110,2067347,,
2022-02-16,5975,3238,868,0,1073,13,1284,3181085,2070585,,
2022-02-17,5093,2731,718,1,912,14,1086,3186178,2073316,,
2022-02-18,4883,2711,679,0,977,10,1045,3191061,2076027,,
2022-02-19,3963,2288,572,0,820,8,888,3195024,2078315,,
2022-02-20,4070,2336,579,3,767,10,977,3199094,2080651,,
2022-02-21,5156,2718,670,2,899,11,1136,3204250,2083369,,
2022-02-22,5611,3182,804,0,1000,8,1370,3209861,2086551,,
2022-02-23,5092,2811,784,0,866,13,1148,3214953,2089362,,
2022-02-24,4343,2378,645,2,773,8,950,3219296,2091740,,
2022-02-25,4079,2293,555,1,765,9,963,3223375,2094033,,
2022-02-26,3328,1924,433,1,630,15,845,3226703,2095957,,
2022-02-27,3314,2017,463,3,674,9,868,3230017,2097974,,
2022-02-28,4478,2523,605,0,751,10,1157,3234495,2100497,,
2022-03-01,3923,2331,571,0,720,7,1033,3238418,2102828,,
2022-03-02,3556,1986,493,2,645,3,843,3241974,2104814,,
2022-03-03,3090,1692,453,1,540,10,688,3245064,2106506,,
2022-03-04,2768,1466,401,1,480,7,577,3247832,2107972,,
2022-03-05,1954,1073,317,0,374,0,382,3249786,2109045,,
2022-03-06,1376,875,268,0,251,1,355,3251162,2109920,,
2022-03-07,1419,1051,205,0,173,5,668,3252581,2110971,,
2022-03-08,1096,881,60,0,64,1,756,3253677,2111852,,
2022-03-09,114,49,6,0,1,0,42,3253791,2111901,,