date,new,NTotal_ExposureOnly,domestic-contactWithCase,domestic-contactWithTraveller,domestic-unknown,internationalTravel,infopending,cumulative,cumulativeNTotal_ExposureOnly,doubleFlagTest,shaded
2020-01-15,2,1,0,0,0,1,0,2,1,1,14
2020-01-16,5,3,1,0,2,0,0,7,4,1,
2020-01-17,3,1,0,0,0,1,0,10,5,0,
2020-01-18,2,0,0,0,0,0,1,12,5,0,
2020-01-19,0,0,0,0,0,0,0,12,5,0,
2020-01-20,1,0,0,0,0,0,0,13,5,0,
2020-01-21,4,0,0,0,0,0,0,17,5,1,
2020-01-22,6,4,1,0,1,2,0,23,9,0,
2020-01-23,0,0,0,0,0,0,0,23,9,0,
2020-01-24,3,2,0,0,0,2,0,26,11,0,
2020-01-25,4,2,1,0,1,0,0,30,13,0,
2020-01-26,2,1,1,0,0,0,0,32,14,0,
2020-01-27,8,3,2,0,1,0,0,40,17,1,
2020-01-28,7,2,1,0,0,1,0,47,19,0,
2020-01-29,3,1,0,0,0,0,1,50,20,0,
2020-01-30,4,1,1,0,0,0,0,54,21,0,
2020-01-31,2,1,0,0,1,0,0,56,22,0,
2020-02-01,7,5,3,0,1,1,0,63,27,0,
2020-02-02,3,2,0,0,1,1,0,66,29,0,
2020-02-03,1,1,0,0,1,0,0,67,30,0,
2020-02-04,2,2,0,0,2,0,0,69,32,0,
2020-02-05,3,3,1,0,1,1,0,72,35,0,
2020-02-06,0,0,0,0,0,0,0,72,35,0,
2020-02-07,0,0,0,0,0,0,0,72,35,0,
2020-02-08,1,0,0,0,0,0,0,73,35,0,
2020-02-09,1,1,0,0,0,1,0,74,36,0,
2020-02-10,2,2,0,0,1,1,0,76,38,0,
2020-02-11,2,1,0,0,1,0,0,78,39,0,
2020-02-12,4,3,2,0,1,0,0,82,42,1,
2020-02-13,1,1,0,0,0,1,0,83,43,0,
2020-02-14,6,5,0,0,3,2,0,89,48,0,
2020-02-15,3,2,1,0,0,1,0,92,50,0,
2020-02-16,1,1,0,0,0,1,0,93,51,0,
2020-02-17,2,2,1,0,0,1,0,95,53,0,
2020-02-18,2,2,2,0,0,0,0,97,55,0,
2020-02-19,4,4,2,0,1,1,0,101,59,0,
2020-02-20,9,9,3,1,3,2,0,110,68,0,
2020-02-21,3,3,0,0,1,2,0,113,71,0,
2020-02-22,8,8,2,0,3,3,0,121,79,0,
2020-02-23,22,22,11,0,3,7,1,143,101,0,
2020-02-24,15,14,3,0,2,9,0,158,115,0,
2020-02-25,16,16,4,0,2,10,0,174,131,1,
2020-02-26,14,13,6,1,4,2,0,188,144,0,
2020-02-27,27,26,12,0,7,7,0,215,170,0,
2020-02-28,39,37,17,0,6,14,0,254,207,0,
2020-02-29,27,27,8,0,7,12,0,281,234,0,
2020-03-01,60,59,12,0,26,20,1,341,293,0,
2020-03-02,56,56,8,0,18,30,0,397,349,1,
2020-03-03,55,55,15,0,12,28,0,452,404,0,
2020-03-04,62,58,13,1,14,30,0,514,462,0,
2020-03-05,67,67,12,1,23,31,0,581,529,0,
2020-03-06,86,85,17,2,26,40,0,667,614,0,
2020-03-07,91,91,14,3,30,44,0,758,705,0,
2020-03-08,135,134,27,2,45,60,0,893,839,1,
2020-03-09,224,223,44,10,79,90,0,1117,1062,0,
2020-03-10,258,255,56,9,72,118,0,1375,1317,0,
2020-03-11,296,296,74,11,85,125,1,1671,1613,0,
2020-03-12,391,389,92,9,128,159,1,2062,2002,1,
2020-03-13,466,459,124,8,151,174,2,2528,2461,0,
2020-03-14,468,466,98,15,168,183,2,2996,2927,0,
2020-03-15,608,601,152,10,212,225,2,3604,3528,0,
2020-03-16,848,839,254,11,308,265,1,4452,4367,1,
2020-03-17,875,865,260,16,320,264,5,5327,5232,0,
2020-03-18,975,965,283,19,356,303,4,6302,6197,0,
2020-03-19,813,802,253,13,298,235,3,7115,6999,0,
2020-03-20,1067,1055,362,21,424,239,9,8182,8054,0,
2020-03-21,912,895,320,8,326,237,4,9094,8949,1,
2020-03-22,875,860,320,13,340,185,2,9969,9809,0,
2020-03-23,1103,1080,464,16,418,173,9,11072,10889,0,
2020-03-24,999,986,397,21,391,173,4,12071,11875,0,
2020-03-25,1015,993,450,13,414,108,8,13086,12868,0,
2020-03-26,948,929,449,12,342,117,9,14034,13797,0,
2020-03-27,973,959,483,8,372,84,12,15007,14756,0,
2020-03-28,978,966,472,9,390,84,11,15985,15722,0,
2020-03-29,892,880,462,7,355,50,6,16877,16602,0,
2020-03-30,1189,1173,584,10,489,77,13,18066,17775,0,
2020-03-31,1012,1001,560,3,357,68,13,19078,18776,1,
2020-04-01,1328,1314,755,12,454,84,9,20406,20090,0,
2020-04-02,1195,1188,749,11,374,46,8,21601,21278,0,
2020-04-03,1339,1328,887,6,374,53,8,22940,22606,0,
2020-04-04,1174,1170,745,9,371,28,17,24114,23776,0,
2020-04-05,1080,1074,680,5,368,13,8,25194,24850,0,
2020-04-06,1444,1437,884,11,515,14,13,26638,26287,0,
2020-04-07,1313,1304,793,13,469,16,13,27951,27591,0,
2020-04-08,1410,1403,884,10,489,6,14,29361,28994,0,
2020-04-09,1510,1505,968,14,495,4,24,30871,30499,0,
2020-04-10,1814,1806,1136,19,621,6,24,32685,32305,0,
2020-04-11,1714,1710,971,11,685,4,39,34399,34015,0,
2020-04-12,1448,1445,886,16,509,7,27,35847,35460,0,
2020-04-13,2132,2129,1169,33,889,6,32,37979,37589,0,
2020-04-14,1826,1819,1094,21,669,2,33,39805,39408,1,
2020-04-15,1961,1954,1231,22,672,4,25,41766,41362,0,
2020-04-16,1966,1959,1104,19,780,1,55,43732,43321,0,
2020-04-17,1864,1858,1104,17,699,3,35,45596,45179,0,
2020-04-18,1621,1615,1041,20,524,3,27,47217,46794,0,
2020-04-19,1233,1227,743,15,454,4,11,48450,48021,0,
2020-04-20,1847,1842,1081,10,714,2,35,50297,49863,0,
2020-04-21,1415,1411,841,13,522,6,29,51712,51274,0,
2020-04-22,1575,1567,911,13,612,1,30,53287,52841,0,
2020-04-23,1588,1573,917,18,602,5,31,54875,54414,0,
2020-04-24,1542,1534,931,11,547,2,43,56417,55948,0,
2020-04-25,1406,1398,823,14,474,5,82,57823,57346,0,
2020-04-26,1319,1313,789,13,464,4,43,59142,58659,0,
2020-04-27,1658,1645,951,12,637,5,40,60800,60304,0,
2020-04-28,1538,1525,925,18,554,6,22,62338,61829,0,
2020-04-29,1480,1473,806,4,647,2,14,63818,63302,0,
2020-04-30,1474,1464,828,4,612,3,17,65292,64766,0,
2020-05-01,1598,1582,895,8,656,4,19,66890,66348,0,
2020-05-02,1074,1068,657,8,385,0,18,67964,67416,0,
2020-05-03,1025,1022,621,6,380,5,10,68989,68438,0,
2020-05-04,1367,1357,775,6,553,2,21,70356,69795,0,
2020-05-05,1302,1295,728,6,534,1,26,71658,71090,0,
2020-05-06,1128,1124,661,8,435,2,18,72786,72214,0,
2020-05-07,1180,1173,712,4,432,6,19,73966,73387,0,
2020-05-08,1185,1178,701,7,454,1,15,75151,74565,0,
2020-05-09,1026,1018,634,8,354,4,18,76177,75583,0,
2020-05-10,922,917,543,7,351,5,11,77099,76500,0,
2020-05-11,1229,1224,729,8,450,7,30,78328,77724,0,
2020-05-12,1167,1156,718,2,410,6,20,79495,78880,0,
2020-05-13,1110,1098,650,3,426,3,16,80605,79978,1,
2020-05-14,1162,1160,686,3,452,5,14,81767,81138,0,
2020-05-15,1220,1213,711,0,477,11,14,82987,82351,0,
2020-05-16,996,993,601,2,375,2,13,83983,83344,0,
2020-05-17,911,900,537,2,342,8,11,84894,84244,0,
2020-05-18,1099,1082,618,2,450,5,7,85993,85326,0,
2020-05-19,967,959,582,3,362,4,8,86960,86285,0,
2020-05-20,1128,1113,654,2,445,1,11,88088,87398,0,
2020-05-21,884,871,547,2,305,6,11,88972,88269,0,
2020-05-22,846,832,513,0,312,5,2,89818,89101,0,
2020-05-23,702,688,443,1,234,4,6,90520,89789,0,
2020-05-24,653,644,401,0,228,4,11,91173,90433,0,
2020-05-25,860,844,508,3,312,4,17,92033,91277,0,
2020-05-26,746,729,459,1,256,7,6,92779,92006,0,
2020-05-27,719,701,423,2,264,2,10,93498,92707,0,
2020-05-28,598,581,362,2,204,2,11,94096,93288,0,
2020-05-29,736,728,444,0,276,3,5,94832,94016,0,
2020-05-30,563,554,397,2,152,1,2,95395,94570,0,
2020-05-31,407,397,258,0,130,3,6,95802,94967,0,
2020-06-01,689,679,395,6,249,6,23,96491,95646,0,
2020-06-02,500,485,320,1,155,5,4,96991,96131,0,
2020-06-03,494,487,322,4,149,4,8,97485,96618,0,
2020-06-04,466,452,265,1,169,11,6,97951,97070,0,
2020-06-05,451,437,312,0,119,3,3,98402,97507,0,
2020-06-06,373,366,234,1,124,4,3,98775,97873,0,
2020-06-07,312,303,213,1,83,1,5,99087,98176,0,
2020-06-08,439,423,288,6,114,10,5,99526,98599,0,
2020-06-09,374,366,244,3,110,4,5,99900,98965,0,
2020-06-10,443,435,259,5,152,10,9,100343,99400,0,
2020-06-11,376,360,242,3,107,5,3,100719,99760,0,
2020-06-12,376,370,224,5,132,6,3,101095,100130,0,
2020-06-13,277,271,181,1,83,5,1,101372,100401,0,
2020-06-14,302,293,186,0,95,9,3,101674,100694,0,
2020-06-15,400,392,243,4,134,7,4,102074,101086,0,
2020-06-16,372,357,234,2,106,10,5,102446,101443,0,
2020-06-17,366,356,229,0,117,6,4,102812,101799,0,
2020-06-18,329,317,198,1,110,4,4,103141,102116,0,
2020-06-19,337,334,231,0,88,11,4,103478,102450,0,
2020-06-20,287,279,186,0,84,8,1,103765,102729,0,
2020-06-21,271,268,176,0,85,4,3,104036,102997,0,
2020-06-22,326,317,211,2,96,4,4,104362,103314,0,
2020-06-23,329,325,219,2,91,6,7,104691,103639,0,
2020-06-24,289,285,183,2,87,9,4,104980,103924,0,
2020-06-25,471,461,326,2,122,5,6,105451,104385,0,
2020-06-26,281,270,170,0,83,11,6,105732,104655,0,
2020-06-27,254,247,165,1,71,7,3,105986,104902,0,
2020-06-28,240,234,135,1,88,9,1,106226,105136,0,
2020-06-29,336,327,198,2,107,10,10,106562,105463,0,
2020-06-30,314,299,197,4,93,2,3,106876,105762,0,
2020-07-01,286,274,177,8,83,5,1,107162,106036,0,
2020-07-02,268,258,161,1,83,6,7,107430,106294,0,
2020-07-03,312,294,185,2,91,13,3,107742,106588,0,
2020-07-04,298,281,173,3,94,10,1,108040,106869,0,
2020-07-05,273,268,177,3,81,6,1,108313,107137,0,
2020-07-06,515,491,268,2,176,17,28,108828,107628,0,
2020-07-07,527,506,263,6,208,19,10,109355,108134,0,
2020-07-08,448,419,279,4,121,10,5,109803,108553,0,
2020-07-09,456,431,268,3,139,12,9,110259,108984,0,
2020-07-10,416,389,258,5,107,14,5,110675,109373,0,
2020-07-11,387,373,228,3,128,12,2,111062,109746,0,
2020-07-12,400,381,236,3,134,6,2,111462,110127,0,
2020-07-13,607,570,358,12,185,12,3,112069,110697,0,
2020-07-14,551,504,299,4,181,13,7,112620,111201,0,
2020-07-15,575,519,311,3,174,16,15,113195,111720,0,
2020-07-16,468,419,259,4,136,17,3,113663,112139,0,
2020-07-17,515,463,272,6,167,7,11,114178,112602,0,
2020-07-18,413,381,228,2,137,7,7,114591,112983,0,
2020-07-19,397,357,202,4,138,11,2,114988,113340,0,
2020-07-20,535,473,264,6,184,14,5,115523,113813,0,
2020-07-21,529,469,267,10,181,6,5,116052,114282,0,
2020-07-22,453,381,181,6,180,10,4,116505,114663,0,
2020-07-23,454,355,175,3,164,7,6,116959,115018,0,
2020-07-24,465,376,180,7,177,5,7,117424,115394,0,
2020-07-25,315,232,108,4,111,6,3,117739,115626,0,
2020-07-26,341,220,102,6,100,10,2,118080,115846,0,
2020-07-27,486,329,176,3,131,14,5,118566,116175,0,
2020-07-28,425,285,155,1,111,14,4,118991,116460,0,
2020-07-29,408,246,138,2,99,3,4,119399,116706,0,
2020-07-30,343,213,109,1,87,6,10,119742,116919,0,
2020-07-31,346,220,120,0,85,10,5,120088,117139,0,
2020-08-01,343,208,113,8,62,17,8,120431,117347,0,
2020-08-02,338,197,124,6,59,6,2,120769,117544,0,
2020-08-03,444,273,162,2,98,10,1,121213,117817,0,
2020-08-04,450,313,186,0,100,20,7,121663,118130,0,
2020-08-05,385,277,171,9,87,8,2,122048,118407,0,
2020-08-06,351,249,160,4,72,7,6,122399,118656,0,
2020-08-07,391,301,189,2,92,6,12,122790,118957,0,
2020-08-08,334,237,151,4,76,2,4,123124,119194,0,
2020-08-09,325,254,149,7,87,8,3,123449,119448,0,
2020-08-10,479,365,215,8,124,12,6,123928,119813,0,
2020-08-11,477,359,220,5,122,11,1,124405,120172,0,
2020-08-12,410,322,211,11,86,11,3,124815,120494,0,
2020-08-13,429,350,223,8,107,10,2,125244,120844,0,
2020-08-14,381,303,176,7,108,9,3,125625,121147,0,
2020-08-15,369,302,171,7,111,7,6,125994,121449,0,
2020-08-16,380,291,166,14,104,4,3,126374,121740,0,
2020-08-17,552,415,264,11,126,7,7,126926,122155,0,
2020-08-18,435,348,205,4,123,4,12,127361,122503,0,
2020-08-19,456,351,207,9,120,5,10,127817,122854,0,
2020-08-20,453,353,223,5,108,4,13,128270,123207,0,
2020-08-21,426,334,207,9,104,5,9,128696,123541,0,
2020-08-22,398,333,225,7,93,5,3,129094,123874,0,
2020-08-23,409,316,203,3,103,6,1,129503,124190,0,
2020-08-24,584,433,265,15,137,7,9,130087,124623,0,
2020-08-25,619,451,291,12,137,10,1,130706,125074,0,
2020-08-26,623,454,287,13,144,5,5,131329,125528,0,
2020-08-27,495,364,231,11,109,3,10,131824,125892,0,
2020-08-28,564,414,262,11,126,6,9,132388,126306,0,
2020-08-29,457,327,207,10,87,5,18,132845,126633,0,
2020-08-30,560,397,242,4,127,7,17,133405,127030,0,
2020-08-31,652,429,260,11,133,9,16,134057,127459,0,
2020-09-01,755,513,301,18,162,7,25,134812,127972,0,
2020-09-02,790,530,333,12,153,8,24,135602,128502,0,
2020-09-03,669,455,267,5,164,4,15,136271,128957,0,
2020-09-04,727,479,287,9,158,10,15,136998,129436,0,
2020-09-05,675,414,254,9,125,9,17,137673,129850,0,
2020-09-06,694,421,270,4,134,8,5,138367,130271,0,
2020-09-07,801,487,298,8,159,9,13,139168,130758,0,
2020-09-08,972,610,352,14,218,10,16,140140,131368,0,
2020-09-09,1022,625,374,12,215,4,20,141162,131993,0,
2020-09-10,1022,650,378,6,226,9,31,142184,132643,0,
2020-09-11,983,640,358,10,248,9,15,143167,133283,0,
2020-09-12,985,652,389,8,234,3,18,144152,133935,0,
2020-09-13,976,610,343,8,241,6,12,145128,134545,0,
2020-09-14,1275,800,477,14,275,7,27,146403,135345,0,
2020-09-15,1325,798,446,10,304,3,35,147728,136143,0,
2020-09-16,1372,815,493,22,271,4,25,149100,136958,0,
2020-09-17,1339,770,478,21,237,7,27,150439,137728,0,
2020-09-18,1431,803,517,8,241,1,36,151870,138531,0,
2020-09-19,1246,700,389,18,269,6,18,153116,139231,0,
2020-09-20,1371,759,418,12,283,9,37,154487,139990,0,
2020-09-21,1835,1009,558,15,375,5,56,156322,140999,0,
2020-09-22,1882,960,522,13,366,8,51,158204,141959,0,
2020-09-23,1941,1003,555,13,343,2,90,160145,142962,0,
2020-09-24,1969,981,522,10,355,2,92,162114,143943,0,
2020-09-25,2067,1060,563,20,371,9,97,164181,145003,0,
2020-09-26,1893,947,502,7,337,4,97,166074,145950,0,
2020-09-27,1979,963,475,10,351,6,121,168053,146913,0,
2020-09-28,2496,1197,623,15,423,3,133,170549,148110,0,
2020-09-29,2276,1124,550,23,405,3,143,172825,149234,0,
2020-09-30,2270,1121,560,15,434,1,111,175095,150355,0,
2020-10-01,2179,1104,579,9,412,9,95,177274,151459,0,
2020-10-02,2142,1077,544,17,403,9,104,179416,152536,0,
2020-10-03,1839,940,473,19,350,10,88,181255,153476,0,
2020-10-04,1860,920,509,14,315,4,78,183115,154396,0,
2020-10-05,2479,1262,674,19,454,5,110,185594,155658,0,
2020-10-06,2337,1264,678,31,422,10,123,187931,156922,0,
2020-10-07,2297,1260,687,20,436,9,108,190228,158182,0,
2020-10-08,2259,1192,657,14,405,10,106,192487,159374,0,
2020-10-09,2308,1247,653,18,457,7,112,194795,160621,0,
2020-10-10,2177,1339,682,17,552,7,81,196972,161960,0,
2020-10-11,1925,1117,605,17,396,5,94,198897,163077,0,
2020-10-12,2344,1339,716,19,501,8,95,201241,164416,0,
2020-10-13,2586,1522,866,22,518,9,107,203827,165938,0,
2020-10-14,2525,1522,879,26,509,7,101,206352,167460,0,
2020-10-15,2582,1421,845,24,443,10,99,208934,168881,0,
2020-10-16,2660,1596,893,19,575,4,105,211594,170477,0,
2020-10-17,2313,1386,819,25,431,6,105,213907,171863,0,
2020-10-18,2237,1379,805,12,459,12,91,216144,173242,0,
2020-10-19,2983,1890,1125,22,613,7,123,219127,175132,0,
2020-10-20,2832,1854,1097,27,569,9,152,221959,176986,0,
2020-10-21,2801,1743,1010,32,542,9,150,224760,178729,0,
2020-10-22,2799,1798,1089,21,559,2,127,227559,180527,0,
2020-10-23,2823,1811,1040,30,600,7,134,230382,182338,0,
2020-10-24,2642,1758,1033,33,530,10,152,233024,184096,0,
2020-10-25,2650,1685,1025,32,506,7,115,235674,185781,0,
2020-10-26,3389,2170,1260,22,684,11,193,239063,187951,0,
2020-10-27,3359,2216,1342,36,666,9,163,242422,190167,0,
2020-10-28,3631,2422,1414,36,765,9,198,246053,192589,0,
2020-10-29,3110,1990,1240,32,589,7,122,249163,194579,0,
2020-10-30,3539,2351,1331,43,814,9,154,252702,196930,0,
2020-10-31,3165,2160,1354,31,629,8,138,255867,199090,0,
2020-11-01,3459,2306,1377,33,740,8,148,259326,201396,0,
2020-11-02,4573,3044,1838,43,960,7,196,263899,204440,0,
2020-11-03,4503,3051,1787,33,939,15,277,268402,207491,0,
2020-11-04,4628,3073,1903,47,914,7,202,273030,210564,0,
2020-11-05,4543,3032,1753,34,956,8,281,277573,213596,0,
2020-11-06,4633,3088,1809,22,999,11,247,282206,216684,0,
2020-11-07,4329,2869,1537,17,1095,9,211,286535,219553,0,
2020-11-08,4033,2668,1451,13,1021,8,175,290568,222221,0,
2020-11-09,5303,3553,1826,25,1440,14,248,295871,225774,0,
2020-11-10,5145,3427,1731,18,1429,15,234,301016,229201,0,
2020-11-11,4948,3409,1817,26,1342,9,215,305964,232610,0,
2020-11-12,5076,3574,1711,18,1600,12,233,311040,236184,0,
2020-11-13,5192,3700,1778,16,1661,16,229,316232,239884,0,
2020-11-14,4540,3401,1694,10,1507,13,177,320772,243285,0,
2020-11-15,4473,3302,1631,22,1483,18,148,325245,246587,0,
2020-11-16,5629,4089,2041,17,1832,22,177,330874,250676,0,
2020-11-17,5451,3984,1903,19,1798,14,250,336325,254660,0,
2020-11-18,5665,4189,2100,26,1851,12,200,341990,258849,0,
2020-11-19,5515,3975,1867,23,1858,16,211,347505,262824,0,
2020-11-20,5544,4138,1973,30,1910,15,210,353049,266962,0,
2020-11-21,5083,3794,1829,22,1759,15,169,358132,270756,0,
2020-11-22,4853,3521,1750,25,1547,22,177,362985,274277,0,
2020-11-23,6344,4578,2258,34,2028,16,242,369329,278855,0,
2020-11-24,6247,4601,2190,29,2107,11,264,375576,283456,0,
2020-11-25,6406,4684,2187,27,2139,15,316,381982,288140,0,
2020-11-26,6116,4538,2137,29,2155,18,199,388098,292678,0,
2020-11-27,6261,4529,2092,34,2166,19,218,394359,297207,0,
2020-11-28,5600,4083,2003,23,1761,15,281,399959,301290,0,
2020-11-29,5416,3850,1720,31,1851,15,233,405375,305140,0,
2020-11-30,6917,4910,2301,37,2278,21,273,412292,310050,0,
2020-12-01,6795,4809,2342,20,2181,7,259,419087,314859,0,
2020-12-02,6713,4800,2142,36,2346,14,262,425800,319659,0,
2020-12-03,6707,4696,2194,32,2159,18,293,432507,324355,0,
2020-12-04,6808,4805,2206,39,2274,10,276,439315,329160,0,
2020-12-05,5842,4078,1840,38,1938,11,251,445157,333238,0,
2020-12-06,5821,3997,1920,33,1752,31,261,450978,337235,0,
2020-12-07,7662,5293,2520,47,2353,27,346,458640,342528,0,
2020-12-08,7191,4885,2272,37,2196,17,363,465831,347413,0,
2020-12-09,6925,4732,2223,30,2083,19,377,472756,352145,0,
2020-12-10,6870,4634,2106,45,2110,24,349,479626,356779,0,
2020-12-11,6850,4687,2125,48,2136,22,356,486476,361466,0,
2020-12-12,6181,4066,1876,42,1804,24,320,492657,365532,0,
2020-12-13,5537,3644,1739,25,1581,16,283,498194,369176,0,
2020-12-14,7695,5047,2310,37,2199,29,472,505889,374223,0,
2020-12-15,7226,4767,2138,33,2148,17,431,513115,378990,0,
2020-12-16,6898,4547,2104,45,1956,10,432,520013,383537,0,
2020-12-17,6668,4312,1900,34,1927,30,421,526681,387849,0,
2020-12-18,6930,4526,2027,53,1993,20,433,533611,392375,0,
2020-12-19,5920,3725,1782,41,1579,17,306,539531,396100,0,
2020-12-20,5915,3761,1843,29,1565,20,304,545446,399861,0,
2020-12-21,7578,4694,2229,41,1934,16,474,553024,404555,0,
2020-12-22,7151,4390,2170,41,1731,22,426,560175,408945,0,
2020-12-23,7406,4608,2282,49,1799,30,448,567581,413553,0,
2020-12-24,6898,4411,2139,44,1801,14,413,574479,417964,0,
2020-12-25,5723,3516,1847,51,1325,15,278,580202,421480,0,
2020-12-26,7622,4981,2581,58,1968,25,349,587824,426461,0,
2020-12-27,7591,4929,2691,69,1773,20,376,595415,431390,0,
2020-12-28,8959,5760,3034,52,2190,25,459,604374,437150,0,
2020-12-29,8186,5293,2848,72,1903,16,454,612560,442443,0,
2020-12-30,7886,5014,2680,59,1767,41,467,620446,447457,0,
2020-12-31,7479,4939,2629,57,1804,16,433,627925,452396,0,
2021-01-01,7148,4480,2400,40,1647,28,365,635073,456876,0,
2021-01-02,7557,5099,2777,69,1764,44,445,642630,461975,0,
2021-01-03,7348,4749,2580,60,1667,50,392,649978,466724,0,
2021-01-04,8957,5822,3126,67,2040,32,557,658935,472546,0,
2021-01-05,7854,5133,2819,63,1716,51,484,666789,477679,0,
2021-01-06,7759,4999,2672,59,1654,53,561,674548,482678,0,
2021-01-07,6904,4444,2386,51,1475,38,494,681452,487122,0,
2021-01-08,6777,4428,2367,57,1467,41,496,688229,491550,0,
2021-01-09,5999,3876,2075,52,1302,40,407,694228,495426,0,
2021-01-10,5593,3662,1954,57,1243,29,379,699821,499088,0,
2021-01-11,6896,4591,2521,58,1473,37,502,706717,503679,0,
2021-01-12,6101,4015,2177,70,1287,29,452,712818,507694,0,
2021-01-13,6108,4026,2119,48,1341,33,485,718926,511720,0,
2021-01-14,5664,3819,2087,43,1216,28,445,724590,515539,0,
2021-01-15,6027,3895,2092,40,1332,30,401,730617,519434,0,
2021-01-16,4727,3164,1693,36,1123,20,292,735344,522598,0,
2021-01-17,4486,2977,1595,36,979,37,330,739830,525575,0,
2021-01-18,5680,3777,2011,38,1219,31,478,745510,529352,0,
2021-01-19,5235,3463,1836,46,1112,12,457,750745,532815,0,
2021-01-20,5064,3364,1840,54,1080,24,366,755809,536179,0,
2021-01-21,4792,3192,1711,28,1027,26,400,760601,539371,0,
2021-01-22,4533,3069,1681,39,1018,18,313,765134,542440,0,
2021-01-23,3955,2661,1445,43,870,15,288,769089,545101,0,
2021-01-24,3525,2351,1276,26,789,11,249,772614,547452,0,
2021-01-25,4654,3029,1633,36,948,18,394,777268,550481,0,
2021-01-26,4110,2667,1441,38,832,10,346,781378,553148,0,
2021-01-27,4219,2803,1551,28,887,15,322,785597,555951,0,
2021-01-28,3903,2502,1344,29,845,17,267,789500,558453,0,
2021-01-29,3797,2447,1312,38,850,14,233,793297,560900,0,
2021-01-30,3162,2090,1095,23,732,10,230,796459,562990,0,
2021-01-31,2880,1888,1066,23,602,18,179,799339,564878,0,
2021-02-01,4131,2708,1398,21,895,15,379,803470,567586,0,
2021-02-02,3628,2374,1299,32,778,14,251,807098,569960,0,
2021-02-03,3545,2320,1266,21,783,10,240,810643,572280,0,
2021-02-04,3341,2194,1184,26,727,14,243,813984,574474,0,
2021-02-05,3368,2211,1163,25,765,16,242,817352,576685,0,
2021-02-06,2799,1886,1060,17,670,7,132,820151,578571,0,
2021-02-07,2651,1768,998,24,596,13,137,822802,580339,0,
2021-02-08,3514,2337,1342,18,743,9,225,826316,582676,0,
2021-02-09,3240,2109,1205,27,686,13,178,829556,584785,0,
2021-02-10,3300,2249,1337,28,744,5,135,832856,587034,0,
2021-02-11,2905,1964,1197,23,602,7,135,835761,588998,0,
2021-02-12,3124,2091,1209,21,682,7,172,838885,591089,0,
2021-02-13,2678,1910,1155,17,579,4,155,841563,592999,0,
2021-02-14,2543,1733,1052,16,551,21,93,844106,594732,0,
2021-02-15,3064,2040,1242,33,631,7,127,847170,596772,0,
2021-02-16,3022,2115,1277,26,638,13,161,850192,598887,0,
2021-02-17,3111,2151,1315,29,627,8,172,853303,601038,0,
2021-02-18,3036,2128,1287,31,603,7,200,856339,603166,0,
2021-02-19,3000,2105,1252,24,658,5,166,859339,605271,0,
2021-02-20,2746,1906,1147,25,598,12,124,862085,607177,0,
2021-02-21,2530,1798,1052,14,596,10,126,864615,608975,0,
2021-02-22,3226,2227,1321,15,689,6,196,867841,611202,0,
2021-02-23,3027,2154,1314,11,669,4,156,870868,613356,0,
2021-02-24,3122,2161,1335,18,634,7,167,873990,615517,0,
2021-02-25,2850,2023,1235,15,618,4,151,876840,617540,0,
2021-02-26,2943,2099,1301,18,610,10,160,879783,619639,0,
2021-02-27,2717,2009,1229,11,600,14,155,882500,621648,0,
2021-02-28,2662,1956,1195,20,591,9,141,885162,623604,0,
2021-03-01,3529,2546,1499,19,806,8,214,888691,626150,0,
2021-03-02,3138,2292,1415,22,675,7,173,891829,628442,0,
2021-03-03,3318,2383,1481,18,712,15,157,895147,630825,0,
2021-03-04,2896,2174,1319,21,672,16,146,898043,632999,0,
2021-03-05,3231,2402,1517,21,692,4,168,901274,635401,0,
2021-03-06,2826,2117,1308,5,634,13,157,904100,637518,0,
2021-03-07,2714,2024,1212,13,660,9,130,906814,639542,0,
2021-03-08,3566,2672,1635,13,798,20,206,910380,642214,0,
2021-03-09,3379,2576,1588,24,749,11,204,913759,644790,0,
2021-03-10,3688,2805,1733,22,802,18,230,917447,647595,0,
2021-03-11,3304,2479,1524,14,720,19,202,920751,650074,0,
2021-03-12,3416,2622,1584,10,781,16,231,924167,652696,0,
2021-03-13,3177,2436,1538,10,719,10,159,927344,655132,0,
2021-03-14,3080,2288,1388,11,710,26,153,930424,657420,0,
2021-03-15,4172,3315,2013,12,1043,18,229,934596,660735,0,
2021-03-16,4031,3125,1944,11,932,13,225,938627,663860,0,
2021-03-17,4426,3532,2253,8,1033,21,217,943053,667392,0,
2021-03-18,4019,3180,2046,11,906,17,200,947072,670572,0,
2021-03-19,4377,3432,2090,12,1073,20,237,951449,674004,0,
2021-03-20,4199,3313,2015,11,1077,8,202,955648,677317,0,
2021-03-21,4215,3332,1981,16,1083,31,221,959863,680649,0,
2021-03-22,5357,4147,2466,19,1362,14,286,965220,684796,0,
2021-03-23,5597,4331,2506,24,1464,25,312,970817,689127,0,
2021-03-24,5643,4481,2711,21,1405,30,314,976460,693608,0,
2021-03-25,5251,4086,2417,17,1329,19,304,981711,697694,0,
2021-03-26,5692,4497,2656,22,1436,25,358,987403,702191,0,
2021-03-27,5396,4233,2502,22,1426,13,270,992799,706424,0,
2021-03-28,5455,4248,2508,17,1413,30,280,998254,710672,0,
2021-03-29,6706,5300,3110,14,1790,23,363,1004960,715972,0,
2021-03-30,6749,5267,3118,21,1746,31,351,1011709,721239,0,
2021-03-31,6829,5414,3191,30,1820,19,354,1018538,726653,0,
2021-04-01,7890,6355,3568,36,2168,18,565,1026428,733008,0,
2021-04-02,7178,5697,3357,33,1843,17,447,1033606,738705,0,
2021-04-03,7180,5659,3343,32,1748,16,520,1040786,744364,0,
2021-04-04,7411,5879,3423,29,1933,22,472,1048197,750243,0,
2021-04-05,9614,7701,4384,39,2580,35,663,1057811,757944,0,
2021-04-06,9625,7729,4454,49,2493,25,708,1067436,765673,0,
2021-04-07,9661,7771,4474,42,2512,28,715,1077097,773444,0,
2021-04-08,9022,7254,4111,38,2334,22,749,1086119,780698,0,
2021-04-09,9029,7251,3989,39,2426,42,755,1095148,787949,0,
2021-04-10,8580,7009,3883,41,2340,32,713,1103728,794958,0,
2021-04-11,7839,6342,3504,32,2154,28,624,1111567,801300,0,
2021-04-12,9309,7495,4287,40,2340,37,791,1120876,808795,0,
2021-04-13,8694,7072,4003,30,2266,29,744,1129570,815867,0,
2021-04-14,8829,7207,4056,37,2232,34,848,1138399,823074,0,
2021-04-15,8098,6689,3807,29,2051,20,782,1146497,829763,0,
2021-04-16,8329,6914,3891,23,2282,28,690,1154826,836677,0,
2021-04-17,7912,6594,3756,35,2073,26,704,1162738,843271,0,
2021-04-18,7224,6055,3397,26,1969,33,630,1169962,849326,0,
2021-04-19,8784,7343,4146,34,2335,44,784,1178746,856669,0,
2021-04-20,8304,6974,4084,27,2163,32,668,1187050,863643,0,
2021-04-21,8225,6988,4055,28,2201,56,648,1195275,870631,0,
2021-04-22,7653,6479,3749,18,2065,58,589,1202928,877110,0,
2021-04-23,8085,6916,3981,33,2147,51,704,1211013,884026,0,
2021-04-24,7290,6129,3592,21,1930,23,563,1218303,890155,0,
2021-04-25,6784,5690,3366,21,1801,34,468,1225087,895845,0,
2021-04-26,8225,6936,4046,27,2164,47,652,1233312,902781,0,
2021-04-27,7679,6479,3874,20,1938,20,627,1240991,909260,0,
2021-04-28,8161,6888,4027,26,2114,24,697,1249152,916148,0,
2021-04-29,7154,6015,3585,21,1773,12,624,1256306,922163,0,
2021-04-30,7407,6285,3670,24,1877,40,674,1263713,928448,0,
2021-05-01,7052,6054,3563,18,1947,18,508,1270765,934502,0,
2021-05-02,6156,5255,3213,27,1567,12,436,1276921,939757,0,
2021-05-03,7563,6379,3852,26,1999,20,482,1284484,946136,0,
2021-05-04,6908,5798,3614,22,1745,25,392,1291392,951934,0,
2021-05-05,6782,5758,3537,27,1783,22,389,1298174,957692,0,
2021-05-06,6192,5168,3196,11,1569,14,378,1304366,962860,0,
2021-05-07,6312,5269,3259,19,1630,22,339,1310678,968129,0,
2021-05-08,5642,4749,2938,25,1490,10,286,1316320,972878,0,
2021-05-09,5034,4239,2689,20,1311,6,213,1321354,977117,0,
2021-05-10,6349,5237,3183,26,1649,19,360,1327703,982354,0,
2021-05-11,5512,4563,2802,26,1405,7,323,1333215,986917,0,
2021-05-12,5470,4539,2818,18,1435,7,261,1338685,991456,0,
2021-05-13,4977,4112,2594,18,1252,12,236,1343662,995568,0,
2021-05-14,4919,4059,2464,11,1297,10,277,1348581,999627,0,
2021-05-15,4323,3551,2169,9,1135,11,227,1352904,1003178,0,
2021-05-16,3831,3138,1891,6,1058,11,172,1356735,1006316,0,
2021-05-17,4561,3715,2241,9,1147,13,305,1361296,1010031,0,
2021-05-18,4103,3298,1977,11,1038,7,265,1365399,1013329,0,
2021-05-19,3718,3000,1847,14,943,4,192,1369117,1016329,0,
2021-05-20,3496,2831,1708,8,868,7,240,1372613,1019160,0,
2021-05-21,3281,2651,1613,7,807,8,216,1375894,1021811,0,
2021-05-22,2660,2181,1335,8,700,4,134,1378554,1023992,0,
2021-05-23,2329,1863,1127,1,618,3,114,1380883,1025855,0,
2021-05-24,2436,1953,1186,6,642,2,117,1383319,1027808,0,
2021-05-25,2707,2165,1371,1,649,7,137,1386026,1029973,0,
2021-05-26,2432,1939,1236,7,588,4,104,1388458,1031912,0,
2021-05-27,2253,1807,1174,6,530,5,92,1390711,1033719,0,
2021-05-28,2116,1701,1104,8,496,6,87,1392827,1035420,0,
2021-05-29,1695,1348,843,1,425,6,73,1394522,1036768,0,
2021-05-30,1555,1249,814,6,372,7,50,1396077,1038017,0,
2021-05-31,1985,1591,1060,1,452,6,72,1398062,1039608,0,
2021-06-01,1859,1519,943,8,473,9,86,1399921,1041127,0,
2021-06-02,1751,1401,923,3,416,2,57,1401672,1042528,0,
2021-06-03,1516,1218,802,5,344,4,63,1403188,1043746,0,
2021-06-04,1499,1173,757,3,342,5,66,1404687,1044919,0,
2021-06-05,1237,998,650,3,296,6,43,1405924,1045917,0,
2021-06-06,1103,872,579,0,255,3,35,1407027,1046789,0,
2021-06-07,1474,1152,775,3,318,5,51,1408501,1047941,0,
2021-06-08,1225,957,600,2,292,8,55,1409726,1048898,0,
2021-06-09,1209,956,647,6,230,6,67,1410935,1049854,0,
2021-06-10,1199,928,645,6,215,9,53,1412134,1050782,0,
2021-06-11,1065,820,531,1,226,9,53,1413199,1051602,0,
2021-06-12,918,717,462,4,185,9,57,1414117,1052319,0,
2021-06-13,770,608,377,2,182,3,44,1414887,1052927,0,
2021-06-14,1061,792,519,3,220,12,38,1415948,1053719,0,
2021-06-15,928,696,477,0,186,6,27,1416876,1054415,0,
2021-06-16,867,647,435,1,160,10,41,1417743,1055062,0,
2021-06-17,735,547,369,2,144,7,25,1418478,1055609,0,
2021-06-18,743,568,373,3,145,16,31,1419221,1056177,0,
2021-06-19,583,452,266,0,142,6,38,1419804,1056629,0,
2021-06-20,580,425,255,3,134,5,28,1420384,1057054,0,
2021-06-21,718,553,334,1,164,9,45,1421102,1057607,0,
2021-06-22,684,504,308,2,146,6,42,1421786,1058111,0,
2021-06-23,681,495,316,1,143,4,31,1422467,1058606,0,
2021-06-24,599,456,275,4,132,11,34,1423066,1059062,0,
2021-06-25,558,418,262,3,113,6,34,1423624,1059480,0,
2021-06-26,484,357,212,3,112,8,22,1424108,1059837,0,
2021-06-27,451,319,184,1,99,4,31,1424559,1060156,0,
2021-06-28,572,415,243,1,122,9,40,1425131,1060571,0,
2021-06-29,504,351,174,2,117,12,46,1425635,1060922,0,
2021-06-30,494,386,216,4,109,12,45,1426129,1061308,0,
2021-07-01,430,292,167,2,92,11,20,1426559,1061600,0,
2021-07-02,448,323,172,0,103,8,40,1427007,1061923,0,
2021-07-03,444,338,182,2,116,18,20,1427451,1062261,0,
2021-07-04,421,302,160,2,114,4,22,1427872,1062563,0,
2021-07-05,535,367,214,3,118,7,25,1428407,1062930,0,
2021-07-06,512,360,212,4,116,10,18,1428919,1063290,0,
2021-07-07,451,314,173,4,109,12,16,1429370,1063604,0,
2021-07-08,375,256,140,3,87,12,14,1429745,1063860,0,
2021-07-09,393,274,135,2,99,14,24,1430138,1064134,,
2021-07-10,362,267,141,2,100,15,9,1430500,1064401,,
2021-07-11,363,250,126,0,91,18,15,1430863,1064651,,
2021-07-12,496,365,192,1,140,12,20,1431359,1065016,,
2021-07-13,448,313,159,0,119,10,25,1431807,1065329,,
2021-07-14,510,353,177,0,122,33,21,1432317,1065682,,
2021-07-15,447,306,156,1,116,16,17,1432764,1065988,,
2021-07-16,489,350,183,6,125,16,20,1433253,1066338,,
2021-07-17,427,301,155,7,116,14,9,1433680,1066639,,
2021-07-18,506,355,172,7,144,16,16,1434186,1066994,,
2021-07-19,636,465,225,4,206,16,14,1434822,1067459,,
2021-07-20,715,521,258,10,228,12,13,1435537,1067980,,
2021-07-21,697,508,240,5,234,18,11,1436234,1068488,,
2021-07-22,634,451,230,9,185,14,13,1436868,1068939,,
2021-07-23,702,524,272,4,198,16,34,1437570,1069463,,
2021-07-24,656,496,290,4,176,15,11,1438226,1069959,,
2021-07-25,773,573,295,11,234,18,15,1438999,1070532,,
2021-07-26,1043,790,405,5,332,24,24,1440042,1071322,,
2021-07-27,985,738,403,10,290,12,23,1441027,1072060,,
2021-07-28,982,722,381,10,283,24,24,1442009,1072782,,
2021-07-29,971,700,365,11,286,20,18,1442980,1073482,,
2021-07-30,971,691,370,11,264,17,29,1443951,1074173,,
2021-07-31,1006,757,373,9,326,24,25,1444957,1074930,,
2021-08-01,1209,898,478,18,352,25,25,1446166,1075828,,
2021-08-02,1552,1073,488,19,504,28,34,1447718,1076901,,
2021-08-03,1782,1280,626,17,550,27,60,1449500,1078181,,
2021-08-04,1753,1243,603,21,550,19,50,1451253,1079424,,
2021-08-05,1714,1174,609,15,494,23,33,1452967,1080598,,
2021-08-06,1673,1105,535,13,485,21,51,1454640,1081703,,
2021-08-07,1719,1246,630,11,535,25,45,1456359,1082949,,
2021-08-08,1804,1292,666,23,540,20,43,1458163,1084241,,
2021-08-09,2242,1623,817,23,700,22,61,1460405,1085864,,
2021-08-10,2436,1783,854,27,787,41,74,1462841,1087647,,
2021-08-11,2355,1714,833,28,765,24,64,1465196,1089361,,
2021-08-12,2124,1538,762,26,665,34,51,1467320,1090899,,
2021-08-13,2141,1545,785,15,645,38,62,1469461,1092444,,
2021-08-14,2188,1635,838,25,686,28,58,1471649,1094079,,
2021-08-15,2269,1656,850,23,717,16,50,1473918,1095735,,
2021-08-16,3049,2247,1063,31,1045,32,76,1476967,1097982,,
2021-08-17,3015,2190,1072,31,981,29,77,1479982,1100172,,
2021-08-18,3000,2187,1045,35,1002,22,83,1482982,1102359,,
2021-08-19,2764,1985,967,18,902,27,71,1485746,1104344,,
2021-08-20,2867,2147,1014,22,1012,19,80,1488613,1106491,,
2021-08-21,2749,2097,948,15,1030,24,80,1491362,1108588,,
2021-08-22,2933,2216,940,21,1167,24,64,1494295,1110804,,
2021-08-23,3753,2760,1065,13,1554,32,96,1498048,1113564,,
2021-08-24,3777,2771,1036,8,1607,29,91,1501825,1116335,,
2021-08-25,3746,2715,977,6,1629,18,85,1505571,1119050,,
2021-08-26,3396,2483,954,5,1424,20,80,1508967,1121533,,
2021-08-27,3658,2621,916,6,1569,19,111,1512625,1124154,,
2021-08-28,3301,2454,913,8,1435,26,72,1515926,1126608,,
2021-08-29,3272,2415,840,6,1472,21,76,1519198,1129023,,
2021-08-30,4100,2914,1028,11,1767,23,85,1523298,1131937,,
2021-08-31,4065,2874,937,10,1824,17,86,1527363,1134811,,
2021-09-01,4467,3198,1089,6,1988,20,95,1531830,1138009,,
2021-09-02,3917,2808,998,4,1715,14,77,1535747,1140817,,
2021-09-03,4193,3028,1058,7,1844,25,94,1539940,1143845,,
2021-09-04,3660,2720,932,6,1716,17,49,1543600,1146565,,
2021-09-05,3591,2612,862,4,1681,10,55,1547191,1149177,,
2021-09-06,4043,2951,980,8,1872,10,81,1551234,1152128,,
2021-09-07,4885,3428,1180,4,2123,11,110,1556119,1155556,,
2021-09-08,4838,3365,1153,6,2106,16,84,1560957,1158921,,
2021-09-09,4459,3074,1052,6,1911,23,82,1565416,1161995,,
2021-09-10,4526,3180,1084,10,2012,11,63,1569942,1165175,,
2021-09-11,3812,2743,935,5,1719,10,74,1573754,1167918,,
2021-09-12,3769,2704,956,4,1660,11,73,1577523,1170622,,
2021-09-13,5015,3426,1183,6,2139,14,84,1582538,1174048,,
2021-09-14,4616,3222,1117,8,1965,24,108,1587154,1177270,,
2021-09-15,4594,3238,1168,7,1948,14,101,1591748,1180508,,
2021-09-16,4290,3075,1136,1,1841,8,89,1596038,1183583,,
2021-09-17,4458,3133,1153,3,1862,7,108,1600496,1186716,,
2021-09-18,3815,2801,1052,3,1653,15,78,1604311,1189517,,
2021-09-19,3662,2747,956,12,1697,8,74,1607973,1192264,,
2021-09-20,4927,3590,1326,4,2139,14,107,1612900,1195854,,
2021-09-21,4586,3303,1208,5,1988,11,91,1617486,1199157,,
2021-09-22,4342,3230,1253,7,1877,10,83,1621828,1202387,,
2021-09-23,4157,3013,1204,4,1718,18,69,1625985,1205400,,
2021-09-24,4235,3162,1189,8,1846,8,111,1630220,1208562,,
2021-09-25,3491,2672,1016,3,1582,6,65,1633711,1211234,,
2021-09-26,3587,2745,1054,6,1609,12,64,1637298,1213979,,
2021-09-27,4441,3198,1237,6,1854,14,87,1641739,1217177,,
2021-09-28,3814,2737,1088,7,1553,15,74,1645553,1219914,,
2021-09-29,3928,2848,1159,3,1597,18,71,1649481,1222762,,
2021-09-30,3300,2472,957,3,1446,10,56,1652781,1225234,,
2021-10-01,3693,2612,1038,0,1489,13,72,1656474,1227846,,
2021-10-02,2953,2170,904,2,1200,10,54,1659427,1230016,,
2021-10-03,2854,2042,872,4,1097,15,54,1662281,1232058,,
2021-10-04,3754,2589,1048,6,1451,15,69,1666035,1234647,,
2021-10-05,3461,2347,997,4,1263,10,73,1669496,1236994,,
2021-10-06,3279,2251,991,4,1193,5,58,1672775,1239245,,
2021-10-07,2957,1994,867,3,1039,9,76,1675732,1241239,,
2021-10-08,3116,2095,850,5,1163,11,66,1678848,1243334,,
2021-10-09,2658,1848,795,2,988,10,53,1681506,1245182,,
2021-10-10,2390,1713,746,2,906,10,49,1683896,1246895,,
2021-10-11,2615,1791,758,2,965,15,51,1686511,1248686,,
2021-10-12,3096,2067,870,2,1110,14,71,1689607,1250753,,
2021-10-13,2977,1968,898,0,1010,12,48,1692584,1252721,,
2021-10-14,2711,1843,786,4,992,11,50,1695295,1254564,,
2021-10-15,2620,1802,770,2,961,10,59,1697915,1256366,,
2021-10-16,2221,1606,701,0,856,10,39,1700136,1257972,,
2021-10-17,2132,1532,670,2,802,10,48,1702268,1259504,,
2021-10-18,2667,1840,827,1,940,14,58,1704935,1261344,,
2021-10-19,2344,1580,696,2,817,13,52,1707279,1262924,,
2021-10-20,2438,1681,756,4,856,8,57,1709717,1264605,,
2021-10-21,2257,1536,733,0,734,10,59,1711974,1266141,,
2021-10-22,2267,1596,712,4,818,4,58,1714241,1267737,,
2021-10-23,1877,1313,583,2,669,5,54,1716118,1269050,,
2021-10-24,1995,1414,618,2,738,9,47,1718113,1270464,,
2021-10-25,2497,1703,782,2,851,21,47,1720610,1272167,,
2021-10-26,2313,1575,727,1,764,17,66,1722923,1273742,,
2021-10-27,2305,1553,717,3,770,12,51,1725228,1275295,,
2021-10-28,2246,1486,702,1,709,9,65,1727474,1276781,,
2021-10-29,2240,1396,634,5,682,7,68,1729714,1278177,,
2021-10-30,2006,1334,631,1,635,16,51,1731720,1279511,,
2021-10-31,2054,1397,686,0,628,13,70,1733774,1280908,,
2021-11-01,2857,1954,882,4,954,11,103,1736631,1282862,,
2021-11-02,2708,1860,901,2,864,16,77,1739339,1284722,,
2021-11-03,2646,1891,881,1,879,22,108,1741985,1286613,,
2021-11-04,2557,1759,875,5,775,13,91,1744542,1288372,,
2021-11-05,2590,1760,869,3,777,15,96,1747132,1290132,,
2021-11-06,2363,1666,841,3,717,22,83,1749495,1291798,,
2021-11-07,2162,1442,712,2,629,14,85,1751657,1293240,,
2021-11-08,2794,1788,900,13,765,23,87,1754451,1295028,,
2021-11-09,2555,1628,876,7,640,21,84,1757006,1296656,,
2021-11-10,2644,1759,909,6,713,13,118,1759650,1298415,,
2021-11-11,2242,1476,744,2,632,20,78,1761892,1299891,,
2021-11-12,2451,1583,843,8,616,15,101,1764343,1301474,,
2021-11-13,2141,1462,797,4,576,12,73,1766484,1302936,,
2021-11-14,2191,1426,713,3,629,24,57,1768675,1304362,,
2021-11-15,2696,1740,957,4,681,15,83,1771371,1306102,,
2021-11-16,2561,1644,851,5,632,31,125,1773932,1307746,,
2021-11-17,2723,1749,881,1,720,33,114,1776655,1309495,,
2021-11-18,2414,1500,819,3,556,22,100,1779069,1310995,,
2021-11-19,2595,1622,827,3,646,25,121,1781664,1312617,,
2021-11-20,2276,1358,718,5,509,30,96,1783940,1313975,,
2021-11-21,2402,1474,787,5,577,19,86,1786342,1315449,,
2021-11-22,3144,1885,1015,2,700,29,139,1789486,1317334,,
2021-11-23,2924,1777,983,2,637,33,122,1792410,1319111,,
2021-11-24,2945,1769,954,6,649,25,135,1795355,1320880,,
2021-11-25,2675,1590,871,0,588,30,101,1798030,1322470,,
2021-11-26,2892,1691,875,5,618,22,171,1800922,1324161,,
2021-11-27,2553,1572,852,1,553,35,131,1803475,1325733,,
2021-11-28,2802,1622,857,1,565,45,154,1806277,1327355,,
2021-11-29,3523,1992,1025,2,728,63,174,1809800,1329347,,
2021-11-30,3356,1887,957,3,702,34,191,1813156,1331234,,
2021-12-01,3687,2045,1105,4,698,35,203,1816843,1333279,,
2021-12-02,3391,1903,954,4,669,40,236,1820234,1335182,,
2021-12-03,3740,2145,1102,5,733,37,268,1823974,1337327,,
2021-12-04,3165,1733,897,5,612,41,178,1827139,1339060,,
2021-12-05,3428,1941,1025,6,659,43,208,1830567,1341001,,
2021-12-06,4674,2634,1396,7,848,45,338,1835241,1343635,,
2021-12-07,4787,2683,1451,5,786,53,388,1840028,1346318,,
2021-12-08,4870,2816,1460,6,850,43,457,1844898,1349134,,
2021-12-09,4739,2610,1272,10,751,53,524,1849637,1351744,,
2021-12-10,5158,2956,1405,6,786,66,693,1854795,1354700,,
2021-12-11,5070,2993,1243,12,872,70,796,1859865,1357693,,
2021-12-12,6262,3738,1357,11,1066,81,1223,1866127,1361431,,
2021-12-13,9617,5663,1834,10,1494,123,2202,1875744,1367094,,
2021-12-14,10088,5809,1811,19,1477,104,2398,1885832,1372903,,
2021-12-15,10805,6047,1696,26,1339,91,2895,1896637,1378950,,
2021-12-16,11389,6216,1598,17,1251,102,3248,1908026,1385166,,
2021-12-17,14285,7888,1794,12,1678,120,4284,1922311,1393054,,
2021-12-18,14907,8480,1784,13,1815,104,4764,1937218,1401534,,
2021-12-19,18434,10333,1838,18,2523,113,5841,1955652,1411867,,
2021-12-20,29089,15941,2368,19,3669,137,9748,1984741,1427808,,
2021-12-21,30998,16021,2302,12,3491,107,10109,2015739,1443829,,
2021-12-22,31014,15088,1974,14,2900,103,10097,2046753,1458917,,
2021-12-23,30931,15614,1816,11,2814,71,10902,2077684,1474531,,
2021-12-24,27656,14496,1740,10,2682,76,9988,2105340,1489027,,
2021-12-25,22731,10691,1841,10,2592,71,6177,2128071,1499718,,
2021-12-26,31256,15313,2491,13,3494,65,9250,2159327,1515031,,
2021-12-27,43757,22469,2860,21,3911,82,15595,2203084,1537500,,
2021-12-28,51565,27161,2639,13,4723,69,19717,2254649,1564661,,
2021-12-29,54769,29857,2213,5,4726,57,22856,2309418,1594518,,
2021-12-30,51560,29159,1840,16,4276,63,22964,2360978,1623677,,
2021-12-31,38045,19212,1561,9,3855,58,13729,2399023,1642889,,
2022-01-01,25885,10729,1618,10,2489,66,6546,2424908,1653618,,
2022-01-02,31853,14994,1784,11,4332,72,8795,2456761,1668612,,
2022-01-03,43641,20273,2161,16,6550,85,11461,2500402,1688885,,
2022-01-04,42625,19505,1903,6,5909,84,11603,2543027,1708390,,
2022-01-05,37640,17406,1720,8,5049,77,10552,2580667,1725796,,
2022-01-06,30947,15482,1683,5,4681,68,9045,2611614,1741278,,
2022-01-07,28490,15599,1693,11,5096,58,8741,2640104,1756877,,
2022-01-08,20916,11693,1441,7,3570,58,6617,2661020,1768570,,
2022-01-09,20284,11524,1597,7,3497,72,6351,2681304,1780094,,
2022-01-10,28927,15381,1940,13,4416,64,8948,2710231,1795475,,
2022-01-11,26402,13893,1902,11,4313,56,7611,2736633,1809368,,
2022-01-12,24212,12406,1818,4,3913,50,6621,2760845,1821774,,
2022-01-13,21830,11663,1743,3,3986,54,5877,2782675,1833437,,
2022-01-14,20796,11554,1743,6,4204,42,5559,2803471,1844991,,
2022-01-15,15426,8679,1468,3,2950,52,4206,2818897,1853670,,
2022-01-16,14652,8543,1529,2,3256,59,3697,2833549,1862213,,
2022-01-17,18489,9775,1826,4,4122,50,3773,2852038,1871988,,
2022-01-18,18504,10197,1780,10,3435,46,4926,2870542,1882185,,
2022-01-19,17585,9348,1656,4,3093,43,4552,2888127,1891533,,
2022-01-20,15922,8641,1547,4,3123,29,3938,2904049,1900174,,
2022-01-21,14942,8177,1441,3,2929,42,3762,2918991,1908351,,
2022-01-22,11996,6983,1332,2,2711,36,2902,2930987,1915334,,
2022-01-23,11307,6490,1270,5,2601,34,2580,2942294,1921824,,
2022-01-24,15950,8803,1499,5,3431,39,3829,2958244,1930627,,
2022-01-25,14256,7677,1308,3,3195,31,3140,2972500,1938304,,
2022-01-26,13351,7004,1287,1,2858,34,2824,2985851,1945308,,
2022-01-27,12103,6059,1066,4,2505,32,2452,2997954,1951367,,
2022-01-28,11242,5478,1012,4,2084,24,2354,3009196,1956845,,
2022-01-29,8422,4372,853,2,1631,37,1849,3017618,1961217,,
2022-01-30,8338,4242,903,3,1580,32,1724,3025956,1965459,,
2022-01-31,11811,5353,1072,2,1795,27,2457,3037767,1970812,,
2022-02-01,10422,4534,174,0,145,1,1859,3048189,1975346,,
2022-02-02,9498,3648,43,0,31,0,1265,3057687,1978994,,
2022-02-03,8180,2941,565,0,819,13,1544,3065867,1981935,,
2022-02-04,7421,2545,415,1,630,9,1490,3073288,1984480,,
2022-02-05,4840,1560,259,1,362,6,932,3078128,1986040,,
2022-02-06,2807,1091,146,0,164,5,776,3080935,1987131,,
2022-02-07,2106,1278,85,0,78,0,1115,3083041,1988409,,
2022-02-08,184,68,0,0,11,0,57,3083225,1988477,,