"report_date","previous_day_total_doses_administered","previous_day_at_least_one","previous_day_fully_vaccinated","previous_day_3doses","total_doses_administered","total_individuals_at_least_one","total_individuals_partially_vaccinated","total_doses_in_fully_vaccinated_individuals","total_individuals_fully_vaccinated","total_individuals_3doses"
2021-01-01,6252,6242,2,,32206,32151,32140,22,11,
2021-01-02,4614,4602,6,,36820,36701,36688,26,13,
2021-01-03,5395,5388,3,,42215,42089,42073,32,16,
2021-01-04,5995,5993,0,,48210,48081,48066,30,15,
2021-01-05,9687,9662,21,,57897,57741,57706,70,35,
2021-01-06,12793,12328,450,,70690,70066,69584,964,482,
2021-01-07,16219,15508,697,,86909,85573,84394,2358,1179,
2021-01-08,18038,17023,1002,,104947,102596,100415,4362,2181,
2021-01-09,19500,18423,1064,,124447,121018,117773,6490,3245,
2021-01-10,11372,11332,38,,135819,132342,129059,6566,3283,
2021-01-11,11711,11661,48,,147530,144003,140672,6662,3331,
2021-01-12,14467,14160,298,,161997,158155,154526,7258,3629,
2021-01-13,15437,13813,1594,,177434,171954,166733,10442,5221,
2021-01-14,19192,16740,2436,,196626,188688,181032,15312,7656,
2021-01-15,20074,18016,2038,,216700,206693,196999,19388,9694,
2021-01-16,17119,15935,1171,,233819,222612,211747,21730,10865,
2021-01-17,11259,10015,1237,,245078,232612,220512,24200,12100,
2021-01-18,6794,6712,72,,251872,239301,227132,24338,12169,
2021-01-19,11829,9721,2094,,263701,249001,234738,28526,14263,
2021-01-20,10804,7215,3572,,274505,256193,238359,35668,17834,
2021-01-21,10975,6855,4092,,285480,263032,241106,43852,21926,
2021-01-22,9038,4321,4697,,294518,267316,240695,53242,26621,
2021-01-23,7460,3043,4389,,301978,270329,239320,62018,31009,
2021-01-24,4386,1829,2536,,306364,272140,238595,67090,33545,
2021-01-25,5322,1049,4264,,311686,273157,235349,75616,37808,
2021-01-26,9394,2867,6499,,321080,275992,231686,88612,44306,
2021-01-27,9898,2866,7004,,330978,278829,227520,102618,51309,
2021-01-28,13120,5743,7335,,344098,284539,225895,117288,58644,
2021-01-29,10697,3284,7379,,354795,287792,221770,132044,66022,
2021-01-30,9191,2730,6424,,363986,290480,218037,144886,72443,
2021-01-31,3383,1570,1768,,367369,292016,217806,148420,74210,
2021-02-01,2124,487,1609,,369493,292469,216654,151630,75815,
2021-02-02,4416,1363,2996,,373909,293794,214987,157614,78807,
2021-02-03,6236,1716,4458,,380145,295469,212211,166516,83258,
2021-02-04,9083,1712,7292,,389228,297138,206594,181088,90544,
2021-02-05,8446,1468,6904,,397674,298566,201124,194884,97442,
2021-02-06,10665,1869,8736,,408339,300380,194211,212338,106169,
2021-02-07,7576,1729,5796,,415915,302069,190116,223906,111953,
2021-02-08,8221,3096,5081,,424136,305117,188096,234042,117021,
2021-02-09,15010,3860,11082,,439146,308935,180848,256174,128087,
2021-02-10,15511,4932,10518,,454657,313815,175235,277160,138580,
2021-02-11,16366,3899,12409,,471023,317662,166704,301916,150958,
2021-02-12,17675,2098,15527,,488698,319721,153256,332930,166465,
2021-02-13,16213,2446,13752,,504911,322122,141924,360396,180198,
2021-02-14,12881,924,11925,,517792,322998,130905,384186,192093,
2021-02-15,7862,486,7328,,525654,323436,124041,398790,199395,
2021-02-16,5995,1042,4903,,531649,324435,120160,408550,204275,
2021-02-17,10168,1609,8525,,541817,326000,113228,425544,212772,
2021-02-18,13870,2955,10871,,555687,328907,105294,447226,223613,
2021-02-19,18490,6213,12210,,574177,335068,99276,471584,235792,
2021-02-20,22630,11133,11444,,596807,346138,98940,494396,247198,
2021-02-21,17241,10385,6822,,614048,356463,102485,507956,253978,
2021-02-22,13586,8759,4775,,627634,365153,106449,517408,258704,
2021-02-23,17867,11126,6670,,645501,376223,110885,530676,265338,
2021-02-24,18576,13611,4884,,664077,389778,119598,540360,270180,
2021-02-25,20810,16489,4264,,684887,406201,131805,548792,274396,
2021-02-26,24901,21836,3004,,709788,427977,150614,554726,277363,
2021-02-27,27464,23582,3840,,737252,451495,170340,562310,281155,
2021-02-28,20585,19144,1406,,757837,470585,188066,565038,282519,
2021-03-01,18227,17030,1148,,776064,487553,203933,567240,283620,
2021-03-02,24691,22280,2326,,800755,509772,223872,571800,285900,
2021-03-03,30598,27966,2578,,831353,537687,249242,576890,288445,
2021-03-04,34692,32462,2144,,866045,570083,279544,581078,290539,
2021-03-05,40000,38166,1785,,906045,608201,315911,584580,292290,
2021-03-06,44156,41948,2170,,950201,650094,355675,588838,294419,
2021-03-07,32734,31555,1175,,982935,681575,386039,591072,295536,
2021-03-08,24038,22162,1861,,1006973,703669,406326,594686,297343,
2021-03-09,33295,29844,3423,,1040268,733447,432727,601440,300720,
2021-03-10,38344,34081,4218,,1078612,767454,462564,609780,304890,
2021-03-11,43980,40707,3234,,1122592,808095,500023,616144,308072,
2021-03-12,47713,46001,1689,,1170305,854032,544321,619422,309711,
2021-03-13,57932,55056,2849,,1228237,909017,596511,625012,312506,
2021-03-14,43419,42179,1222,,1271656,951113,637453,627320,313660,
2021-03-15,32813,31115,1682,,1304469,982169,666870,630598,315299,
2021-03-16,53958,51659,2282,,1358427,1033763,716225,635076,317538,
2021-03-17,61066,58525,2497,,1419493,1092222,772237,639970,319985,
2021-03-18,61553,59095,2430,,1481046,1151245,828883,644724,322362,
2021-03-19,64475,61143,3274,,1545521,1212310,886727,651166,325583,
2021-03-20,62568,59978,2559,,1608089,1272232,944138,656188,328094,
2021-03-21,44003,42478,1538,,1652092,1314645,985050,659190,329595,
2021-03-22,31002,30035,978,,1683094,1344592,1014075,661034,330517,
2021-03-23,54623,51849,2723,,1737717,1396346,1063169,666354,333177,
2021-03-24,76432,73251,3133,,1814149,1469507,1133254,672506,336253,
2021-03-25,82916,80335,2534,,1897065,1549763,1211033,677460,338730,
2021-03-26,87015,83485,3490,,1984080,1633167,1290999,684336,342168,
2021-03-27,80864,77910,2868,,2064944,1710974,1366003,689942,344971,
2021-03-28,66997,65407,1555,,2131941,1776291,1429822,692938,346469,
2021-03-29,51739,49049,2651,,2183680,1825260,1476186,698148,349074,
2021-03-30,73585,70173,3350,,2257265,1895356,1542973,704766,352383,
2021-03-31,93154,89502,3586,,2350419,1984760,1628844,711832,355916,
2021-04-01,89318,85439,3840,,2439737,2070101,1710398,719406,359703,
2021-04-02,93088,88862,4210,,2532825,2158877,1795016,727722,363861,
2021-04-03,61009,59329,1736,,2593834,2218115,1852569,731092,365546,
2021-04-04,72330,70677,1650,,2666164,2288681,1921543,734276,367138,
2021-04-05,53731,53260,470,,2719895,2341857,1974297,735120,367560,
2021-04-06,79581,77713,1887,,2799476,2419468,2050075,738786,369393,
2021-04-07,108010,104944,3055,,2907486,2524287,2151897,744780,372390,
2021-04-08,114078,110105,4027,,3021564,2634281,2257920,752722,376361,
2021-04-09,109849,105622,4298,,3131413,2739785,2359191,761188,380594,
2021-04-10,109241,105479,3852,,3240654,2845136,2460756,768760,384380,
2021-04-11,98629,95511,3259,,3339283,2940522,2552942,775160,387580,
2021-04-12,76068,75004,1157,,3415351,3015378,2626709,777338,388669,
2021-04-13,99474,96090,3401,,3514825,3111359,2719337,784044,392022,
2021-04-14,117050,113285,3650,,3631875,3224526,2828894,791264,395632,
2021-04-15,113559,109503,3898,,3745434,3333903,2934430,798946,399473,
2021-04-16,118089,113715,4194,,3863523,3447508,3043885,807246,403623,
2021-04-17,112421,107830,4451,,3975944,3555204,3147189,816030,408015,
2021-04-18,88746,86509,2102,,4064690,3641590,3231527,820126,410063,
2021-04-19,68975,67441,1453,,4133665,3708901,3297436,822930,411465,
2021-04-20,102112,98788,3119,,4235777,3807527,3393008,829038,414519,
2021-04-21,142050,137772,4042,,4377827,3945125,3526632,836986,418493,
2021-04-22,139503,135352,3910,,4517330,4080348,3658001,844694,422347,
2021-04-23,138218,131797,6174,,4655548,4211991,3783528,856926,428463,
2021-04-24,130294,126232,3887,,4785842,4338075,3905781,864588,432294,
2021-04-25,102019,98608,3179,,4887861,4436535,4001129,870812,435406,
2021-04-26,71007,69301,1558,,4958868,4505705,4068801,873808,436904,
2021-04-27,98514,95424,2897,,5057382,4600968,4161230,879476,439738,
2021-04-28,120580,115953,4434,,5177962,4716753,4272653,888200,444100,
2021-04-29,124486,119291,5046,,5302448,4835877,4386800,898154,449077,
2021-04-30,115824,110568,5014,,5418272,4946272,4492258,908028,454014,
2021-05-01,111303,107433,3649,,5529575,5053524,4595938,915172,457586,
2021-05-02,79143,76167,2863,,5608718,5129534,4669151,920766,460383,
2021-05-03,56793,55123,1597,,5665511,5184502,4722582,923840,461920,
2021-05-04,91930,88561,3281,,5757441,5272885,4807761,930248,465124,
2021-05-05,138003,133295,4620,,5895444,5406011,4936330,939362,469681,
2021-05-06,141836,136880,4817,,6037280,5542707,5068271,948872,474436,
2021-05-07,150289,145247,4837,,6187569,5687794,5208580,958428,479214,
2021-05-08,142469,137778,4440,,6330038,5825377,5341802,967150,483575,
2021-05-09,124811,121161,3481,,6454849,5946374,5459382,973984,486992,
2021-05-10,97807,95822,1881,,6552656,6042007,5553201,977612,488806,
2021-05-11,113540,108858,4494,,6666196,6150663,5657434,986458,493229,
2021-05-12,145050,138021,6881,,6811246,6288505,5788461,1000088,500044,
2021-05-13,142712,135320,7238,,6953958,6423650,5916442,1014416,507208,
2021-05-14,148869,138778,9920,,7102827,6562240,6045177,1034126,517063,
2021-05-15,159742,149694,9867,,7262569,6711747,6184892,1053710,526855,
2021-05-16,144360,136091,8062,,7406929,6847670,6312833,1069674,534837,
2021-05-17,114982,110884,3944,,7521911,6958365,6419660,1077410,538705,
2021-05-18,111336,100470,10664,,7633247,7058639,6509332,1098614,549307,
2021-05-19,149885,133472,16236,,7783132,7191959,6626490,1130938,565469,
2021-05-20,151574,131580,19777,,7934706,7323350,6738173,1170354,585177,
2021-05-21,165395,140888,24248,,8100101,7464057,6854709,1218696,609348,
2021-05-22,199445,172247,26970,,8299546,7636106,6999869,1272474,636237,
2021-05-23,139834,127465,12224,,8439380,7763393,7114994,1296798,648399,
2021-05-24,100298,93325,6828,,8539678,7856545,7201388,1310314,655157,
2021-05-25,90473,82987,7276,,8630151,7939369,7277003,1324732,662366,
2021-05-26,139787,113017,26506,,8769938,8052199,7363397,1377604,688802,
2021-05-27,152067,123047,28767,,8922005,8175089,7457589,1435000,717500,
2021-05-28,163872,132316,31249,,9085877,8307232,7558542,1497380,748690,
2021-05-29,153392,117130,36029,,9239269,8424212,7639549,1569326,784663,
2021-05-30,149725,119018,30479,,9388994,8543060,7727980,1630160,815080,
2021-05-31,99216,79822,19201,,9488210,8622712,7788495,1668434,834217,
2021-06-01,124205,90616,33250,,9612415,8713133,7845741,1734784,867392,
2021-06-02,145326,102159,42916,,9757741,8815111,7904872,1820478,910239,
2021-06-03,155374,99918,55175,,9913115,8914844,7949501,1930686,965343,
2021-06-04,181724,115539,65913,,10094839,9030184,7999016,2062336,1031168,
2021-06-05,172036,103439,68314,,10266875,9133425,8034028,2198794,1099397,
2021-06-06,163397,91872,71245,,10430272,9225119,8054547,2341144,1170572,
2021-06-07,119562,63056,56288,,10549834,9287978,8061193,2453570,1226785,
2021-06-08,161898,72454,89004,,10711732,9360243,8044534,2631418,1315709,
2021-06-09,181469,70810,110189,,10893201,9430876,8005059,2851634,1425817,
2021-06-10,185583,66426,118666,,11078784,9497099,7952707,3088784,1544392,
2021-06-11,204797,67521,136515,,11283581,9564434,7883609,3361650,1680825,
2021-06-12,199740,62682,136457,,11483321,9626934,7809744,3634380,1817190,
2021-06-13,190346,58894,130921,,11673667,9685653,7737622,3896062,1948031,
2021-06-14,137692,38699,98594,,11811359,9724156,7677636,4093040,2046520,
2021-06-15,189559,42622,146579,,12000918,9766559,7573557,4386004,2193002,
2021-06-16,206264,42437,163181,,12207182,9808800,7452720,4712160,2356080,
2021-06-17,210476,37945,171945,,12417658,9846530,7318597,5055866,2527933,
2021-06-18,217200,35362,181234,,12634858,9881702,7172627,5418150,2709075,
2021-06-19,215900,35502,179722,,12850758,9916998,7028313,5777370,2888685,
2021-06-20,186279,35573,150127,,13037037,9952373,6913669,6077408,3038704,
2021-06-21,120436,20830,99103,,13157473,9973008,6835293,6275430,3137715,
2021-06-22,204950,27525,176668,,13362423,10000339,6686065,6628548,3314274,
2021-06-23,230547,28636,201163,,13592970,10028775,6513446,7030658,3515329,
2021-06-24,227705,26678,200270,,13820675,10055257,6339768,7430978,3715489,
2021-06-25,251128,27995,222382,,14071803,10083050,6145298,7875504,3937752,
2021-06-26,261311,30013,230590,,14333114,10112837,5944636,8336402,4168201,
2021-06-27,205007,27790,176609,,14538121,10140445,5795745,8689400,4344700,
2021-06-28,199255,20957,177729,,14737376,10161204,5638900,9044608,4522304,
2021-06-29,250119,24496,224888,,14987495,10185459,5438421,9494076,4747038,
2021-06-30,275545,24178,250799,,15263040,10209434,5211726,9995416,4997708,
2021-07-01,271978,25312,246111,,15535018,10234528,4990848,10487360,5243680,
2021-07-02,144737,11594,132913,,15679755,10245948,4869457,10752982,5376491,
2021-07-03,216902,19934,196737,,15896657,10265660,4692581,11146158,5573079,
2021-07-04,196215,19452,176538,,16092872,10284926,4535428,11498996,5749498,
2021-07-05,148723,12446,136134,,16241595,10297182,4411678,11771008,5885504,
2021-07-06,220042,20000,199826,,16461637,10316966,4231782,12170368,6085184,
2021-07-07,246618,22968,223407,,16708255,10339708,4031265,12616886,6308443,
2021-07-08,231223,21367,209643,,16939478,10360869,3842918,13035902,6517951,
2021-07-09,227004,21513,205322,,17166482,10382180,3659039,13446282,6723141,
2021-07-10,209067,20541,188369,,17375549,10402517,3491144,13822746,6911373,
2021-07-11,171685,17588,153969,,17547234,10419904,3354709,14130390,7065195,
2021-07-12,123137,11445,111593,,17670371,10431160,3254509,14353302,7176651,
2021-07-13,178516,19032,159340,,17848887,10449970,3114134,14671672,7335836,
2021-07-14,180045,19306,160582,,18028932,10469061,2972806,14992510,7496255,
2021-07-15,167210,19586,147449,,18196142,10488436,2844896,15287080,7643540,
2021-07-16,169362,19912,149299,,18365504,10508146,2715460,15585372,7792686,
2021-07-17,173018,20271,152617,,18538522,10528168,2583057,15890222,7945111,
2021-07-18,133639,15938,117563,,18672161,10543922,2481396,16125052,8062526,
2021-07-19,91988,10421,81459,,18764149,10554130,2410320,16287620,8143810,
2021-07-20,133547,16955,116536,,18897696,10570845,2310675,16520340,8260170,
2021-07-21,140090,16988,123032,,19037786,10587618,2204578,16766080,8383040,
2021-07-22,125626,17651,107837,,19163412,10605045,2114345,16981400,8490700,
2021-07-23,120279,16995,103077,,19283691,10621799,2028221,17187156,8593578,
2021-07-24,126702,18335,108129,,19410393,10639931,1938387,17403088,8701544,
2021-07-25,103648,14868,88649,,19514041,10654575,1864563,17580024,8790012,
2021-07-26,66693,9889,56709,,19580734,10664246,1817706,17693080,8846540,
2021-07-27,92389,15319,76907,,19673123,10679304,1756074,17846460,8923230,
2021-07-28,93949,16469,77409,,19767072,10695538,1695090,18000896,9000448,
2021-07-29,89402,16704,72535,,19856474,10712010,1639215,18145590,9072795,
2021-07-30,84069,16105,67848,,19940543,10727887,1587432,18280910,9140455,
2021-07-31,83865,15731,67988,,20024408,10743400,1535147,18416506,9208253,
2021-08-01,61878,11323,50370,,20086286,10754497,1496065,18516864,9258432,
2021-08-02,42496,7420,34956,,20128782,10761719,1468497,18586444,9293222,
2021-08-03,33299,5958,27168,,20162081,10767444,1447264,18640360,9320180,
2021-08-04,61327,12376,48761,,20223408,10779585,1410842,18737486,9368743,
2021-08-05,59460,12550,46759,,20282868,10791927,1376589,18830676,9415338,
2021-08-06,56025,11858,43951,,20338893,10803525,1344465,18918120,9459060,
2021-08-07,62381,12137,50049,,20401274,10815401,1306510,19017782,9508891,
2021-08-08,48697,9277,39228,,20449971,10824450,1276536,19095828,9547914,
2021-08-09,30859,5937,24744,,20480830,10830173,1257702,19144942,9572471,
2021-08-10,49263,10513,38447,,20530093,10840406,1229734,19221344,9610672,
2021-08-11,48728,10767,37710,,20578821,10850926,1202760,19296332,9648166,
2021-08-12,49259,11204,37824,,20628080,10861879,1176098,19371562,9685781,
2021-08-13,49636,11734,37626,,20677716,10873372,1150176,19446392,9723196,
2021-08-14,51225,12135,38880,,20728941,10885257,1123405,19523704,9761852,
2021-08-15,41774,9855,31694,,20770715,10894910,1101536,19586748,9793374,
2021-08-16,26740,6186,20404,,20797455,10900873,1087292,19627162,9813581,
2021-08-17,40506,11059,29181,,20837961,10911682,1069146,19685072,9842536,
2021-08-18,41900,11972,29684,,20879861,10923412,1051402,19744020,9872010,
2021-08-19,45900,16538,29099,,20925761,10939699,1038813,19801772,9900886,
2021-08-20,46455,16297,29744,,20972216,10955740,1025339,19860802,9930401,
2021-08-21,47958,15150,32440,,21020174,10970630,1008016,19925228,9962614,
2021-08-22,34396,10806,23319,,21054570,10981190,995479,19971422,9985711,
2021-08-23,23222,7005,16000,,21077792,10987960,986463,20002994,10001497,
2021-08-24,37651,13374,23820,,21115443,11001080,975994,20050172,10025086,
2021-08-25,41356,14424,26322,,21156799,11015248,964077,20102342,10051171,
2021-08-26,39272,13555,24976,,21196071,11028527,952621,20151812,10075906,
2021-08-27,37676,12942,23688,,21233747,11041228,941848,20198760,10099380,
2021-08-28,40126,13425,25522,,21273873,11054374,929727,20249294,10124647,
2021-08-29,30562,10256,19945,,21304435,11064398,920019,20288758,10144379,
2021-08-30,18236,6139,11846,,21322671,11070289,914283,20312012,10156006,
2021-08-31,32718,11940,19624,,21355389,11081961,906571,20350780,10175390,
2021-09-01,36250,12948,21958,,21391639,11094676,897545,20394262,10197131,
2021-09-02,37782,15646,19670,,21429421,11110070,893496,20433148,10216574,
2021-09-03,46889,21096,22442,,21476310,11130917,892131,20477572,10238786,
2021-09-04,46881,20589,24776,,21523191,11151260,887921,20526678,10263339,
2021-09-05,33079,14205,18580,,21556270,11165221,883526,20563390,10281695,
2021-09-06,21717,9490,12035,,21577987,11174462,880964,20586996,10293498,
2021-09-07,15011,6728,8097,,21592998,11180933,879578,20602710,10301355,
2021-09-08,41150,17116,20936,,21634148,11197785,875740,20644090,10322045,
2021-09-09,41455,16979,19680,,21675603,11214487,873014,20682946,10341473,
2021-09-10,39655,15511,19011,,21715258,11229735,869496,20720478,10360239,
2021-09-11,42384,15935,23340,,21757642,11245391,862070,20766642,10383321,
2021-09-12,29969,11532,17869,,21787611,11256629,855703,20801852,10400926,
2021-09-13,16091,6406,9187,,21803702,11262801,852907,20819788,10409894,
2021-09-14,29910,11561,15292,,21833612,11274060,849149,20849822,10424911,
2021-09-15,39283,14024,19424,,21872895,11287824,843733,20888182,10444091,
2021-09-16,39353,13988,19250,,21912248,11301577,838448,20926258,10463129,
2021-09-17,38933,13611,19341,,21951181,11314945,832706,20964478,10482239,
2021-09-18,41257,14088,23545,,21992438,11328760,823228,21011064,10505532,
2021-09-19,30664,10829,18985,,22023102,11339330,815059,21048542,10524271,
2021-09-20,16731,6098,10177,,22039833,11345174,810957,21068434,10534217,
2021-09-21,31366,11215,16996,,22071199,11356124,805160,21101928,10550964,
2021-09-22,41815,14816,22928,,22113014,11370644,797027,21147234,10573617,
2021-09-23,47234,16138,26034,,22160248,11386517,787112,21198810,10599405,
2021-09-24,46316,15636,26656,,22206564,11401893,776073,21251640,10625820,
2021-09-25,48202,15257,29950,,22254766,11416897,761361,21311072,10655536,
2021-09-26,37513,12422,24496,,22292279,11429044,749266,21359556,10679778,
2021-09-27,19159,6530,12322,,22311438,11435320,743458,21383724,10691862,
2021-09-28,30960,11295,17882,,22342398,11446356,736859,21418994,10709497,
2021-09-29,37890,12476,21729,,22380288,11458561,727586,21461950,10730975,
2021-09-30,37345,11654,21374,,22417633,11469956,717847,21504218,10752109,
2021-10-01,30882,9810,18415,,22448515,11479540,709229,21540622,10770311,
2021-10-02,37142,11159,23589,,22485657,11490429,696781,21587296,10793648,
2021-10-03,27206,8164,18324,,22512863,11498352,686608,21623488,10811744,
2021-10-04,14867,4746,9802,,22527730,11502851,681534,21642634,10821317,
2021-10-05,26833,8597,15876,,22554563,11511187,674240,21673894,10836947,
2021-10-06,31666,9638,18512,,22586229,11520566,665358,21710416,10855208,
2021-10-07,30351,9398,17120,,22616580,11529713,657623,21744180,10872090,
2021-10-08,32844,10744,18854,,22649424,11540186,649499,21781374,10890687,
2021-10-09,34146,10667,21017,,22683570,11550590,639135,21822910,10911455,
2021-10-10,23415,7661,15087,,22706985,11558000,631697,21852606,10926303,
2021-10-11,12004,3839,7866,,22718989,11561589,627654,21867870,10933935,
2021-10-12,5111,1626,3268,,22724100,11562937,625997,21873880,10936940,
2021-10-13,29117,9192,18093,,22753217,11571839,617080,21909518,10954759,
2021-10-14,29019,8905,17751,,22782236,11580468,608224,21944488,10972244,
2021-10-15,29104,8832,18172,,22811340,11589037,598871,21980332,10990166,
2021-10-16,31141,8986,19872,,22842481,11597732,587973,22019518,11009759,
2021-10-17,23716,7263,15381,,22866197,11604741,579842,22049798,11024899,
2021-10-18,12307,3747,8147,,22878504,11608207,575430,22065554,11032777,
2021-10-19,21275,6627,12635,,22899779,11614551,569409,22090284,11045142,
2021-10-20,25673,7541,14925,,22925452,11621845,562012,22119666,11059833,
2021-10-21,23181,6683,13032,,22948633,11628259,555652,22145214,11072607,
2021-10-22,26126,7313,15118,,22974759,11635249,547831,22174836,11087418,
2021-10-23,28184,7605,17161,,23002943,11642592,538268,22208648,11104324,
2021-10-24,19351,5728,12601,,23022294,11648064,531383,22233362,11116681,
2021-10-25,9931,2710,6476,,23032225,11650505,527609,22245792,11122896,
2021-10-26,18919,5392,11104,,23051144,11655619,521888,22267462,11133731,
2021-10-27,22860,6081,13215,,23074004,11661445,514740,22293410,11146705,
2021-10-28,22305,5791,12645,,23096309,11666948,507875,22318146,11159073,
2021-10-29,22814,5731,13050,,23119123,11672377,500541,22343672,11171836,
2021-10-30,24118,6047,14616,,23143241,11678152,491960,22372384,11186192,
2021-10-31,16484,4595,10602,,23159725,11682453,485948,22393010,11196505,
2021-11-01,7871,2081,5055,,23167596,11684254,482961,22402586,11201293,
2021-11-02,15627,4364,7747,,23183223,11688329,479567,22417524,11208762,
2021-11-03,18630,5069,9604,,23201853,11693095,475022,22436146,11218073,
2021-11-04,19510,4875,10034,,23221363,11697694,469848,22455692,11227846,
2021-11-05,21472,4405,9524,,23242835,11701810,464715,22474190,11237095,
2021-11-06,25334,5206,12156,,23268169,11706747,457748,22497998,11248999,
2021-11-07,21453,4025,8924,,23289622,11710491,452837,22515308,11257654,
2021-11-08,11991,2110,4732,,23301613,11712306,450199,22524214,11262107,
2021-11-09,24129,3851,7652,,23325742,11715836,446388,22538896,11269448,
2021-11-10,28478,4508,8997,,23354220,11720067,441885,22556364,11278182,
2021-11-11,28763,4308,9098,,23382983,11724078,437086,22573984,11286992,
2021-11-12,26749,4166,8243,,23409732,11727953,432995,22589916,11294958,
2021-11-13,34317,5081,11414,,23444049,11732728,426653,22612150,11306075,
2021-11-14,23223,3899,8608,,23467272,11736364,421937,22628854,11314427,
2021-11-15,12701,2184,4495,,23479973,11738288,419618,22637340,11318670,
2021-11-16,26180,3932,7484,,23506153,11741964,416062,22651804,11325902,
2021-11-17,31174,4047,7824,,23537327,11745729,412275,22666908,11333454,
2021-11-18,32509,3868,7529,,23569836,11749291,408600,22681382,11340691,
2021-11-19,35481,3864,7758,,23605317,11752854,404694,22696320,11348160,
2021-11-20,40113,4381,8817,,23645430,11756954,400249,22713410,11356705,
2021-11-21,28124,3439,6949,,23673554,11760131,396725,22726812,11363406,
2021-11-22,14898,1950,3894,,23688452,11761804,394775,22734058,11367029,
2021-11-23,33054,3277,6009,,23721506,11764801,392035,22745532,11372766,
2021-11-24,42666,3760,6809,,23764172,11768257,388975,22758564,11379282,
2021-11-25,46047,3933,6577,,23810219,11771915,386328,22771174,11385587,
2021-11-26,52867,11348,6615,,23863086,11782992,391054,22783876,11391938,
2021-11-27,63521,22355,7038,,23926607,11805066,406361,22797410,11398705,
2021-11-28,51459,27742,5315,,23978066,11832515,428776,22807478,11403739,
2021-11-29,33527,18933,2882,,24011593,11851187,444816,22812742,11406371,
2021-11-30,56042,20687,5136,,24067635,11871593,460357,22822472,11411236,
2021-12-01,69541,26243,5637,,24137176,11897530,480949,22833162,11416581,
2021-12-02,71635,26488,5037,,24208811,11923720,502387,22842666,11421333,
2021-12-03,73425,25096,5171,,24282236,11948520,522306,22852428,11426214,
2021-12-04,81160,27784,6074,47282,24363396,11976011,544007,,11432004,807715
2021-12-05,62633,31929,4414,26268,24426029,12007645,571514,,11436131,833879
2021-12-06,38628,19144,2713,16756,24464657,12026500,587938,,11438562,850557
2021-12-07,60294,14852,4480,40948,24524951,12041080,598300,,11442780,891431
2021-12-08,73453,19056,4681,49713,24598404,12059859,612665,,11447194,941066
2021-12-09,74505,18274,4347,51864,24672909,12077824,626584,,11451240,992845
2021-12-10,77508,17590,4658,55249,24750417,12095133,639511,,11455622,1048013
2021-12-11,83189,20405,5833,56939,24833606,12115249,654069,,11461180,1104866
2021-12-12,60757,22699,4157,33858,24894363,12137668,672605,,11465063,1138635
2021-12-13,34937,11603,2411,20900,24929300,12148974,681787,,11467187,1159440
2021-12-14,101986,9002,3872,89068,25031286,12157665,686902,,11470763,1248388
2021-12-15,127701,12428,4513,110721,25158987,12169789,694807,,11474982,1359009
2021-12-16,139367,12467,4254,122630,25298354,12181970,703010,,11478960,1481540
2021-12-17,159179,12403,4524,142230,25457533,12194098,710880,,11483218,1623673
2021-12-18,175590,13523,4924,157097,25633123,12207327,719467,,11487860,1780675
2021-12-19,140442,18159,3933,118313,25773565,12225185,733685,,11491500,1898877
2021-12-20,106823,10305,2745,93726,25880388,12235222,741235,,11493987,1992505
2021-12-21,215395,12965,4317,198091,26095783,12247871,749876,,11497995,2190475
2021-12-22,237262,14426,5203,217749,26333045,12261997,759085,,11502912,2408106
2021-12-23,257784,11730,5090,240866,26590829,12273422,765719,,11507703,2648866
2021-12-24,223638,9465,4574,209532,26814467,12282590,770606,,11511984,2858282
2021-12-25,89733,3889,2512,83344,26904200,12286204,771978,,11514226,2941519
2021-12-26,11900,388,360,11142,26916100,12286300,771998,,11514302,2952531
2021-12-27,46945,1491,1116,44307,26963045,12287546,772366,,11515180,2996718
2021-12-28,144787,6100,4012,134612,27107832,12293352,774443,,11518909,3131199
2021-12-29,175474,9378,4584,161442,27283306,12302434,779233,,11523201,3292513
2021-12-30,200070,10134,5349,184545,27483376,12312265,784003,,11528262,3476924
2021-12-31,195215,10008,5805,179149,27678591,12321984,788197,,11533787,3655947
2022-01-01,96956,5383,3883,87363,27775547,12327058,789689,,11537369,3743161
2022-01-02,19448,943,930,17446,27794995,12327710,789693,,11538017,3760461
2022-01-03,88257,4773,4593,78810,27883252,12332173,789865,,11542308,3839118
2022-01-04,146371,6001,5319,135011,28029623,12337846,790534,,11547312,3973973
2022-01-05,177518,7633,7298,162413,28207141,12345125,790858,,11554267,4136226
2022-01-06,191545,7214,6790,177014,28398686,12352020,791271,,11560749,4313085
2022-01-07,191301,7965,7006,175516,28589987,12359641,792218,,11567423,4488428
2022-01-08,181684,8629,6642,165224,28771671,12367938,794192,,11573746,4653496
2022-01-09,131105,9866,7187,113959,28902776,12377482,796866,,11580616,4767295
2022-01-10,90558,5107,4489,80831,28993334,12382266,797474,,11584792,4847973
2022-01-11,138899,6161,6581,125452,29132233,12388080,797041,,11591039,4973235
2022-01-12,157039,8163,8059,138693,29289272,12395914,797140,,11598774,5111760
2022-01-13,162689,9214,9217,141548,29451961,12404766,797123,,11607643,5253125
2022-01-14,159895,10755,10384,136064,29611856,12415159,797489,,11617670,5388991
2022-01-15,161211,11013,11676,135888,29773067,12425800,796815,,11628985,5524686
2022-01-16,109791,9294,9678,89457,29882858,12434732,796424,,11638308,5613925
2022-01-17,65789,5939,6567,52642,29948647,12440335,795786,,11644549,5666382
2022-01-18,36119,2004,2135,31156,29984766,12441984,795644,,11646340,5697342
2022-01-19,101328,5585,6721,85961,30086094,12447169,794490,,11652679,5783076
2022-01-20,103608,6325,7007,85738,30189702,12453110,793800,,11659310,5868591
2022-01-21,102115,6233,8059,82510,30291817,12458939,791960,,11666979,5950873
2022-01-22,102586,8713,12076,78118,30394403,12467263,788590,,11678673,6028763
2022-01-23,76705,7308,13999,54799,30471108,12474228,781892,,11692336,6083340
2022-01-24,42266,3196,7935,30746,30513374,12477060,777135,,11699925,6113879
2022-01-25,62569,3759,8372,48119,30575943,12480439,772507,,11707932,6161779
2022-01-26,77894,4918,13172,55693,30653837,12484980,764248,,11720732,6217230
2022-01-27,78079,4895,13244,56053,30731916,12489503,755889,,11733614,6273046
2022-01-28,77292,4676,13677,53900,30809208,12493821,746875,,11746946,6326727
2022-01-29,84828,5530,17716,58119,30894036,12498987,734682,,11764305,6384601
2022-01-30,66512,5024,20632,40160,30960548,12503669,719060,,11784609,6424536
2022-01-31,34752,2175,9887,22351,30995300,12505525,711339,,11794186,6446698
2022-02-01,51352,3265,9664,36528,31046652,12508437,704930,,11803507,6483001
2022-02-02,57714,3848,12399,38681,31104366,12511954,696364,,11815590,6521482
2022-02-03,52583,3610,11512,34301,31156949,12515187,688450,,11826737,6555532
2022-02-04,43098,2945,10566,27286,31200047,12517821,680819,,11837002,6582624
2022-02-05,58728,3746,14473,37566,31258775,12521235,670080,,11851155,6619977
2022-02-06,49862,3641,16119,29572,31308637,12524553,657597,,11866956,6649325
2022-02-07,23239,1691,7811,13444,31331876,12525918,651464,,11874454,6662545
2022-02-08,33404,2359,7255,21972,31365280,12527947,646561,,11881386,6684284
2022-02-09,38890,2785,8923,24410,31404170,12530373,640417,,11889956,6708442
2022-02-10,37540,2765,8838,22552,31441710,12532801,634340,,11898461,6730763
2022-02-11,39453,2727,10294,23006,31481163,12535181,626763,,11908418,6753531
2022-02-12,42052,2959,11457,25319,31523215,12537806,618254,,11919552,6778626
2022-02-13,36326,2801,13146,19943,31559541,12540320,607906,,11932414,6798371
2022-02-14,16984,1176,6124,9474,31576525,12541221,602950,,11938271,6807645
2022-02-15,19365,1386,4758,11879,31595890,12542283,599568,,11942715,6819297
2022-02-16,26026,1767,7735,14949,31621916,12543752,593596,,11950156,6834044
2022-02-17,26769,1684,7526,14986,31648685,12545081,587745,,11957336,6848775
2022-02-18,23950,1354,6614,13679,31672635,12546118,582473,,11963645,6862245
2022-02-19,37838,1903,8338,26055,31710473,12547689,576033,,11971656,6888058
2022-02-20,32579,1499,7963,22807,31743052,12548887,569561,,11979326,6910660
2022-02-21,17502,913,3678,12757,31760554,12549504,566787,,11982717,6923205
2022-02-22,9112,430,1555,6957,31769666,12549644,565657,,11983987,6929951
2022-02-23,25340,1327,4796,17298,31795006,12550661,562181,,11988480,6947013
2022-02-24,24576,1401,5233,15485,31819582,12551740,558344,,11993396,6962255
2022-02-25,23111,1396,5138,14509,31842693,12552842,554595,,11998247,6976538
2022-02-26,25237,1386,5910,16560,31867930,12553918,550064,,12003854,6992872
2022-02-27,26962,1371,7372,17705,31894892,12555020,544052,,12010968,7010382
2022-02-28,10130,594,2531,6745,31905022,12555361,542107,,12013254,7016944
2022-03-01,13204,949,3152,8167,31918226,12556005,539894,,12016111,7024894
2022-03-02,15419,1164,3578,9620,31933645,12556907,537473,,12019434,7034336
2022-03-03,14302,1079,3228,8689,31947947,12557674,535316,,12022358,7042794
2022-03-04,14479,993,3445,8318,31962426,12558346,532860,,12025486,7050859
2022-03-05,18535,1278,4998,11184,31980961,12559314,529129,,12030185,7061819
2022-03-06,16519,1088,5526,9607,31997480,12560121,524685,,12035436,7071219
2022-03-07,5950,469,1861,3509,32003430,12560305,523286,,12037019,7074511
2022-03-08,7367,700,1944,4159,32010797,12560727,522035,,12038692,7078471
2022-03-09,11162,908,2739,6406,32021959,12561359,520198,,12041161,7084675
2022-03-10,12769,1046,3258,6842,32034728,12562128,517979,,12044149,7091304
2022-03-11,12893,905,3410,6866,32047621,12562744,515466,,12047278,7097954
2022-03-12,14689,1049,4185,8310,32062310,12563521,512327,,12051194,7106060
2022-03-13,14749,1091,4999,8334,32077059,12564321,508415,,12055906,7114157
2022-03-14,6333,450,2228,3499,32083392,12564500,506634,,12057866,7117442
2022-03-15,10199,793,2625,5973,32093591,12565003,504790,,12060213,7123201
2022-03-16,13065,935,3667,6953,32106656,12565648,502055,,12063593,7129923
2022-03-17,13198,1049,3962,6758,32119854,12566409,499135,,12067274,7136461
2022-03-18,11909,915,3147,6433,32131763,12567021,496893,,12070128,7142670
2022-03-19,14443,1005,4163,7902,32146206,12567746,493733,,12074013,7150353
2022-03-20,11752,992,3959,6373,32157958,12568467,490761,,12077706,7156518
2022-03-21,5059,415,1589,2814,32163017,12568623,489583,,12079040,7159129
2022-03-22,6715,552,1559,3893,32169732,12568887,488570,,12080317,7162806
2022-03-23,9971,785,2300,5195,32179703,12569356,487052,,12082304,7167760
2022-03-24,9297,723,2377,4613,32189000,12569815,485389,,12084426,7172169
2022-03-25,9227,781,2155,4753,32198227,12570333,484007,,12086326,7176710
2022-03-26,10931,937,2837,5506,32209158,12570993,482105,,12088888,7181997
2022-03-27,10227,911,3538,5301,32219385,12571644,479474,,12092170,7187087
2022-03-28,3584,322,1109,1987,32222969,12571725,478684,,12093041,7188879
2022-03-29,5349,499,1214,2692,32228318,12571939,477963,,12093976,7191349
2022-03-30,7856,748,1838,4123,32236174,12572408,476868,,12095540,7195247
2022-03-31,8655,689,1926,4414,32244829,12572808,475625,,12097183,7199439
2022-04-01,9314,802,1916,4889,32254143,12573318,474502,,12098816,7204089
2022-04-02,10447,887,2215,5572,32264590,12573918,473162,,12100756,7209444
2022-04-03,9212,880,2569,5067,32273802,12574541,471467,,12103074,7214309
2022-04-04,4203,388,1006,2406,32278005,12574667,470846,,12103821,7216511
2022-04-05,6082,601,1037,3054,32284087,12574928,470404,,12104524,7219290
2022-04-06,8382,715,1479,4384,32292469,12575352,469635,,12105717,7223447
2022-04-07,10347,733,1688,4837,32302816,12575785,468675,,12107110,7228041
2022-04-08,23995,811,1583,4836,32326811,12576318,467897,,12108421,7232661
2022-04-09,30497,969,1975,5894,32357308,12576989,466882,,12110107,7238332
2022-04-10,24868,976,2392,5335,32382176,12577706,465460,,12112246,7243465
2022-04-11,12575,386,877,2432,32394751,12577842,464965,,12112877,7245695
2022-04-12,28132,693,1021,3537,32422883,12578231,464630,,12113601,7248999
2022-04-13,37784,853,1561,4927,32460667,12578785,463918,,12114867,7253696
2022-04-14,37905,760,1616,4915,32498572,12579232,463059,,12116173,7258358
2022-04-15,43403,1233,2104,6725,32541975,12580167,462184,,12117983,7264846
2022-04-16,8095,357,650,1741,32550070,12580264,461889,,12118375,7266371
2022-04-17,21026,871,1925,4319,32571096,12580851,460828,,12120023,7270467
2022-04-18,5461,306,463,1290,32576557,12580870,460666,,12120204,7271516
2022-04-19,22656,615,773,3103,32599213,12581202,460499,,12120703,7274399
2022-04-20,40342,1063,1400,4620,32639555,12581939,460159,,12121780,7278755
2022-04-21,38757,943,1600,4683,32678312,12582586,459493,,12123093,7283204
2022-04-22,35634,1017,1436,4268,32713946,12583331,459067,,12124264,7287254
2022-04-23,34659,1005,1740,4714,32748605,12584052,458329,,12125723,7291729
2022-04-24,20816,1021,1889,3777,32769421,12584823,457458,,12127365,7295312
2022-04-25,8299,453,691,1707,32777720,12585007,457219,,12127788,7296803
2022-04-26,24624,733,948,3145,32802344,12585448,456998,,12128450,7299711
2022-04-27,33603,955,1369,3939,32835947,12586126,456576,,12129550,7303432
2022-04-28,32841,928,1417,3931,32868788,12586781,456078,,12130703,7307140
2022-04-29,32062,1098,1379,3909,32900850,12587581,455790,,12131791,7310820
2022-04-30,30290,925,1538,4025,32931140,12588208,455170,,12133038,7314609
2022-05-01,16755,769,1579,2970,32947895,12588679,454355,,12134324,7317335
2022-05-02,5936,309,526,1098,32953831,12588692,454134,,12134558,7318206
2022-05-03,20931,588,833,2347,32974762,12588975,453883,,12135092,7320314
2022-05-04,29418,800,1093,3291,33004180,12589465,453585,,12135880,7323356
2022-05-05,29100,872,1165,3125,33033280,12590024,453282,,12136742,7326236
2022-05-06,29099,1147,1285,2987,33062379,12590883,453139,,12137744,7328996
2022-05-07,28493,870,1266,3113,33090872,12591463,452738,,12138725,7331885
2022-05-08,15998,895,1308,2322,33106870,12592101,452323,,12139778,7334006
2022-05-09,5897,293,474,943,33112767,12592127,452135,,12139992,7334739
2022-05-10,21229,697,721,2120,33133996,12592506,452104,,12140402,7336599
2022-05-11,28954,837,1086,2656,33162950,12593011,451851,,12141160,7338984
2022-05-12,28242,799,1086,2513,33191192,12593513,451560,,12141953,7341256
2022-05-13,27596,877,1119,2469,33218788,12594079,451313,,12142766,7343468
2022-05-14,25694,807,1100,2610,33244482,12594572,451013,,12143559,7345824
2022-05-15,14852,751,1276,2058,33259334,12595051,450481,,12144570,7347663
2022-05-16,6385,326,532,1048,33265719,12595139,450271,,12144868,7348524
2022-05-17,19606,590,781,1742,33285325,12595413,450073,,12145340,7350017
2022-05-18,26548,877,1101,2277,33311873,12596025,449844,,12146181,7352078
2022-05-19,24443,683,1156,2164,33336316,12596441,449364,,12147077,7354025
2022-05-20,24271,801,1140,2218,33360587,12596972,449021,,12147951,7356023
2022-05-21,22405,691,1167,2350,33382992,12597353,448536,,12148817,7358130
2022-05-22,10561,549,891,1489,33393553,12597641,448189,,12149452,7359402
2022-05-23,4574,242,465,793,33398127,12597623,447964,,12149659,7359986
2022-05-24,2628,120,182,441,33400755,12597487,447900,,12149587,7360216
2022-05-25,19369,656,949,1954,33420124,12597876,447597,,12150279,7361959
2022-05-26,20648,663,951,1912,33440772,12598265,447303,,12150962,7363648
2022-05-27,21764,818,1062,2078,33462536,12598795,447056,,12151739,7365493
2022-05-28,19414,722,1167,2150,33481950,12599245,446608,,12152637,7367427
2022-05-29,12111,760,1282,1726,33494061,12599770,446079,,12153691,7368961
2022-05-30,4580,311,550,751,33498641,12599835,445837,,12153998,7369514
2022-05-31,13552,573,753,1667,33512193,12600106,445651,,12154455,7370941
2022-06-01,16614,704,972,1879,33528807,12600508,445381,,12155127,7372567
2022-06-02,14609,557,867,1677,33543416,12600753,445064,,12155689,7374003
2022-06-03,16110,699,1097,1816,33559526,12601172,444660,,12156512,7375599
2022-06-04,13325,647,1166,1845,33572851,12601561,444136,,12157425,7377242
2022-06-05,7869,587,1112,1432,33580720,12601899,443607,,12158292,7378482
2022-06-06,3295,207,446,641,33584015,12601857,443365,,12158492,7378921
2022-06-07,11225,476,728,1372,33595240,12602033,443108,,12158925,7380049
2022-06-08,14068,667,1013,1611,33609308,12602439,442757,,12159682,7381440
2022-06-09,13378,663,926,1676,33622686,12602814,442489,,12160325,7382884
2022-06-10,13856,686,1069,1698,33636542,12603214,442098,,12161116,7384352
2022-06-11,12986,616,1031,1846,33649528,12603544,441681,,12161863,7385975
2022-06-12,8098,643,1236,1504,33657626,12603929,441084,,12162845,7387272
2022-06-13,3190,284,422,713,33660816,12603946,440941,,12163005,7387776
2022-06-14,10131,512,666,1265,33670947,12604169,440781,,12163388,7388803
2022-06-15,13510,472,832,1621,33684457,12604345,440419,,12163926,7390186
2022-06-16,12547,495,856,1618,33697004,12604533,440052,,12164481,7391557
2022-06-17,11693,479,818,1653,33708697,12604725,439706,,12165019,7392974
2022-06-18,11452,436,876,1860,33720149,12604890,439263,,12165627,7394610
2022-06-19,7004,483,899,1420,33727153,12605120,438846,,12166274,7395815
2022-06-20,2287,147,301,643,33729440,12605043,438686,,12166357,7396288
2022-06-21,9547,358,616,1386,33738987,12605114,438423,,12166691,7397426
2022-06-22,13616,408,728,1704,33752603,12605250,438096,,12167154,7398905
2022-06-23,13705,402,775,1683,33766308,12605385,437720,,12167665,7400374
2022-06-24,15367,436,812,1675,33781675,12605561,437340,,12168221,7401834
2022-06-25,14471,427,852,1713,33796146,12605726,436904,,12168822,7403337
2022-06-26,8159,432,886,1280,33804305,12605896,436443,,12169453,7404400
2022-06-27,3212,171,365,594,33807517,12605818,436245,,12169573,7404787
2022-06-28,9620,369,558,1226,33817137,12605901,436052,,12169849,7405780
2022-06-29,13318,415,731,1632,33830455,12606026,435734,,12170292,7407172
2022-06-30,12233,482,847,1581,33842688,12606223,435367,,12170856,7408519
2022-07-01,13041,550,972,1950,33855729,12606515,434940,,12171575,7410263
2022-07-02,1617,110,116,365,33857346,12606349,434932,,12171417,7410396
2022-07-03,5164,260,494,962,33862510,12606351,434689,,12171662,7411142
2022-07-04,2757,132,279,614,33865267,12606236,434541,,12171695,7411559
2022-07-05,11146,372,600,1576,33876413,12606310,434305,,12172005,7412887
2022-07-06,15961,549,859,2010,33892374,12606563,433989,,12172574,7414654
2022-07-07,15667,521,832,1927,33908041,12606795,433677,,12173118,7416328
2022-07-08,17888,555,869,2246,33925929,12607045,433362,,12173683,7418325
2022-07-09,14150,451,597,1851,33940079,12607217,433215,,12174002,7419938
2022-07-10,8751,475,755,1505,33948830,12607442,432934,,12174508,7421235
2022-07-11,4094,199,331,871,33952924,12607375,432799,,12174576,7421885
2022-07-12,12111,412,525,1657,33965035,12607488,432681,,12174807,7423288
2022-07-13,16722,564,773,2144,33981757,12607754,432466,,12175288,7425187
2022-07-14,16861,483,675,2024,33998618,12607931,432263,,12175668,7426971
2022-07-15,28902,599,823,2187,34027520,12608230,432038,,12176192,7428917
2022-07-16,30302,586,774,2328,34057822,12608501,431841,,12176660,7430992
2022-07-17,22935,538,636,1893,34080757,12608800,431740,,12177060,7432689
2022-07-18,11398,189,255,857,34092155,12608721,431669,,12177052,7433324
2022-07-19,28960,592,592,2138,34121115,12609037,431666,,12177371,7435230
2022-07-20,37643,839,924,2596,34158758,12609595,431576,,12178019,7437587
2022-07-21,36358,734,812,2809,34195116,12610041,431491,,12178550,7440155
2022-07-22,35807,824,893,2688,34230923,12610575,431415,,12179160,7442605
2022-07-23,35155,821,913,2836,34266078,12611081,431315,,12179766,7445185
2022-07-24,21739,599,804,1778,34287817,12611417,431107,,12180310,7446738
2022-07-25,11938,308,311,1082,34299755,12611439,431099,,12180340,7447588
2022-07-26,26095,619,605,2214,34325850,12611773,431112,,12180661,7449558
2022-07-27,32476,808,848,2653,34358326,12612322,431070,,12181252,7451999
2022-07-28,31544,724,884,2611,34389870,12612748,430906,,12181842,7454358
2022-07-29,29996,1790,875,2647,34419866,12614245,431817,,12182428,7456754
2022-07-30,25838,2525,747,2440,34445704,12616488,433593,,12182895,7458960
2022-07-31,14316,1068,541,1569,34460020,12617287,434116,,12183171,7460301
2022-08-01,5916,337,223,683,34465936,12617364,434228,,12183136,7460761
2022-08-02,4487,306,138,606,34470423,12617399,434392,,12183007,7461144
2022-08-03,22943,2637,738,2241,34493366,12619759,436287,,12183472,7463149
2022-08-04,22237,2482,681,2134,34515603,12621913,438082,,12183831,7465019
2022-08-05,21801,2755,747,2071,34537404,12624386,440082,,12184304,7466861
2022-08-06,19650,2875,657,1998,34557054,12626949,442294,,12184655,7468600
2022-08-07,12708,2236,621,1423,34569762,12628910,443903,,12185007,7469805
2022-08-08,4766,570,188,603,34574528,12629191,444278,,12184913,7470170
2022-08-09,14016,1468,558,1595,34588544,12630370,445182,,12185188,7471523
2022-08-10,19133,2364,718,1994,34607677,12632459,446826,,12185633,7473287
2022-08-11,17079,2041,718,1858,34624756,12634224,448147,,12186077,7474912
2022-08-12,16985,2048,734,1852,34641741,12635983,449460,,12186523,7476535
2022-08-13,15956,2223,766,1809,34657697,12637919,450915,,12187004,7478101
2022-08-14,9531,1621,619,1087,34667228,12639250,451913,,12187337,7478952
2022-08-15,3873,388,271,479,34671101,12639382,452027,,12187355,7479221
2022-08-16,10810,1075,516,1356,34681911,12640156,452584,,12187572,7480325
2022-08-17,16102,1834,739,1783,34698013,12641701,453678,,12188023,7481871
2022-08-18,14935,1642,749,1697,34712948,12643018,454567,,12188451,7483296
2022-08-19,15318,1846,749,1552,34728266,12644585,455660,,12188925,7484614
2022-08-20,14285,1640,740,1547,34742551,12645933,456554,,12189379,7485922
2022-08-21,9906,1533,660,1165,34752457,12647201,457423,,12189778,7486870
2022-08-22,4165,481,271,563,34756622,12647377,457630,,12189747,7487173
2022-08-23,11141,1248,556,1500,34767763,12648316,458318,,12189998,7488420
2022-08-24,14761,1808,871,2187,34782524,12649852,459255,,12190597,7490375
2022-08-25,14028,1716,780,2123,34796552,12651278,460184,,12191094,7492251
2022-08-26,13929,1687,816,2094,34810481,12652667,461048,,12191619,7494095
2022-08-27,12418,1486,876,2001,34822899,12653825,461652,,12192173,7495829
2022-08-28,7926,1259,622,1398,34830825,12654822,462287,,12192535,7497006
2022-08-29,3400,502,286,684,34834225,12655042,462498,,12192544,7497455
2022-08-30,9908,1169,652,1855,34844133,12655853,463009,,12192844,7499007
2022-08-31,13514,1626,946,2315,34857647,12657186,463685,,12193501,7501077
2022-09-01,12906,1720,912,2142,34870553,12658609,464488,,12194121,7502972
2022-09-02,15045,1616,991,4917,34885598,12659949,465105,,12194844,7507662
2022-09-03,14718,1525,923,5515,34900316,12661187,465704,,12195483,7512940
2022-09-04,8667,1009,676,3237,34908983,12661929,466027,,12195902,7515955
2022-09-05,3555,321,229,1386,34912538,12661983,466116,,12195867,7517118
2022-09-06,2469,157,116,1132,34915007,12661884,466154,,12195730,7518041
2022-09-07,10925,1019,587,3491,34925932,12662603,466582,,12196021,7521279
2022-09-08,10871,1022,527,2791,34936803,12663296,467074,,12196222,7523793
2022-09-09,9583,1011,488,2504,34946386,12664018,467592,,12196426,7526060
2022-09-10,10634,1264,552,3166,34957020,12665002,468297,,12196705,7528990
2022-09-11,9410,981,667,3737,34966430,12665732,468605,,12197127,7532516
2022-09-12,3127,295,205,1079,34969557,12665743,468688,,12197055,7533357
2022-09-13,6018,544,283,1132,34975575,12665997,468940,,12197057,7534243
2022-09-14,14482,797,434,1844,34990057,12666475,469299,,12197176,7535821
2022-09-15,15757,780,410,1533,35005814,12666934,469664,,12197270,7537082
2022-09-16,17759,766,447,1693,35023573,12667438,469977,,12197461,7538552
2022-09-17,17619,722,457,1668,35041192,12667854,470238,,12197616,7539964
2022-09-18,11214,773,451,1688,35052406,12668365,470558,,12197807,7541428
2022-09-19,4979,404,288,670,35057385,12668495,470669,,12197826,7541883
2022-09-20,13772,442,332,948,35071157,12668622,470777,,12197845,7542568
2022-09-21,23043,647,410,1499,35094200,12668957,471009,,12197948,7543810
2022-09-22,22917,636,398,1380,35117117,12669283,471241,,12198042,7544927
2022-09-23,22951,726,603,1418,35140068,12669705,471359,,12198346,7546087
2022-09-24,21691,737,689,1499,35161759,12670147,471403,,12198744,7547350
2022-09-25,11320,595,702,1357,35173079,12670459,471290,,12199169,7548469
2022-09-26,4563,192,218,594,35177642,12670359,471258,,12199101,7548818
2022-09-27,37653,497,365,1497,35215295,12670585,471386,,12199199,7550087
2022-09-28,50969,731,670,1901,35266264,12671047,471446,,12199601,7551762
2022-09-29,48008,637,741,1837,35314272,12671361,471334,,12200027,7553321
2022-09-30,47270,677,806,2003,35361542,12671710,471203,,12200507,7555042
2022-10-01,34452,527,633,1548,35395994,12671927,471095,,12200832,7556322
2022-10-02,24245,736,1028,1711,35420239,12672365,470800,,12201565,7557779
2022-10-03,10871,238,231,613,35431110,12672310,470803,,12201507,7558153
2022-10-04,32197,477,459,1169,35463307,12672465,470817,,12201648,7559043
2022-10-05,40440,632,741,1561,35503747,12672774,470701,,12202073,7560338
2022-10-06,38695,610,653,1567,35542442,12673079,470656,,12202423,7561643
2022-10-07,42242,661,852,1742,35584684,12673393,470457,,12202936,7563084
2022-10-08,37397,782,1145,2121,35622081,12673842,470088,,12203754,7564929
2022-10-09,18814,549,727,1556,35640895,12674112,469907,,12204205,7566246
2022-10-10,6865,168,370,565,35647760,12673980,469702,,12204278,7566549
2022-10-11,4994,124,111,318,35652754,12673807,469710,,12204097,7566627
2022-10-12,35117,579,685,1428,35687871,12674050,469602,,12204448,7567763
2022-10-13,36760,643,858,1620,35724631,12674325,469383,,12204942,7569072
2022-10-14,36977,621,753,1541,35761608,12674610,469247,,12205363,7570331
2022-10-15,35454,714,1013,1628,35797062,12675031,468945,,12206086,7571709
2022-10-16,20663,654,1024,1593,35817725,12675414,468569,,12206845,7573071
2022-10-17,7356,206,477,541,35825081,12675333,468296,,12207037,7573371
2022-10-18,36427,457,501,1398,35861508,12675469,468247,,12207222,7574495
2022-10-19,49902,619,730,1982,35911410,12675785,468132,,12207653,7576226
2022-10-20,51291,622,649,2050,35962701,12676091,468102,,12207989,7578009
2022-10-21,52850,696,619,1935,36015551,12676458,468173,,12208285,7579675
2022-10-22,50864,749,904,2311,36066415,12676874,468013,,12208861,7581709
2022-10-23,30641,571,786,2122,36097056,12677127,467791,,12209336,7583566
2022-10-24,14133,232,271,978,36111189,12677054,467747,,12209307,7584284
2022-10-25,41373,473,489,1819,36152562,12677174,467728,,12209446,7585803
2022-10-26,51658,615,660,2124,36204220,12677452,467679,,12209773,7587645
2022-10-27,50115,603,768,2164,36254335,12677725,467506,,12210219,7589535
2022-10-28,49800,590,675,2095,36304135,12677953,467416,,12210537,7591320
2022-10-29,50599,733,779,2221,36354734,12678333,467366,,12210967,7593237
2022-10-30,28402,661,930,2038,36383136,12678705,467093,,12211612,7595028
2022-10-31,12440,200,234,777,36395576,12678622,467056,,12211566,7595568
2022-11-01,33094,338,197,1220,36428670,12678613,467191,,12211422,7596495
2022-11-02,44290,575,625,1903,36472960,12678853,467137,,12211716,7598096
2022-11-03,44192,540,606,1856,36517152,12679061,467067,,12211994,7599664
2022-11-04,44645,647,527,2030,36561797,12679402,467180,,12212222,7601439
2022-11-05,45206,646,754,2368,36607003,12679745,467069,,12212676,7603538
2022-11-06,26020,558,771,2097,36633023,12679959,466853,,12213106,7605335
2022-11-07,10710,242,235,876,36643733,12679906,466857,,12213049,7605967
2022-11-08,33487,486,397,1586,36677220,12680099,466943,,12213156,7607306
2022-11-09,40530,605,571,1964,36717750,12680379,466975,,12213404,7608994
2022-11-10,39178,620,547,1929,36756928,12680676,467042,,12213634,7610645
2022-11-11,43347,635,641,2209,36800275,12680991,467035,,12213956,7612577
2022-11-12,36851,638,592,2185,36837126,12681302,467073,,12214229,7614477
2022-11-13,24269,558,770,2277,36861395,12681561,466855,,12214706,7616498
2022-11-14,10966,232,204,1024,36872361,12681495,466882,,12214613,7617262
2022-11-15,33629,483,380,1693,36905990,12681610,466979,,12214631,7618644
2022-11-16,43541,798,583,2370,36949531,12682102,467188,,12214914,7620757
2022-11-17,38341,674,647,2241,36987872,12682432,467211,,12215221,7622705
2022-11-18,40629,726,531,2331,37028501,12682808,467402,,12215406,7624733
2022-11-19,39659,1005,1031,3061,37068160,12683463,467369,,12216094,7627487
2022-11-20,22422,658,718,2443,37090582,12683838,467305,,12216533,7629697
2022-11-21,8921,196,193,967,37099503,12683766,467303,,12216463,7630454
2022-11-22,26440,481,369,1513,37125943,12683879,467410,,12216469,7631646
2022-11-23,32087,685,668,2069,37158030,12684227,467424,,12216803,7633431
2022-11-24,31912,663,752,2086,37189942,12684569,467333,,12217236,7635249
2022-11-25,30753,763,827,1953,37220695,12685015,467263,,12217752,7636935
2022-11-26,30291,908,1192,2698,37250986,12685577,466970,,12218607,7639337
2022-11-27,18676,608,943,2087,37269662,12685872,466629,,12219243,7641161
2022-11-28,7540,190,282,787,37277202,12685758,466529,,12219229,7641683
2022-11-29,21026,421,454,1292,37298228,12685842,466492,,12219350,7642691
2022-11-30,27892,643,649,1842,37326120,12686158,466484,,12219674,7644249
2022-12-01,24806,593,682,1692,37350926,12686416,466391,,12220025,7645650
2022-12-02,25057,523,630,1775,37375983,12686603,466278,,12220325,7647136
2022-12-03,25558,588,781,1945,37401541,12686861,466075,,12220786,7648811
2022-12-04,15252,494,606,1702,37416793,12687013,465957,,12221056,7650214
2022-12-05,6877,167,157,746,37423670,12686882,465962,,12220920,7650707
2022-12-06,20351,419,352,1379,37444021,12686926,466023,,12220903,7651770
2022-12-07,24782,553,609,1673,37468803,12687153,465959,,12221194,7653165
2022-12-08,23162,563,520,1766,37491965,12687392,466000,,12221392,7654648
2022-12-09,23328,636,575,1632,37515293,12687691,466057,,12221634,7656000
2022-12-10,22575,508,602,1631,37537868,12687872,465960,,12221912,7657347
2022-12-11,14204,548,786,1566,37552072,12688144,465719,,12222425,7658677
2022-12-12,5507,149,156,595,37557579,12687995,465707,,12222288,7659028
2022-12-13,17798,375,371,1125,37575377,12688041,465709,,12222332,7659874
2022-12-14,21323,511,547,1453,37596700,12688249,465667,,12222582,7661075
2022-12-15,21971,530,603,1579,37618671,12688429,465592,,12222837,7662353
2022-12-16,16290,378,451,1031,37634961,12688478,465516,,12222962,7663107
2022-12-17,18700,556,509,1276,37653661,12688706,465561,,12223145,7664094
2022-12-18,12642,530,794,1306,37666303,12688947,465296,,12223651,7665141
2022-12-19,4585,131,116,449,37670888,12688739,465307,,12223432,7665301
2022-12-20,16215,498,449,1110,37687103,12688913,465348,,12223565,7666140
2022-12-21,18474,541,552,1303,37705577,12689145,465333,,12223812,7667174
2022-12-22,18602,574,591,1747,37724179,12689416,465316,,12224100,7668657
2022-12-23,15653,576,601,1716,37739832,12689629,465286,,12224343,7670072
2022-12-24,5339,224,172,674,37745171,12689535,465337,,12224198,7670460
2022-12-25,2444,153,153,480,37747615,12689375,465327,,12224048,7670671
2022-12-26,262,12,7,48,37747877,12689085,465327,,12223758,7670464
2022-12-27,2099,98,37,307,37749976,12688890,465384,,12223506,7670529
2022-12-28,8321,337,168,975,37758297,12688908,465548,,12223360,7671228
2022-12-29,13165,582,529,1601,37771462,12689154,465597,,12223557,7672539
2022-12-30,15823,667,658,1881,37787285,12689507,465603,,12223904,7674140
2022-12-31,11237,459,389,1356,37798522,12689605,465669,,12223936,7675185
2023-01-01,3907,201,219,563,37802429,12689486,465650,,12223836,7675468
2023-01-02,652,36,14,97,37803081,12689231,465671,,12223560,7675314
2023-01-03,8196,297,151,902,37811277,12689238,465811,,12223427,7675971
2023-01-04,14723,574,547,1547,37826000,12689522,465832,,12223690,7677264
2023-01-05,16119,643,535,1796,37842119,12689858,465932,,12223926,7678793
2023-01-06,18833,715,612,2046,37860952,12690269,466032,,12224237,7680576
2023-01-07,18524,701,639,2057,37879476,12690684,466089,,12224595,7682384
2023-01-08,11612,580,608,1632,37891088,12691004,466058,,12224946,7683789
2023-01-09,5299,215,196,664,37896387,12690908,466074,,12224834,7684191
2023-01-10,12162,415,317,786,37908549,12691013,466170,,12224843,7684708
2023-01-11,15544,458,370,1095,37924093,12691144,466254,,12224890,7685527
2023-01-12,14067,444,409,973,37938160,12691276,466288,,12224988,7686234
2023-01-13,14174,421,344,1040,37952334,12691436,466362,,12225074,7687045
2023-01-14,13390,473,451,1078,37965724,12691596,466378,,12225218,7687849
2023-01-15,9046,459,508,1055,37974770,12691770,466328,,12225442,7688663
2023-01-16,3746,146,130,479,37978516,12691639,466344,,12225295,7688896
2023-01-17,8852,267,179,654,37987368,12691563,466428,,12225135,7689260
2023-01-18,10266,349,273,761,37997634,12691610,466501,,12225109,7689752
2023-01-19,10593,315,318,761,38008227,12691625,466493,,12225132,7690259
2023-01-20,9837,318,272,717,38018064,12691651,466537,,12225114,7690718
2023-01-21,11307,355,398,904,38029371,12691700,466493,,12225207,7691364
2023-01-22,7569,343,405,818,38036940,12691779,466429,,12225350,7691948
2023-01-23,3380,143,131,288,38040320,12691681,466440,,12225241,7692023
2023-01-24,8291,226,166,553,38048611,12691591,466498,,12225093,7692300
2023-01-25,10306,346,297,663,38058917,12691662,466543,,12225119,7692733
2023-01-26,6722,236,203,469,38065639,12691601,466573,,12225028,7692951
2023-01-27,6912,237,197,498,38072551,12691528,466610,,12224918,7693185
2023-01-28,9350,312,339,695,38081901,12691547,466578,,12224969,7693627
2023-01-29,5968,234,341,692,38087869,12691501,466466,,12225035,7694070
2023-01-30,1900,88,80,215,38089769,12691300,466472,,12224828,7694032
2023-01-31,5883,156,150,414,38095652,12691145,466475,,12224670,7694169
2023-02-01,7302,248,249,493,38102954,12691136,466471,,12224665,7694441
2023-02-02,6484,296,240,503,38109438,12691155,466524,,12224631,7694719
2023-02-03,6551,197,194,463,38115989,12691087,466523,,12224564,7694950
2023-02-04,6731,233,307,544,38122720,12691049,466443,,12224606,7695263
2023-02-05,4177,199,291,484,38126897,12690965,466346,,12224619,7695513
2023-02-06,1834,90,98,212,38128731,12690757,466335,,12224422,7695463
2023-02-07,4965,161,182,385,38133696,12690607,466311,,12224296,7695588
2023-02-08,5770,212,206,430,38139466,12690540,466314,,12224226,7695774
2023-02-09,6124,211,244,439,38145590,12690478,466280,,12224198,7695982
2023-02-10,5092,159,208,372,38150682,12690405,466227,,12224178,7696152
2023-02-11,6053,186,260,458,38156735,12690299,466149,,12224150,7696346
2023-02-12,4084,220,342,409,38160819,12690265,466023,,12224242,7696530
2023-02-13,1483,57,87,146,38162302,12690067,465991,,12224076,7696462
2023-02-14,3945,131,179,310,38166247,12689910,465941,,12223969,7696514
2023-02-15,4540,119,191,286,38170787,12689753,465866,,12223887,7696565
2023-02-16,4916,175,284,400,38175703,12689652,465753,,12223899,7696727
2023-02-17,4982,180,210,342,38180685,12689577,465719,,12223858,7696852
2023-02-18,5115,232,294,487,38185800,12689536,465655,,12223881,7697107
2023-02-19,3354,132,244,373,38189154,12689398,465538,,12223860,7697254
2023-02-20,1424,63,54,158,38190578,12689203,465544,,12223659,7697194
2023-02-21,913,26,14,107,38191491,12688978,465552,,12223426,7697078
2023-02-22,4135,131,212,370,38195626,12688847,465465,,12223382,7697234
2023-02-23,4282,162,231,392,38199908,12688735,465389,,12223346,7697389
2023-02-24,3034,136,231,274,38202942,12688612,465290,,12223322,7697429
2023-02-25,5024,213,541,386,38207966,12688571,464961,,12223610,7697602
2023-02-26,3472,146,681,384,38211438,12688447,464422,,12224025,7697762
2023-02-27,1074,37,57,97,38212512,12688238,464397,,12223841,7697655
2023-02-28,2729,99,163,232,38215241,12688049,464331,,12223718,7697631
2023-03-01,3850,137,428,336,38219091,12687878,464034,,12223844,7697692
2023-03-02,4594,158,494,330,38223685,12687721,463687,,12224034,7697763
2023-03-03,4367,159,357,334,38228052,12687601,463486,,12224115,7697848
2023-03-04,4968,208,623,350,38233020,12687525,463068,,12224457,7697954
2023-03-05,2536,110,449,251,38235556,12687334,462728,,12224606,7697941
2023-03-06,1156,48,37,114,38236712,12687125,462737,,12224388,7697830
2023-03-07,3221,87,172,225,38239933,12686893,462648,,12224245,7697788
2023-03-08,4317,133,412,284,38244250,12686726,462367,,12224359,7697804
2023-03-09,4615,173,453,312,38248865,12686609,462081,,12224528,7697868
2023-03-10,3942,100,139,254,38252807,12686458,462040,,12224418,7697908
2023-03-11,4064,139,171,286,38256871,12686358,462005,,12224353,7697985
2023-03-12,2883,109,233,301,38259754,12686191,461872,,12224319,7698048
2023-03-13,862,29,32,106,38260616,12685972,461865,,12224107,7697938
2023-03-14,3078,100,109,257,38263694,12685797,461856,,12223941,7697960
2023-03-15,4099,138,163,313,38267793,12685680,461829,,12223851,7698050
2023-03-16,4020,176,234,277,38271813,12685533,461762,,12223771,7698062
2023-03-17,4290,168,202,310,38276103,12685398,461724,,12223674,7698101
2023-03-18,4360,144,194,298,38280463,12685265,461673,,12223592,7698157
2023-03-19,2722,128,233,256,38283185,12685164,461566,,12223598,7698205
2023-03-20,774,31,19,74,38283959,12684928,461576,,12223352,7698049
2023-03-21,2898,70,86,200,38286857,12684738,461555,,12223183,7698026
2023-03-22,3894,130,133,248,38290751,12684579,461549,,12223030,7698016
2023-03-23,3808,118,171,226,38294559,12684411,461490,,12222921,7697998
2023-03-24,3693,102,116,238,38298252,12684258,461474,,12222784,7698020
2023-03-25,4273,108,171,251,38302525,12684102,461404,,12222698,7698043
2023-03-26,2472,112,212,202,38304997,12683957,461299,,12222658,7698026
2023-03-27,915,48,32,68,38305912,12683777,461314,,12222463,7697892
2023-03-28,3105,87,78,202,38309017,12683585,461315,,12222270,7697856
2023-03-29,4170,127,136,224,38313187,12683434,461302,,12222132,7697840
2023-03-30,3838,108,164,211,38317025,12683272,461245,,12222027,7697806
2023-03-31,3987,140,109,222,38321012,12683137,461275,,12221862,7697796
2023-04-01,4192,135,147,225,38325204,12683011,461260,,12221751,7697803
2023-04-02,2180,58,122,172,38327384,12682781,461192,,12221589,7697728
2023-04-03,781,24,12,53,38328165,12682561,461202,,12221359,7697567
2023-04-04,3418,74,74,169,38331583,12682384,461201,,12221183,7697508
2023-04-05,4368,94,108,249,38335951,12682201,461184,,12221017,7697523
2023-04-06,3702,108,109,190,38339653,12682058,461181,,12220877,7697493
2023-04-07,4598,105,115,243,38344251,12681900,461168,,12220732,7697510
2023-04-08,835,22,11,54,38345086,12681685,461175,,12220510,7697360
2023-04-09,2441,81,103,161,38347527,12681554,461150,,12220404,7697340
2023-04-10,360,9,6,20,38347887,12681320,461147,,12220173,7697162
2023-04-11,2771,34,28,121,38350658,12681086,461152,,12219934,7697042
2023-04-12,6345,104,96,188,38357003,12680948,461155,,12219793,7697030
2023-04-13,6997,105,128,207,38364000,12680795,461126,,12219669,7697011
2023-04-14,6514,88,103,206,38370514,12680628,461104,,12219524,7697005
2023-04-15,6949,107,149,230,38377463,12680492,461060,,12219432,7697030
2023-04-16,3274,83,144,165,38380737,12680316,460996,,12219320,7696972
2023-04-17,864,12,13,49,38381601,12680111,460992,,12219119,7696838
2023-04-18,4784,101,77,160,38386385,12679959,461014,,12218945,7696776
2023-04-19,6567,117,98,177,38392952,12679819,461031,,12218788,7696729
2023-04-20,6386,101,152,210,38399338,12679687,460978,,12218709,7696735
2023-04-21,5773,85,75,133,38405111,12679530,460986,,12218544,7696659
2023-04-22,6388,92,91,180,38411499,12679390,460984,,12218406,7696644
2023-04-23,3301,119,147,170,38414800,12679291,460955,,12218336,7696623
2023-04-24,955,4,12,59,38415755,12679087,460945,,12218142,7696511
2023-04-25,4809,69,70,187,38420564,12678931,460944,,12217987,7696494
2023-04-26,6591,108,93,208,38427155,12678824,460959,,12217865,7696512
2023-04-27,6898,118,152,207,38434053,12678714,460921,,12217793,7696520
2023-04-28,6637,86,86,185,38440690,12678577,460919,,12217658,7696502
2023-04-29,6530,124,110,197,38447220,12678491,460932,,12217559,7696514
2023-04-30,2642,94,129,145,38449862,12678385,460896,,12217489,7696482
2023-05-01,1030,20,17,30,38450892,12678199,460897,,12217302,7696327
2023-05-02,4347,67,55,105,38455239,12678052,460904,,12217148,7696246
2023-05-03,5608,108,107,176,38460847,12677950,460902,,12217048,7696242
2023-05-04,8086,87,85,134,38468933,12677818,460903,,12216915,7696193
2023-05-05,13049,90,98,168,38481982,12677705,460892,,12216813,7696180
2023-05-06,15641,114,96,154,38497623,12677630,460909,,12216721,7696162
2023-05-07,6066,56,95,106,38503689,12677493,460866,,12216627,7696100
2023-05-08,2165,16,4,37,38505854,12677326,460876,,12216450,7695974
2023-05-09,12560,55,49,129,38518414,12677179,460879,,12216300,7695932
2023-05-10,14768,70,79,157,38533182,12677052,460868,,12216184,7695916
2023-05-11,13363,77,71,154,38546545,12676950,460873,,12216077,7695914
2023-05-12,13488,86,79,176,38560033,12676850,460878,,12215972,7695917
2023-05-13,11444,80,74,147,38571477,12676710,460881,,12215829,7695868
2023-05-14,4184,67,95,93,38575661,12676591,460852,,12215739,7695803
2023-05-15,1055,9,6,38,38576716,12676422,460849,,12215573,7695693
2023-05-16,8948,56,47,93,38585664,12676274,460853,,12215421,7695611
2023-05-17,11123,99,83,141,38596787,12676159,460866,,12215293,7695553
2023-05-18,10838,81,69,144,38607625,12676031,460877,,12215154,7695510
2023-05-19,10478,96,96,152,38618103,12675920,460874,,12215046,7695475
2023-05-20,9404,91,88,165,38627507,12675801,460876,,12214925,7695446
2023-05-21,3084,48,86,95,38630591,12675678,460836,,12214842,7695386
2023-05-22,970,14,11,30,38631561,12675513,460839,,12214674,7695257
2023-05-23,754,8,3,16,38632315,12675344,460844,,12214500,7695119
2023-05-24,8017,57,80,105,38640332,12675193,460820,,12214373,7695034
2023-05-25,9343,74,93,163,38649675,12675073,460799,,12214274,7695027
2023-05-26,7993,67,70,123,38657668,12674967,460796,,12214171,7694995
2023-05-27,8159,108,76,125,38665827,12674897,460826,,12214071,7694971
2023-05-28,2905,56,72,101,38668732,12674789,460807,,12213982,7694922
2023-05-29,972,13,11,30,38669704,12674627,460807,,12213820,7694791
2023-05-30,6070,61,50,112,38675774,12674492,460817,,12213675,7694726
2023-05-31,8168,91,94,122,38683942,12674397,460812,,12213585,7694685
2023-06-01,7358,71,95,122,38691300,12674279,460786,,12213493,7694639
2023-06-02,6323,50,48,121,38697623,12674146,460787,,12213359,7694594
2023-06-03,5485,70,63,123,38703108,12674034,460793,,12213241,7694558
2023-06-04,2048,47,78,77,38705156,12673937,460760,,12213177,7694504
2023-06-05,600,11,6,18,38705756,12673791,460763,,12213028,7694383
2023-06-06,4465,39,38,79,38710221,12673665,460761,,12212904,7694314
2023-06-07,5801,62,65,121,38716022,12673579,460755,,12212824,7694307
2023-06-08,5750,57,68,111,38721772,12673512,460743,,12212769,7694313
2023-06-09,6170,76,81,122,38727942,12673427,460738,,12212689,7694291
2023-06-10,5335,77,95,115,38733277,12673338,460718,,12212620,7694258
2023-06-11,2010,55,62,105,38735287,12673257,460707,,12212550,7694244
2023-06-12,691,11,7,38,38735978,12673158,460710,,12212448,7694183
2023-06-13,4192,55,58,103,38740170,12673065,460706,,12212359,7694162
2023-06-14,5469,72,83,118,38745639,12672973,460694,,12212279,7694140
2023-06-15,5098,70,76,121,38750737,12672885,460687,,12212198,7694121
2023-06-16,5688,70,64,120,38756425,12672807,460691,,12212116,7694114
2023-06-17,4087,63,62,112,38760512,12672735,460692,,12212043,7694104
2023-06-18,1557,41,61,98,38762069,12672642,460671,,12211971,7694087
2023-06-19,373,7,2,15,38762442,12672544,460675,,12211869,7694011
2023-06-20,3179,52,42,88,38765621,12672454,460683,,12211771,7693972
2023-06-21,3625,42,56,86,38769246,12672380,460667,,12211713,7693953
2023-06-22,3943,75,73,116,38773189,12672325,460669,,12211656,7693956
2023-06-23,4504,56,44,88,38777693,12672276,460680,,12211596,7693953
2023-06-24,3694,50,61,72,38781387,12672188,460667,,12211521,7693906
2023-06-25,1518,31,50,93,38782905,12672123,460648,,12211475,7693913
2023-06-26,510,12,9,23,38783415,12672054,460649,,12211405,7693863
2023-06-27,3074,80,46,90,38786489,12672038,460682,,12211356,7693872
2023-06-28,4065,74,58,89,38790554,12672031,460698,,12211333,7693885
2023-06-29,3956,64,72,82,38794510,12672017,460687,,12211330,7693899
2023-06-30,3793,74,60,127,38798303,12672017,460698,,12211319,7693957
2023-07-01,3100,52,87,114,38801403,12671993,460663,,12211330,7694004
2023-07-02,266,10,4,15,38801669,12671945,460669,,12211276,7693967
2023-07-03,376,6,5,26,38802045,12671889,460670,,12211219,7693938
2023-07-04,1229,16,11,48,38803274,12671845,460675,,12211170,7693929
2023-07-05,2369,53,40,70,38805643,12671843,460687,,12211156,7693952
2023-07-06,2483,37,69,84,38808126,12671822,460653,,12211169,7693988
2023-07-07,2803,53,46,70,38810929,12671846,460660,,12211186,7694032
2023-07-08,2370,63,43,90,38813299,12671895,460680,,12211215,7694109
2023-07-09,901,30,43,35,38814200,12671924,460667,,12211257,7694143
2023-07-10,290,4,2,15,38814490,12671927,460669,,12211258,7694157
2023-07-11,1707,36,20,55,38816197,12671953,460685,,12211268,7694203
2023-07-12,2186,52,47,78,38818383,12672005,460690,,12211315,7694281
2023-07-13,2041,55,65,64,38820424,12672059,460680,,12211379,7694344
