"report_date","previous_day_total_doses_administered","previous_day_at_least_one","previous_day_fully_vaccinated","previous_day_3doses","total_doses_administered","total_individuals_at_least_one","total_individuals_partially_vaccinated","total_doses_in_fully_vaccinated_individuals","total_individuals_fully_vaccinated","total_individuals_3doses"
2021-01-01,6251,6241,2,,32196,32141,32130,22,11,
2021-01-02,4613,4601,6,,36809,36690,36677,26,13,
2021-01-03,5394,5387,3,,42203,42077,42061,32,16,
2021-01-04,5994,5992,0,,48197,48068,48053,30,15,
2021-01-05,9683,9658,20,,57880,57724,57690,68,34,
2021-01-06,12793,12328,450,,70673,70048,69568,960,480,
2021-01-07,16216,15505,697,,86889,85552,84375,2354,1177,
2021-01-08,18037,17022,1002,,104926,102574,100395,4358,2179,
2021-01-09,19500,18423,1064,,124426,120996,117753,6486,3243,
2021-01-10,11371,11331,38,,135797,132318,129038,6560,3280,
2021-01-11,11711,11661,48,,147508,143979,140651,6656,3328,
2021-01-12,14467,14160,298,,161975,158131,154505,7252,3626,
2021-01-13,15435,13813,1593,,177410,171930,166713,10434,5217,
2021-01-14,19183,16732,2436,,196593,188656,181004,15304,7652,
2021-01-15,20049,17992,2038,,216642,206637,196947,19380,9690,
2021-01-16,17116,15933,1170,,233758,222554,211694,21720,10860,
2021-01-17,11256,10012,1237,,245014,232551,220456,24190,12095,
2021-01-18,6793,6711,72,,251807,239239,227075,24328,12164,
2021-01-19,11826,9718,2094,,263633,248936,234678,28516,14258,
2021-01-20,10800,7211,3572,,274433,256124,238295,35658,17829,
2021-01-21,10971,6852,4091,,285404,262960,241040,43840,21920,
2021-01-22,9038,4320,4698,,294442,267243,240627,53232,26616,
2021-01-23,7452,3036,4388,,301894,270249,239246,62006,31003,
2021-01-24,4381,1825,2536,,306275,272056,238517,67078,33539,
2021-01-25,5320,1047,4264,,311595,273071,235269,75604,37802,
2021-01-26,9387,2864,6495,,320982,275903,231607,88592,44296,
2021-01-27,9893,2861,7004,,330875,278735,227436,102598,51299,
2021-01-28,13109,5733,7334,,343984,284435,225802,117266,58633,
2021-01-29,10689,3276,7379,,354673,287680,221669,132022,66011,
2021-01-30,9186,2726,6423,,363859,290364,217933,144862,72431,
2021-01-31,3375,1562,1768,,367234,291892,217694,148396,74198,
2021-02-01,2121,484,1609,,369355,292342,216539,151606,75803,
2021-02-02,4407,1354,2995,,373762,293658,214864,157588,78794,
2021-02-03,6234,1714,4458,,379996,295331,212086,166490,83245,
2021-02-04,9076,1707,7290,,389072,296995,206466,181058,90529,
2021-02-05,8441,1466,6902,,397513,298421,200996,194850,97425,
2021-02-06,10659,1863,8736,,408172,300229,194077,212304,106152,
2021-02-07,7571,1727,5796,,415743,301916,189980,223872,111936,
2021-02-08,8219,3096,5080,,423962,304964,187961,234006,117003,
2021-02-09,15000,3852,11081,,438962,308774,180706,256136,128068,
2021-02-10,15505,4926,10518,,454467,313648,175087,277122,138561,
2021-02-11,16360,3897,12407,,470827,317493,166556,301874,150937,
2021-02-12,17652,2096,15506,,488479,319550,153127,332846,166423,
2021-02-13,16206,2442,13749,,504685,321947,141794,360306,180153,
2021-02-14,12877,920,11925,,517562,322819,130771,384096,192048,
2021-02-15,7860,484,7328,,525422,323255,123905,398700,199350,
2021-02-16,5990,1040,4900,,531412,324252,120025,408454,204227,
2021-02-17,10163,1607,8522,,541575,325815,113094,425442,212721,
2021-02-18,13866,2952,10870,,555441,328719,105158,447122,223561,
2021-02-19,18487,6213,12207,,573928,334880,99143,471474,235737,
2021-02-20,22624,11129,11443,,596552,345946,98804,494284,247142,
2021-02-21,17232,10377,6821,,613784,356263,102342,507842,253921,
2021-02-22,13581,8756,4774,,627365,364949,106304,517290,258645,
2021-02-23,17858,11121,6666,,645223,376014,110739,530550,265275,
2021-02-24,18570,13609,4880,,663793,389567,119454,540226,270113,
2021-02-25,20803,16486,4260,,684596,405987,131662,548650,274325,
2021-02-26,24887,21829,2997,,709483,427756,150471,554570,277285,
2021-02-27,27452,23576,3835,,736935,451268,170196,562144,281072,
2021-02-28,20578,19140,1404,,757513,470354,187920,564868,282434,
2021-03-01,18220,17025,1148,,775733,487317,203782,567070,283535,
2021-03-02,24675,22269,2322,,800408,509525,223714,571622,285811,
2021-03-03,30593,27963,2577,,831001,537437,249082,576710,288355,
2021-03-04,34689,32460,2144,,865690,569831,279382,580898,290449,
2021-03-05,39988,38158,1782,,905678,607941,315744,584394,292197,
2021-03-06,44139,41936,2165,,949817,649822,355501,588642,294321,
2021-03-07,32733,31554,1175,,982550,681302,385864,590876,295438,
2021-03-08,24034,22160,1860,,1006584,703394,406150,594488,297244,
2021-03-09,33282,29834,3420,,1039866,733162,432544,601236,300618,
2021-03-10,38328,34068,4215,,1078194,767156,462371,609570,304785,
2021-03-11,43973,40702,3232,,1122167,807792,499827,615930,307965,
2021-03-12,47702,45990,1688,,1169869,853718,544115,619206,309603,
2021-03-13,57909,55037,2845,,1227778,908684,596290,624788,312394,
2021-03-14,43409,42172,1220,,1271187,950773,637227,627092,313546,
2021-03-15,32803,31106,1682,,1303990,981820,666635,630370,315185,
2021-03-16,53947,51651,2280,,1357937,1033406,715984,634844,317422,
2021-03-17,61053,58515,2495,,1418990,1091855,771988,639734,319867,
2021-03-18,61533,59078,2429,,1480523,1150861,828618,644486,322243,
2021-03-19,64457,61133,3270,,1544980,1211916,886456,650920,325460,
2021-03-20,62557,59970,2556,,1607537,1271830,943862,655936,327968,
2021-03-21,43990,42469,1535,,1651527,1314234,984768,658932,329466,
2021-03-22,30993,30029,975,,1682520,1344175,1013790,660770,330385,
2021-03-23,54608,51835,2722,,1737128,1395915,1062871,666088,333044,
2021-03-24,76420,73239,3133,,1813548,1469064,1132944,672240,336120,
2021-03-25,82904,80325,2532,,1896452,1549310,1210715,677190,338595,
2021-03-26,86995,83466,3490,,1983447,1632695,1290662,684066,342033,
2021-03-27,80838,77890,2864,,2064285,1710482,1365650,689664,344832,
2021-03-28,66984,65395,1554,,2131269,1775787,1429458,692658,346329,
2021-03-29,51727,49041,2651,,2182996,1824748,1475814,697868,348934,
2021-03-30,73569,70162,3348,,2256565,1894833,1542592,704482,352241,
2021-03-31,93143,89494,3582,,2349708,1984229,1628459,711540,355770,
2021-04-01,89305,85431,3835,,2439013,2069562,1710010,719104,359552,
2021-04-02,93073,88850,4207,,2532086,2158326,1794619,727414,363707,
2021-04-03,60999,59325,1733,,2593085,2217560,1852171,730778,365389,
2021-04-04,72324,70671,1649,,2665409,2288120,1921140,733960,366980,
2021-04-05,53725,53256,469,,2719134,2341292,1973891,734802,367401,
2021-04-06,79571,77708,1883,,2798705,2418898,2049668,738460,369230,
2021-04-07,107993,104934,3050,,2906698,2523707,2151485,744444,372222,
2021-04-08,114065,110099,4021,,3020763,2633695,2257508,752374,376187,
2021-04-09,109834,105614,4293,,3130597,2739191,2358776,760830,380415,
2021-04-10,109229,105474,3847,,3239826,2844537,2460341,768392,384196,
2021-04-11,98619,95504,3258,,3338445,2939916,2552521,774790,387395,
2021-04-12,76061,75000,1154,,3414506,3014768,2626287,776962,388481,
2021-04-13,99462,96085,3397,,3513968,3110744,2718914,783660,391830,
2021-04-14,117039,113278,3649,,3631007,3223904,2828465,790878,395439,
2021-04-15,113554,109500,3896,,3744561,3333278,2934000,798556,399278,
2021-04-16,118084,113714,4191,,3862645,3446882,3043457,806850,403425,
2021-04-17,112405,107820,4445,,3975050,3554568,3146757,815622,407811,
2021-04-18,88734,86499,2102,,4063784,3640944,3231085,819718,409859,
2021-04-19,68964,67437,1448,,4132748,3708251,3296995,822512,411256,
2021-04-20,101932,98611,3116,,4234680,3806700,3392393,828614,414307,
2021-04-21,141989,137720,4034,,4376669,3944246,3525973,836546,418273,
2021-04-22,139465,135324,3902,,4516134,4079441,3657322,844238,422119,
2021-04-23,138197,131791,6160,,4654331,4211078,3782857,856442,428221,
2021-04-24,130278,126220,3885,,4784609,4337150,3905100,864100,432050,
2021-04-25,102011,98604,3177,,4886620,4435606,4000446,870320,435160,
2021-04-26,70999,69295,1556,,4957619,4504770,4068114,873312,436656,
2021-04-27,98495,95418,2887,,5056114,4600027,4160547,878960,439480,
2021-04-28,120565,115946,4428,,5176679,4715805,4271969,887672,443836,
2021-04-29,124473,119281,5044,,5301152,4834919,4386108,897622,448811,
2021-04-30,115805,110558,5010,,5416957,4945304,4491560,907488,453744,
2021-05-01,111280,107425,3640,,5528237,5052548,4595241,914614,457307,
2021-05-02,79131,76158,2860,,5607368,5128549,4668448,920202,460101,
2021-05-03,56785,55118,1595,,5664153,5183512,4721876,923272,461636,
2021-05-04,91916,88548,3282,,5756069,5271882,4807041,929682,464841,
2021-05-05,137987,133284,4619,,5894056,5404997,4935600,938794,469397,
2021-05-06,141825,136875,4813,,6035881,5541688,5067540,948296,474148,
2021-05-07,150273,145239,4831,,6186154,5686767,5207847,957840,478920,
2021-05-08,142445,137760,4436,,6328599,5824332,5341055,966554,483277,
2021-05-09,124789,121144,3477,,6453388,5945312,5458622,973380,486690,
2021-05-10,97796,95819,1876,,6551184,6040942,5552443,976998,488499,
2021-05-11,113513,108848,4486,,6664697,6149588,5656674,985828,492914,
2021-05-12,145030,138008,6876,,6809727,6287417,5787693,999448,499724,
2021-05-13,142661,135307,7204,,6952388,6422549,5915695,1013708,506854,
2021-05-14,148853,138767,9917,,7101241,6561128,6044422,1033412,516706,
2021-05-15,159718,149679,9861,,7260959,6710620,6184128,1052984,526492,
2021-05-16,144351,136085,8060,,7405310,6846537,6312065,1068944,534472,
2021-05-17,114966,110871,3942,,7520276,6957219,6418881,1076676,538338,
2021-05-18,111312,100454,10656,,7631588,7057477,6508545,1097864,548932,
2021-05-19,149862,133460,16225,,7781450,7190785,6625702,1130166,565083,
2021-05-20,151551,131568,19771,,7933001,7322164,6737379,1169570,584785,
2021-05-21,165367,140867,24243,,8098368,7462850,6853899,1217902,608951,
2021-05-22,199417,172228,26963,,8297785,7634881,6999048,1271666,635833,
2021-05-23,139812,127444,12223,,8437597,7762147,7114153,1295988,647994,
2021-05-24,100290,93320,6825,,8537887,7855294,7200545,1309498,654749,
2021-05-25,90451,82969,7273,,8628338,7938100,7276145,1323910,661955,
2021-05-26,139762,112999,26499,,8768100,8050912,7362528,1376768,688384,
2021-05-27,152049,123032,28765,,8920149,8173787,7456707,1434160,717080,
2021-05-28,163849,132296,31247,,9083998,8305910,7557642,1496536,748268,
2021-05-29,153366,117110,36024,,9237364,8422870,7638634,1568472,784236,
2021-05-30,149710,119009,30476,,9387074,8541709,7727059,1629300,814650,
2021-05-31,99203,79808,19203,,9486277,8621347,7787558,1667578,833789,
2021-06-01,124179,90600,33245,,9610456,8711752,7844793,1733918,866959,
2021-06-02,145296,102136,42910,,9755752,8813707,7903907,1819600,909800,
2021-06-03,155346,99900,55168,,9911098,8913422,7948525,1929794,964897,
2021-06-04,181697,115520,65906,,10092795,9028743,7998028,2061430,1030715,
2021-06-05,172003,103421,68305,,10264798,9131966,8033031,2197870,1098935,
2021-06-06,163374,91853,71241,,10428172,9223641,8053535,2340212,1170106,
2021-06-07,119551,63043,56291,,10547723,9286487,8060165,2452644,1226322,
2021-06-08,161882,72440,89003,,10709605,9358738,8043493,2630490,1315245,
2021-06-09,181454,70800,110188,,10891059,9429361,8004009,2850704,1425352,
2021-06-10,185566,66416,118663,,11076625,9495574,7951650,3087848,1543924,
2021-06-11,204762,67503,136506,,11281387,9562891,7882543,3360696,1680348,
2021-06-12,199712,62665,136450,,11481099,9625374,7808668,3633412,1816706,
2021-06-13,190316,58873,130915,,11671415,9684072,7736531,3895082,1947541,
2021-06-14,137685,38691,98595,,11809100,9722567,7676536,4092062,2046031,
2021-06-15,189407,42596,146456,,11998507,9764945,7572555,4384780,2192390,
2021-06-16,206183,42422,163121,,12204690,9807171,7451763,4710816,2355408,
2021-06-17,210420,37925,171912,,12415110,9844881,7317653,5054456,2527228,
2021-06-18,217140,35344,181191,,12632250,9880035,7171708,5416654,2708327,
2021-06-19,215862,35486,179706,,12848112,9915315,7027394,5775842,2887921,
2021-06-20,186254,35554,150124,,13034366,9950671,6912734,6075874,3037937,
2021-06-21,120421,20822,99100,,13154787,9971298,6834353,6273890,3136945,
2021-06-22,204918,27502,176662,,13359705,9998606,6685108,6626996,3313498,
2021-06-23,230508,28619,201153,,13590213,10027025,6512482,7029086,3514543,
2021-06-24,227671,26664,200257,,13817884,10053493,6338803,7429380,3714690,
2021-06-25,251092,27973,222374,,14068976,10081265,6144319,7873892,3936946,
2021-06-26,261278,29996,230580,,14330254,10111036,5943650,8334772,4167386,
2021-06-27,204987,27782,176602,,14535241,10138636,5794758,8687756,4343878,
2021-06-28,199238,20952,177725,,14734479,10159390,5637912,9042956,4521478,
2021-06-29,250099,24489,224881,,14984578,10183638,5437433,9492410,4746205,
2021-06-30,275523,24166,250791,,15260101,10207601,5210734,9993734,4996867,
2021-07-01,271958,25302,246102,,15532059,10232685,4989855,10485660,5242830,
2021-07-02,144713,11584,132904,,15676772,10244095,4868463,10751264,5375632,
2021-07-03,216887,19927,196729,,15893659,10263800,4691588,11144424,5572212,
2021-07-04,196165,19412,176531,,16089824,10283026,4534402,11497248,5748624,
2021-07-05,148715,12438,136134,,16238539,10295274,4410644,11769260,5884630,
2021-07-06,220014,19985,199814,,16458553,10315043,4230745,12168596,6084298,
2021-07-07,246599,22961,223399,,16705152,10337778,4030229,12615098,6307549,
2021-07-08,231193,21349,209635,,16936345,10358921,3841872,13034098,6517049,
2021-07-09,226977,21500,205310,,17163322,10380219,3657992,13444454,6722227,
2021-07-10,209052,20532,188364,,17372374,10400547,3490093,13820908,6910454,
2021-07-11,171661,17574,153962,,17544035,10417920,3353651,14128538,7064269,
2021-07-12,123129,11444,111588,,17667164,10429175,3253455,14351440,7175720,
2021-07-13,178487,19021,159324,,17845651,10447974,3113085,14669778,7334889,
2021-07-14,180027,19298,160572,,18025678,10467057,2971759,14990596,7495298,
2021-07-15,167185,19581,147432,,18192863,10486427,2843861,15285132,7642566,
2021-07-16,169335,19893,149289,,18362198,10506118,2714416,15583404,7791702,
2021-07-17,172991,20257,152607,,18535189,10526126,2582009,15888234,7944117,
2021-07-18,133621,15927,117557,,18668810,10541869,2480343,16123052,8061526,
2021-07-19,91972,10414,81450,,18760782,10552070,2409269,16285602,8142801,
2021-07-20,133528,16943,116526,,18894310,10568773,2309622,16518302,8259151,
2021-07-21,140077,16981,123026,,19034387,10585539,2203524,16764030,8382015,
2021-07-22,125595,17636,107822,,19159982,10602951,2113291,16979320,8489660,
2021-07-23,120246,16982,103058,,19280228,10619692,2027173,17185038,8592519,
2021-07-24,126685,18329,108118,,19406913,10637818,1937344,17400948,8700474,
2021-07-25,103622,14856,88637,,19510535,10652450,1863520,17577860,8788930,
2021-07-26,66678,9883,56704,,19577213,10662115,1816662,17690906,8845453,
2021-07-27,92364,15312,76889,,19669577,10677166,1755041,17844250,8922125,
2021-07-28,93930,16458,77399,,19763507,10693389,1694056,17998666,8999333,
2021-07-29,89385,16697,72525,,19852892,10709854,1638184,18143340,9071670,
2021-07-30,84046,16096,67837,,19936938,10725722,1586403,18278638,9139319,
2021-07-31,83831,15706,67973,,20020769,10741210,1534108,18414204,9207102,
2021-08-01,61853,11310,50362,,20082622,10752294,1495021,18514546,9257273,
2021-08-02,42476,7408,34950,,20125098,10759504,1467447,18584114,9292057,
2021-08-03,33278,5947,27161,,20158376,10765218,1446210,18638016,9319008,
2021-08-04,61303,12366,48747,,20219679,10777349,1409792,18735114,9367557,
2021-08-05,59435,12534,46748,,20279114,10789675,1375534,18828282,9414141,
2021-08-06,56007,11850,43941,,20335121,10801265,1343412,18915706,9457853,
2021-08-07,62353,12125,50032,,20397474,10813129,1305462,19015334,9507667,
2021-08-08,48660,9257,39216,,20446134,10822158,1275480,19093356,9546678,
2021-08-09,30847,5932,24739,,20476981,10827876,1256646,19142460,9571230,
2021-08-10,49242,10501,38439,,20526223,10838097,1228674,19218846,9609423,
2021-08-11,48710,10762,37704,,20574933,10848612,1201701,19293822,9646911,
2021-08-12,49228,11186,37814,,20624161,10859547,1175031,19369032,9684516,
2021-08-13,49605,11720,37610,,20673766,10871026,1149111,19443830,9721915,
2021-08-14,51206,12128,38869,,20724972,10882904,1122344,19521120,9760560,
2021-08-15,41750,9842,31685,,20766722,10892544,1100471,19584146,9792073,
2021-08-16,26723,6174,20394,,20793445,10898495,1086225,19624540,9812270,
2021-08-17,40489,11051,29175,,20833934,10909296,1068077,19682438,9841219,
2021-08-18,41882,11961,29679,,20875816,10921015,1050327,19741376,9870688,
2021-08-19,45876,16523,29090,,20921692,10937287,1037732,19799110,9899555,
2021-08-20,46422,16277,29730,,20968114,10953308,1024252,19858112,9929056,
2021-08-21,47936,15138,32430,,21016050,10968186,1006927,19922518,9961259,
2021-08-22,34377,10800,23310,,21050427,10978740,994393,19968694,9984347,
2021-08-23,23216,7003,15997,,21073643,10985508,985378,20000260,10000130,
2021-08-24,37642,13368,23819,,21111285,10998622,974904,20047436,10023718,
2021-08-25,41319,14406,26306,,21152604,11012772,962985,20099574,10049787,
2021-08-26,39254,13549,24963,,21191858,11026045,951536,20149018,10074509,
2021-08-27,37655,12926,23685,,21229513,11038730,940750,20195960,10097980,
2021-08-28,40099,13414,25510,,21269612,11051865,928630,20246470,10123235,
2021-08-29,30539,10244,19938,,21300151,11061877,918917,20285920,10142960,
2021-08-30,18229,6137,11843,,21318380,11067766,913182,20309168,10154584,
2021-08-31,32702,11935,19617,,21351082,11079433,905472,20347922,10173961,
2021-09-01,36224,12937,21942,,21387306,11092137,896451,20391372,10195686,
2021-09-02,37758,15638,19658,,21425064,11107523,892406,20430234,10215117,
2021-09-03,46860,21077,22434,,21471924,11128351,891030,20474642,10237321,
2021-09-04,46860,20581,24767,,21518784,11148686,886821,20523730,10261865,
2021-09-05,33057,14199,18569,,21551841,11162641,882431,20560420,10280210,
2021-09-06,21700,9483,12029,,21573541,11171875,879868,20584014,10292007,
2021-09-07,14991,6722,8086,,21588532,11178340,878487,20599706,10299853,
2021-09-08,41130,17107,20928,,21629662,11195183,874648,20641070,10320535,
2021-09-09,41435,16969,19671,,21671097,11211875,871921,20679908,10339954,
2021-09-10,39627,15503,18992,,21710724,11227116,868414,20717404,10358702,
2021-09-11,42360,15927,23330,,21753084,11242764,860990,20763548,10381774,
2021-09-12,29950,11527,17860,,21783034,11253997,854627,20798740,10399370,
2021-09-13,16079,6405,9178,,21799113,11260168,851839,20816658,10408329,
2021-09-14,29894,11554,15285,,21829007,11271420,848081,20846678,10423339,
2021-09-15,39264,14020,19412,,21868271,11285181,842674,20885014,10442507,
2021-09-16,39332,13977,19240,,21907603,11298923,837388,20923070,10461535,
2021-09-17,38910,13603,19329,,21946513,11312283,831650,20961266,10480633,
2021-09-18,41217,14078,23516,,21987730,11326088,822191,21007794,10503897,
2021-09-19,30646,10824,18975,,22018376,11336653,814027,21045252,10522626,
2021-09-20,16728,6098,10175,,22035104,11342497,809927,21065140,10532570,
2021-09-21,31349,11210,16986,,22066453,11353442,804135,21098614,10549307,
2021-09-22,41799,14812,22920,,22108252,11367958,796006,21143904,10571952,
2021-09-23,47215,16134,26023,,22155467,11383829,786098,21195462,10597731,
2021-09-24,46286,15626,26640,,22201753,11399194,775065,21248258,10624129,
2021-09-25,48181,15248,29941,,22249934,11414189,760353,21307672,10653836,
2021-09-26,37484,12416,24476,,22287418,11426330,748272,21356116,10678058,
2021-09-27,19147,6527,12314,,22306565,11432603,742469,21380268,10690134,
2021-09-28,30940,11290,17869,,22337505,11443634,735878,21415512,10707756,
2021-09-29,37871,12470,21718,,22375376,11455833,726610,21458446,10729223,
2021-09-30,37325,11648,21366,,22412701,11467222,716873,21500698,10750349,
2021-10-01,30862,9807,18403,,22443563,11476803,708264,21537078,10768539,
2021-10-02,37126,11154,23579,,22480689,11487687,695821,21583732,10791866,
2021-10-03,27199,8161,18321,,22507888,11495607,685648,21619918,10809959,
2021-10-04,14865,4745,9801,,22522753,11500106,680574,21639064,10819532,
2021-10-05,26804,8588,15860,,22549557,11508433,673287,21670292,10835146,
2021-10-06,31651,9636,18501,,22581208,11517810,664414,21706792,10853396,
2021-10-07,30340,9392,17116,,22611548,11526951,656677,21740548,10870274,
2021-10-08,32825,10739,18843,,22644373,11537420,648560,21777720,10888860,
2021-10-09,34128,10657,21010,,22678501,11547814,638193,21819242,10909621,
2021-10-10,23398,7656,15078,,22701899,11555219,630759,21848920,10924460,
2021-10-11,11998,3838,7862,,22713897,11558807,626719,21864176,10932088,
2021-10-12,5102,1625,3262,,22718999,11560154,625067,21870174,10935087,
2021-10-13,29095,9189,18077,,22748094,11569053,616163,21905780,10952890,
2021-10-14,29004,8902,17741,,22777098,11577680,607314,21940732,10970366,
2021-10-15,29083,8822,18162,,22806181,11586239,597961,21976556,10988278,
2021-10-16,31132,8985,19864,,22837313,11594933,587070,22015726,11007863,
2021-10-17,23693,7255,15366,,22861006,11601934,578946,22045976,11022988,
2021-10-18,12303,3747,8145,,22873309,11605400,574536,22061728,11030864,
2021-10-19,21255,6620,12624,,22894564,11611738,568519,22086438,11043219,
2021-10-20,25649,7537,14909,,22920213,11619028,561134,22115788,11057894,
2021-10-21,23162,6675,13025,,22943375,11625434,554773,22141322,11070661,
2021-10-22,26105,7307,15104,,22969480,11632418,546960,22170916,11085458,
2021-10-23,28166,7602,17151,,22997646,11639758,537404,22204708,11102354,
2021-10-24,19341,5727,12593,,23016987,11645229,530526,22229406,11114703,
2021-10-25,9924,2709,6473,,23026911,11647669,526754,22241830,11120915,
2021-10-26,18893,5385,11090,,23045804,11652776,521040,22263472,11131736,
2021-10-27,22839,6075,13202,,23068643,11658596,513899,22289394,11144697,
2021-10-28,22298,5791,12640,,23090941,11664099,507039,22314120,11157060,
2021-10-29,22802,5730,13042,,23113743,11669527,499712,22339630,11169815,
2021-10-30,24091,6034,14603,,23137834,11675289,491131,22368316,11184158,
2021-10-31,16469,4593,10594,,23154303,11679588,485125,22388926,11194463,
2021-11-01,7865,2079,5053,,23162168,11681387,482138,22398498,11199249,
2021-11-02,15617,4362,7741,,23177785,11685458,478748,22413420,11206710,
2021-11-03,18614,5065,9600,,23196399,11690220,474203,22432034,11216017,
2021-11-04,19495,4871,10026,,23215894,11694815,469033,22451564,11225782,
2021-11-05,21452,4402,9514,,23237346,11698928,463907,22470042,11235021,
2021-11-06,25325,5204,12151,,23262671,11703863,456943,22493840,11246920,
2021-11-07,21440,4021,8917,,23284111,11707603,452035,22511136,11255568,
2021-11-08,11988,2110,4729,,23296099,11709418,449400,22520036,11260018,
2021-11-09,24114,3848,7644,,23320213,11712945,445594,22534702,11267351,
2021-11-10,28469,4507,8990,,23348682,11717175,441097,22552156,11276078,
2021-11-11,28747,4302,9090,,23377429,11721181,436300,22569762,11284881,
2021-11-12,26735,4162,8232,,23404164,11725052,432216,22585672,11292836,
2021-11-13,34297,5078,11402,,23438461,11729824,425883,22607882,11303941,
2021-11-14,23212,3897,8600,,23461673,11733458,421173,22624570,11312285,
2021-11-15,12699,2185,4492,,23474372,11735383,418858,22633050,11316525,
2021-11-16,26166,3928,7476,,23500538,11739054,415306,22647496,11323748,
2021-11-17,31153,4046,7805,,23531691,11742818,411537,22662562,11331281,
2021-11-18,32479,3858,7510,,23564170,11746370,407871,22676998,11338499,
2021-11-19,35453,3858,7743,,23599623,11749927,403974,22691906,11345953,
2021-11-20,40101,4380,8811,,23639724,11754027,399534,22708986,11354493,
2021-11-21,28107,3432,6941,,23667831,11757197,396011,22722372,11361186,
2021-11-22,14891,1949,3891,,23682722,11758870,394063,22729614,11364807,
2021-11-23,33042,3272,6003,,23715764,11761862,391324,22741076,11370538,
2021-11-24,42635,3751,6795,,23758399,11765309,388269,22754080,11377040,
2021-11-25,46027,3931,6561,,23804426,11768965,385636,22766658,11383329,
2021-11-26,52847,11342,6611,,23857273,11780037,390360,22779354,11389677,
2021-11-27,63502,22349,7029,,23920775,11802105,405670,22792870,11396435,
2021-11-28,51448,27739,5308,,23972223,11829552,428089,22802926,11401463,
2021-11-29,33520,18933,2877,,24005743,11848224,444134,22808180,11404090,
2021-11-30,56014,20678,5124,,24061757,11868621,459678,22817886,11408943,
2021-12-01,69533,26239,5634,,24131290,11894554,480269,22828570,11414285,
2021-12-02,71618,26486,5031,,24202908,11920742,501711,22838062,11419031,
2021-12-03,73404,25096,5160,,24276312,11945542,521641,22847802,11423901,
2021-12-04,81136,27782,6061,47273,24357448,11973031,543353,,11429678,807530
2021-12-05,62616,31926,4404,26266,24420064,12004662,570867,,11433795,833692
2021-12-06,38622,19141,2711,16754,24458686,12023514,587290,,11436224,850368
2021-12-07,60274,14850,4464,40947,24518960,12038092,597666,,11440426,891241
2021-12-08,73438,19054,4675,49706,24592398,12056869,612035,,11444834,940869
2021-12-09,74480,18271,4336,51854,24666878,12074831,625962,,11448869,992638
2021-12-10,77469,17587,4648,55226,24744347,12092137,638896,,11453241,1047783
2021-12-11,83166,20403,5821,56930,24827513,12112251,653464,,11458787,1104627
2021-12-12,60744,22696,4152,33853,24888257,12134667,672002,,11462665,1138391
2021-12-13,34924,11600,2406,20895,24923181,12145970,681186,,11464784,1159191
2021-12-14,101958,8998,3856,89061,25025139,12154657,686313,,11468344,1248132
2021-12-15,127682,12426,4505,110713,25152821,12166779,694224,,11472555,1358745
2021-12-16,139329,12451,4241,122622,25292150,12178944,702424,,11476520,1481268
2021-12-17,159156,12401,4511,142222,25451306,12191070,710305,,11480765,1623393
2021-12-18,175574,13523,4918,157088,25626880,12204299,718898,,11485401,1780386
2021-12-19,140426,18157,3927,118307,25767306,12222155,733120,,11489035,1898582
2021-12-20,106814,10304,2743,93721,25874120,12232191,740671,,11491520,1992205
2021-12-21,215328,12963,4310,198033,26089448,12244838,749317,,11495521,2190117
2021-12-22,237225,14418,5194,217728,26326673,12258957,758527,,11500430,2407727
2021-12-23,257629,11716,5076,240742,26584302,12270368,765161,,11505207,2648363
2021-12-24,223441,9444,4564,209367,26807743,12279515,770037,,11509478,2857614
2021-12-25,89711,3885,2502,83336,26897454,12283125,771415,,11511710,2940843
2021-12-26,11895,387,358,11140,26909349,12283220,771436,,11511784,2951853
2021-12-27,46937,1491,1114,44301,26956286,12284466,771806,,11512660,2996034
2021-12-28,144762,6100,4002,134600,27101048,12290272,773893,,11516379,3130503
2021-12-29,175456,9374,4577,161434,27276504,12299350,778686,,11520664,3291809
2021-12-30,200046,10130,5343,184531,27476550,12309177,783458,,11525719,3476206
2021-12-31,195186,10006,5796,179133,27671736,12318894,787659,,11531235,3655213
2022-01-01,96940,5379,3875,87361,27768676,12323964,789155,,11534809,3742425
2022-01-02,19442,941,928,17444,27788118,12324614,789159,,11535455,3759723
2022-01-03,88250,4772,4591,78806,27876368,12329076,789332,,11539744,3838376
2022-01-04,146352,5996,5313,135003,28022720,12334744,790002,,11544742,3973223
2022-01-05,177474,7624,7290,162389,28200194,12342014,790325,,11551689,4135452
2022-01-06,191513,7200,6782,177006,28391707,12348895,790732,,11558163,4312303
2022-01-07,191254,7961,6987,175494,28582961,12356512,791694,,11564818,4487624
2022-01-08,181654,8625,6630,165212,28764615,12364805,793676,,11571129,4652680
2022-01-09,131091,9865,7178,113955,28895706,12374348,796358,,11577990,4766475
2022-01-10,90556,5108,4489,80828,28986262,12379134,796967,,11582167,4847150
2022-01-11,138856,6153,6561,125436,29125118,12384940,796546,,11588394,4972396
2022-01-12,157004,8157,8049,138675,29282122,12392768,796649,,11596119,5110903
2022-01-13,162666,9207,9213,141536,29444788,12401613,796629,,11604984,5252256
2022-01-14,159855,10751,10372,136041,29604643,12412003,797003,,11615000,5388099
2022-01-15,161191,11010,11670,135877,29765834,12422642,796332,,11626310,5523783
2022-01-16,109774,9289,9672,89453,29875608,12431569,795942,,11635627,5613018
2022-01-17,65777,5935,6563,52638,29941385,12437168,795304,,11641864,5665471
2022-01-18,36103,2003,2128,31148,29977488,12438816,795168,,11643648,5696423
2022-01-19,101308,5580,6718,85949,30078796,12443996,794012,,11649984,5782145
2022-01-20,103588,6321,7004,85725,30182384,12449933,793321,,11656612,5867647
2022-01-21,102098,6229,8059,82498,30284482,12455758,791477,,11664281,5949917
2022-01-22,102565,8711,12068,78108,30387047,12464080,788113,,11675967,6027797
2022-01-23,76685,7306,13990,54789,30463732,12471043,781422,,11689621,6082364
2022-01-24,42260,3194,7935,30742,30505992,12473873,776663,,11697210,6112899
2022-01-25,62556,3755,8368,48114,30568548,12477249,772035,,11705214,6160794
2022-01-26,77880,4911,13170,55691,30646428,12481783,763771,,11718012,6216243
2022-01-27,78068,4895,13243,56045,30724496,12486306,755413,,11730893,6272051
2022-01-28,77276,4671,13673,53893,30801772,12490619,746398,,11744221,6325725
2022-01-29,84807,5526,17710,58109,30886579,12495781,734207,,11761574,6383589
2022-01-30,66497,5025,20625,40152,30953076,12500464,718593,,11781871,6423516
2022-01-31,34741,2175,9879,22348,30987817,12502320,710880,,11791440,6445675
2022-02-01,51347,3264,9663,36525,31039164,12505231,704471,,11800760,6481975
2022-02-02,57704,3845,12396,38677,31096868,12508745,695905,,11812840,6520452
2022-02-03,52575,3610,11508,34299,31149443,12511978,687995,,11823983,6554500
2022-02-04,43085,2947,10558,27283,31192528,12514615,680374,,11834241,6581589
2022-02-05,58713,3742,14469,37562,31251241,12518025,669635,,11848390,6618938
2022-02-06,49857,3639,16115,29572,31301098,12521341,657154,,11864187,6648286
2022-02-07,23232,1690,7809,13440,31324330,12522705,651022,,11871683,6661502
2022-02-08,33382,2355,7241,21969,31357712,12524730,646129,,11878601,6683238
2022-02-09,38871,2780,8914,24408,31396583,12527151,639989,,11887162,6707394
2022-02-10,37534,2764,8835,22550,31434117,12529579,633914,,11895665,6729714
2022-02-11,39445,2724,10289,23005,31473562,12531957,626340,,11905617,6752481
2022-02-12,42037,2954,11453,25313,31515599,12534577,617830,,11916747,6777570
2022-02-13,36312,2799,13141,19939,31551911,12537089,607485,,11929604,6797311
2022-02-14,16972,1175,6119,9470,31568883,12537989,602533,,11935456,6806581
2022-02-15,19346,1384,4747,11875,31588229,12539049,599160,,11939889,6818229
2022-02-16,26017,1766,7729,14947,31614246,12540518,593193,,11947325,6832975
2022-02-17,26758,1683,7519,14984,31641004,12541846,587348,,11954498,6847704
2022-02-18,23935,1354,6607,13674,31664939,12542883,582083,,11960800,6861169
2022-02-19,37831,1902,8336,26050,31702770,12544454,575644,,11968810,6886978
2022-02-20,32571,1495,7963,22804,31735341,12545649,569168,,11976481,6909578
2022-02-21,17501,913,3678,12756,31752842,12546267,566394,,11979873,6922123
2022-02-22,9103,428,1550,6955,31761945,12546405,565267,,11981138,6928867
2022-02-23,25328,1326,4791,17292,31787273,12547421,561795,,11985626,6945923
2022-02-24,24570,1401,5233,15481,31811843,12548500,557958,,11990542,6961161
2022-02-25,23099,1389,5137,14507,31834942,12549595,554203,,11995392,6975442
2022-02-26,25226,1384,5908,16554,31860168,12550669,549672,,12000997,6991770
2022-02-27,26953,1370,7367,17702,31887121,12551770,543664,,12008106,7009277
2022-02-28,10127,594,2529,6745,31897248,12552111,541721,,12010390,7015839
2022-03-01,13192,945,3149,8165,31910440,12552751,539507,,12013244,7023787
2022-03-02,15411,1163,3575,9616,31925851,12553653,537088,,12016565,7033226
2022-03-03,14295,1077,3225,8688,31940146,12554418,534932,,12019486,7041683
2022-03-04,14470,991,3442,8314,31954616,12555088,532477,,12022611,7049744
2022-03-05,18527,1276,4995,11183,31973143,12556055,528747,,12027308,7060703
2022-03-06,16512,1088,5523,9604,31989655,12556863,524306,,12032557,7070100
2022-03-07,5947,466,1861,3509,31995602,12557044,522904,,12034140,7073392
2022-03-08,7357,698,1939,4158,32002959,12557464,521656,,12035808,7077351
2022-03-09,11155,906,2736,6406,32014114,12558094,519820,,12038274,7083555
2022-03-10,12757,1044,3254,6836,32026871,12558861,517603,,12041258,7090178
2022-03-11,12888,904,3407,6864,32039759,12559476,515092,,12044384,7096826
2022-03-12,14681,1046,4181,8310,32054440,12560250,511954,,12048296,7104932
2022-03-13,14743,1091,4997,8330,32069183,12561050,508044,,12053006,7113025
2022-03-14,6331,449,2228,3498,32075514,12561228,506262,,12054966,7116309
2022-03-15,10196,791,2625,5972,32085710,12561729,504416,,12057313,7122067
2022-03-16,13055,933,3661,6951,32098765,12562374,501685,,12060689,7128788
2022-03-17,13190,1047,3957,6756,32111955,12563133,498768,,12064365,7135324
2022-03-18,11903,912,3145,6432,32123858,12563742,496525,,12067217,7141532
2022-03-19,14437,1003,4161,7901,32138295,12564465,493365,,12071100,7149214
2022-03-20,11741,990,3955,6370,32150036,12565184,490395,,12074789,7155376
2022-03-21,5056,414,1589,2813,32155092,12565339,489216,,12076123,7157986
2022-03-22,6705,552,1557,3889,32161797,12565604,488206,,12077398,7161659
2022-03-23,9968,785,2298,5194,32171765,12566073,486690,,12079383,7166612
2022-03-24,9294,724,2377,4609,32181059,12566533,485028,,12081505,7171017
2022-03-25,9220,782,2153,4747,32190279,12567052,483649,,12083403,7175552
2022-03-26,10923,935,2832,5505,32201202,12567710,481750,,12085960,7180838
2022-03-27,10222,909,3537,5299,32211424,12568359,479118,,12089241,7185926
2022-03-28,3578,319,1107,1987,32215002,12568438,478327,,12090111,7187719
2022-03-29,5338,498,1210,2689,32220340,12568651,477609,,12091042,7190186
2022-03-30,7852,749,1835,4121,32228192,12569121,476518,,12092603,7194082
2022-03-31,8648,689,1924,4413,32236840,12569521,475277,,12094244,7198273
2022-04-01,9304,802,1912,4885,32246144,12570031,474158,,12095873,7202919
2022-04-02,10436,885,2212,5570,32256580,12570629,472819,,12097810,7208272
2022-04-03,9201,880,2567,5065,32265781,12571252,471126,,12100126,7213135
2022-04-04,4198,387,1006,2406,32269979,12571378,470504,,12100874,7215338
2022-04-05,6068,599,1036,3050,32276047,12571637,470061,,12101576,7218113
2022-04-06,8373,714,1477,4380,32284420,12572060,469293,,12102767,7222266
2022-04-07,10338,733,1687,4835,32294758,12572493,468334,,12104159,7226858
2022-04-08,23990,811,1582,4835,32318748,12573026,467557,,12105469,7231477
2022-04-09,30491,969,1973,5894,32349239,12573697,466544,,12107153,7237148
2022-04-10,24856,976,2389,5331,32374095,12574414,465125,,12109289,7242277
2022-04-11,12570,385,876,2432,32386665,12574549,464630,,12109919,7244507
2022-04-12,28116,693,1017,3535,32414781,12574938,464299,,12110639,7247809
2022-04-13,37779,853,1560,4929,32452560,12575492,463588,,12111904,7252508
2022-04-14,37897,761,1615,4911,32490457,12575941,462731,,12113210,7257166
2022-04-15,43393,1230,2101,6725,32533850,12576873,461856,,12115017,7263654
2022-04-16,8090,358,650,1737,32541940,12576971,461562,,12115409,7265175
2022-04-17,21010,870,1924,4317,32562950,12577557,460501,,12117056,7269269
2022-04-18,5457,305,461,1289,32568407,12577575,460340,,12117235,7270317
2022-04-19,22651,615,773,3103,32591058,12577907,460173,,12117734,7273200
2022-04-20,40327,1063,1394,4618,32631385,12578644,459839,,12118805,7277554
2022-04-21,38750,942,1600,4681,32670135,12579290,459172,,12120118,7282001
2022-04-22,35618,1013,1431,4266,32705753,12580031,458747,,12121284,7286049
2022-04-23,34648,1006,1735,4711,32740401,12580753,458015,,12122738,7290521
2022-04-24,20813,1021,1887,3777,32761214,12581524,457146,,12124378,7294104
2022-04-25,8298,453,691,1707,32769512,12581708,456907,,12124801,7295595
2022-04-26,24613,732,945,3142,32794125,12582148,456688,,12125460,7298500
2022-04-27,33597,955,1368,3936,32827722,12582827,456267,,12126560,7302219
2022-04-28,32832,928,1413,3930,32860554,12583482,455773,,12127709,7305926
2022-04-29,32056,1098,1379,3911,32892610,12584282,455485,,12128797,7309608
2022-04-30,30278,923,1534,4024,32922888,12584908,454867,,12130041,7313396
2022-05-01,16751,768,1579,2970,32939639,12585379,454051,,12131328,7316123
2022-05-02,5933,309,524,1097,32945572,12585392,453832,,12131560,7316993
2022-05-03,20927,588,831,2346,32966499,12585675,453583,,12132092,7319100
2022-05-04,29416,800,1091,3293,32995915,12586165,453287,,12132878,7322144
2022-05-05,29094,873,1161,3125,33025009,12586726,452989,,12133737,7325025
2022-05-06,29089,1147,1280,2986,33054098,12587585,452851,,12134734,7327784
2022-05-07,28486,869,1262,3112,33082584,12588164,452453,,12135711,7330672
2022-05-08,15998,896,1309,2323,33098582,12588803,452038,,12136765,7332794
2022-05-09,5897,293,474,943,33104479,12588830,451851,,12136979,7333527
2022-05-10,21223,696,718,2119,33125702,12589208,451822,,12137386,7335386
2022-05-11,28947,837,1083,2655,33154649,12589712,451572,,12138140,7337769
2022-05-12,28236,799,1084,2512,33182885,12590214,451283,,12138931,7340040
2022-05-13,27591,878,1117,2469,33210476,12590781,451039,,12139742,7342252
2022-05-14,25689,807,1098,2608,33236165,12591273,450741,,12140532,7344606
2022-05-15,14846,751,1274,2056,33251011,12591752,450211,,12141541,7346443
2022-05-16,6381,325,532,1047,33257392,12591839,450000,,12141839,7347303
2022-05-17,19599,587,778,1742,33276991,12592110,449802,,12142308,7348796
2022-05-18,26542,878,1100,2272,33303533,12592724,449575,,12143149,7350853
2022-05-19,24436,682,1156,2159,33327969,12593139,449094,,12144045,7352795
2022-05-20,24262,801,1136,2215,33352231,12593672,448755,,12144917,7354792
2022-05-21,22398,692,1167,2346,33374629,12594055,448271,,12145784,7356896
2022-05-22,10556,551,889,1486,33385185,12594345,447928,,12146417,7358165
2022-05-23,4564,241,462,787,33389749,12594326,447705,,12146621,7358743
2022-05-24,2618,119,179,435,33392367,12594192,447643,,12146549,7358969
2022-05-25,19357,654,947,1951,33411724,12594580,447340,,12147240,7360710
2022-05-26,20639,664,949,1908,33432363,12594971,447049,,12147922,7362396
2022-05-27,21756,818,1057,2075,33454119,12595501,446807,,12148694,7364238
2022-05-28,19402,721,1165,2146,33473521,12595952,446360,,12149592,7366170
2022-05-29,12109,761,1281,1725,33485630,12596478,445833,,12150645,7367703
2022-05-30,4580,311,550,751,33490210,12596543,445591,,12150952,7368256
2022-05-31,13546,572,749,1665,33503756,12596813,445408,,12151405,7369681
2022-06-01,16609,702,970,1878,33520365,12597212,445138,,12152074,7371305
2022-06-02,14602,556,866,1675,33534967,12597456,444821,,12152635,7372739
2022-06-03,16100,697,1095,1814,33551067,12597875,444417,,12153458,7374335
2022-06-04,13320,649,1164,1843,33564387,12598266,443897,,12154369,7375976
2022-06-05,7866,587,1109,1432,33572253,12598604,443371,,12155233,7377216
2022-06-06,3293,206,444,641,33575546,12598562,443130,,12155432,7377656
2022-06-07,11218,475,726,1370,33586764,12598737,442874,,12155863,7378782
2022-06-08,14062,667,1013,1608,33600826,12599144,442523,,12156621,7380171
2022-06-09,13369,662,922,1673,33614195,12599518,442258,,12157260,7381612
2022-06-10,13849,685,1067,1696,33628044,12599917,441868,,12158049,7383078
2022-06-11,12981,616,1030,1851,33641025,12600248,441452,,12158796,7384706
2022-06-12,8095,644,1236,1501,33649120,12600635,440856,,12159779,7386001
2022-06-13,3187,284,422,710,33652307,12600653,440713,,12159940,7386502
2022-06-14,10127,511,666,1264,33662434,12600875,440552,,12160323,7387528
2022-06-15,13505,471,831,1621,33675939,12601051,440190,,12160861,7388912
2022-06-16,12539,494,856,1616,33688478,12601240,439823,,12161417,7390281
2022-06-17,11690,480,818,1652,33700168,12601434,439478,,12161956,7391698
2022-06-18,11447,436,874,1860,33711615,12601599,439037,,12162562,7393334
2022-06-19,7001,483,897,1419,33718616,12601831,438622,,12163209,7394540
2022-06-20,2286,147,301,643,33720902,12601754,438462,,12163292,7395013
2022-06-21,9541,357,615,1384,33730443,12601824,438199,,12163625,7396149
2022-06-22,13606,406,724,1702,33744049,12601958,437874,,12164084,7397626
2022-06-23,13701,401,774,1682,33757750,12602092,437498,,12164594,7399094
2022-06-24,15362,435,811,1672,33773112,12602267,437118,,12165149,7400551
2022-06-25,14468,425,851,1713,33787580,12602431,436681,,12165750,7402055
2022-06-26,8156,432,885,1280,33795736,12602601,436221,,12166380,7403118
2022-06-27,3212,171,364,594,33798948,12602523,436024,,12166499,7403505
2022-06-28,9617,369,556,1225,33808565,12602607,435833,,12166774,7404498
2022-06-29,13308,413,728,1629,33821873,12602730,435516,,12167214,7405887
2022-06-30,12228,483,846,1576,33834101,12602929,435151,,12167778,7407230
2022-07-01,13035,548,970,1947,33847136,12603219,434724,,12168495,7408971
2022-07-02,1610,110,115,363,33848746,12603053,434717,,12168336,7409102
2022-07-03,5158,260,493,959,33853904,12603056,434475,,12168581,7409845
2022-07-04,2757,132,279,614,33856661,12602941,434327,,12168614,7410262
2022-07-05,11142,372,599,1573,33867803,12603016,434092,,12168924,7411587
2022-07-06,15956,545,857,2009,33883759,12603266,433774,,12169492,7413354
2022-07-07,15662,520,832,1924,33899421,12603498,433461,,12170037,7415025
2022-07-08,17883,555,870,2244,33917304,12603748,433145,,12170603,7417020
2022-07-09,14139,450,597,1843,33931443,12603923,432997,,12170926,7418628
2022-07-10,8745,475,754,1501,33940188,12604150,432717,,12171433,7419923
2022-07-11,4092,199,331,870,33944280,12604084,432582,,12171502,7420573
2022-07-12,12105,412,523,1654,33956385,12604197,432466,,12171731,7421973
2022-07-13,16719,564,772,2143,33973104,12604465,432252,,12172213,7423873
2022-07-14,16858,485,674,2023,33989962,12604645,432052,,12172593,7425657
2022-07-15,28891,599,822,2183,34018853,12604944,431828,,12173116,7427599
2022-07-16,30295,586,771,2326,34049148,12605216,431634,,12173582,7429673
2022-07-17,22927,538,636,1887,34072075,12605517,431533,,12173984,7431366
2022-07-18,11393,187,254,856,34083468,12605436,431461,,12173975,7432000
2022-07-19,28950,593,590,2134,34112418,12605754,431461,,12174293,7433902
2022-07-20,37634,839,924,2591,34150052,12606314,431371,,12174943,7436256
2022-07-21,36351,732,810,2805,34186403,12606759,431286,,12175473,7438821
2022-07-22,35797,825,891,2682,34222200,12607297,431214,,12176083,7441266
2022-07-23,35145,820,912,2831,34257345,12607802,431114,,12176688,7443841
2022-07-24,21732,600,804,1774,34279077,12608139,430907,,12177232,7445390
2022-07-25,11934,308,311,1080,34291011,12608163,430899,,12177264,7446240
2022-07-26,26086,620,602,2210,34317097,12608500,430916,,12177584,7448208
2022-07-27,32466,810,847,2647,34349563,12609051,430877,,12178174,7450644
2022-07-28,31536,724,884,2606,34381099,12609478,430713,,12178765,7452999
2022-07-29,29991,1791,875,2644,34411090,12610977,431625,,12179352,7455393
2022-07-30,25827,2526,747,2433,34436917,12613223,433402,,12179821,7457593
2022-07-31,14299,1068,541,1560,34451216,12614022,433925,,12180097,7458925
2022-08-01,5912,337,223,681,34457128,12614100,434037,,12180063,7459383
2022-08-02,4475,305,135,602,34461603,12614135,434203,,12179932,7459763
2022-08-03,22933,2636,737,2236,34484536,12616495,436098,,12180397,7461763
2022-08-04,22229,2482,679,2130,34506765,12618650,437895,,12180755,7463630
2022-08-05,21792,2756,744,2067,34528557,12621125,439899,,12181226,7465469
2022-08-06,19644,2877,657,1991,34548201,12623691,442113,,12181578,7467202
2022-08-07,12704,2236,620,1421,34560905,12625652,443723,,12181929,7468405
2022-08-08,4766,570,188,603,34565671,12625934,444098,,12181836,7468771
2022-08-09,14009,1466,558,1591,34579680,12627113,445000,,12182113,7470121
2022-08-10,19129,2365,718,1991,34598809,12629205,446645,,12182560,7471884
2022-08-11,17074,2040,718,1854,34615883,12630969,447965,,12183004,7473505
2022-08-12,16980,2048,734,1851,34632863,12632728,449278,,12183450,7475127
2022-08-13,15949,2223,762,1806,34648812,12634669,450737,,12183932,7476694
2022-08-14,9524,1621,618,1083,34658336,12636001,451736,,12184265,7477541
2022-08-15,3870,388,270,477,34662206,12636136,451851,,12184285,7477809
2022-08-16,10803,1073,514,1355,34673009,12636910,452408,,12184502,7478914
2022-08-17,16095,1833,738,1782,34689104,12638456,453502,,12184954,7480460
2022-08-18,14928,1640,748,1692,34704032,12639771,454390,,12185381,7481880
2022-08-19,15311,1846,749,1547,34719343,12641340,455483,,12185857,7483193
2022-08-20,14282,1640,739,1545,34733625,12642689,456378,,12186311,7484500
2022-08-21,9901,1532,660,1163,34743526,12643956,457246,,12186710,7485446
2022-08-22,4163,481,271,561,34747689,12644134,457453,,12186681,7485748
2022-08-23,11132,1248,554,1493,34758821,12645075,458143,,12186932,7486989
2022-08-24,14756,1808,869,2185,34773577,12646612,459082,,12187530,7488943
2022-08-25,14026,1718,780,2120,34787603,12648042,460013,,12188029,7490818
2022-08-26,13926,1689,815,2090,34801529,12649436,460880,,12188556,7492659
2022-08-27,12411,1484,876,1997,34813940,12650595,461482,,12189113,7494390
2022-08-28,7923,1258,621,1397,34821863,12651593,462117,,12189476,7495568
2022-08-29,3396,502,286,681,34825259,12651816,462328,,12189488,7496017
2022-08-30,9904,1169,649,1855,34835163,12652629,462842,,12189787,7497571
2022-08-31,13510,1627,946,2312,34848673,12653966,463519,,12190447,7499640
2022-09-01,12904,1721,912,2139,34861577,12655391,464323,,12191068,7501533
2022-09-02,15041,1615,991,4917,34876618,12656731,464939,,12191792,7506224
2022-09-03,14710,1524,920,5512,34891328,12657973,465540,,12192433,7511502
2022-09-04,8663,1010,675,3234,34899991,12658719,465866,,12192853,7514516
2022-09-05,3554,321,229,1386,34903545,12658775,465955,,12192820,7515680
2022-09-06,2464,158,114,1128,34906009,12658679,465996,,12192683,7516599
2022-09-07,10924,1018,587,3491,34916933,12659399,466423,,12192976,7519839
2022-09-08,10867,1021,525,2790,34927800,12660092,466916,,12193176,7522353
2022-09-09,9580,1012,488,2501,34937380,12660817,467435,,12193382,7524619
2022-09-10,10631,1264,551,3165,34948011,12661805,468141,,12193664,7527551
2022-09-11,9408,982,667,3735,34957419,12662539,468450,,12194089,7531077
2022-09-12,3124,294,204,1079,34960543,12662551,468534,,12194017,7531919
2022-09-13,6014,542,281,1132,34966557,12662808,468786,,12194022,7532809
2022-09-14,14480,797,434,1845,34981037,12663287,469145,,12194142,7534388
2022-09-15,15752,780,408,1533,34996789,12663747,469512,,12194235,7535650
2022-09-16,17755,766,447,1690,35014544,12664254,469825,,12194429,7537120
2022-09-17,17609,722,456,1665,35032153,12664672,470087,,12194585,7538531
2022-09-18,11210,775,451,1686,35043363,12665190,470409,,12194781,7539997
2022-09-19,4978,404,289,670,35048341,12665325,470520,,12194805,7540455
2022-09-20,13767,442,331,944,35062108,12665452,470629,,12194823,7541136
2022-09-21,23032,646,407,1496,35085140,12665790,470863,,12194927,7542378
2022-09-22,22909,636,398,1378,35108049,12666119,471095,,12195024,7543495
2022-09-23,22940,726,599,1417,35130989,12666547,471217,,12195330,7544659
2022-09-24,21686,736,690,1498,35152675,12666989,471259,,12195730,7545921
2022-09-25,11318,595,702,1355,35163993,12667307,471146,,12196161,7547044
2022-09-26,4561,192,218,594,35168554,12667209,471114,,12196095,7547395
2022-09-27,37649,498,365,1498,35206203,12667440,471243,,12196197,7548668
2022-09-28,50963,730,670,1900,35257166,12667901,471302,,12196599,7550342
2022-09-29,47996,637,740,1836,35305162,12668221,471191,,12197030,7551904
2022-09-30,47269,679,806,2001,35352431,12668575,471062,,12197513,7553625
2022-10-01,34444,527,633,1546,35386875,12668796,470954,,12197842,7554906
2022-10-02,24243,736,1028,1711,35411118,12669239,470659,,12198580,7556366
2022-10-03,10864,238,230,611,35421982,12669186,470663,,12198523,7556739
2022-10-04,32191,478,459,1169,35454173,12669346,470678,,12198668,7557633
2022-10-05,40427,625,740,1561,35494600,12669656,470557,,12199099,7558933
2022-10-06,38690,610,653,1568,35533290,12669963,470512,,12199451,7560241
2022-10-07,42233,661,852,1741,35575523,12670280,470313,,12199967,7561684
2022-10-08,37389,783,1145,2119,35612912,12670733,469945,,12200788,7563529
2022-10-09,18813,549,727,1556,35631725,12671007,469764,,12201243,7564850
2022-10-10,6862,170,370,567,35638587,12670880,469561,,12201319,7565158
2022-10-11,4992,124,111,318,35643579,12670710,469569,,12201141,7565238
2022-10-12,35108,579,685,1426,35678687,12670957,469461,,12201496,7566376
2022-10-13,36753,644,857,1619,35715440,12671241,469245,,12201996,7567691
2022-10-14,36970,621,752,1542,35752410,12671533,469111,,12202422,7568954
2022-10-15,35450,715,1013,1626,35787860,12671961,468810,,12203151,7570335
2022-10-16,20662,654,1024,1593,35808522,12672348,468434,,12203914,7571700
2022-10-17,7353,206,477,539,35815875,12672272,468161,,12204111,7572000
2022-10-18,36419,457,500,1396,35852294,12672414,468113,,12204301,7573128
2022-10-19,49891,619,729,1983,35902185,12672735,468000,,12204735,7574863
2022-10-20,51276,624,649,2048,35953461,12673049,467972,,12205077,7576650
2022-10-21,52840,697,618,1936,36006301,12673421,468047,,12205374,7578318
2022-10-22,50858,751,904,2310,36057159,12673846,467889,,12205957,7580357
2022-10-23,30633,578,783,2118,36087792,12674112,467678,,12206434,7582214
2022-10-24,14132,232,271,978,36101924,12674047,467634,,12206413,7582939
2022-10-25,41357,473,489,1818,36143281,12674177,467615,,12206562,7584466
2022-10-26,51639,616,660,2124,36194920,12674463,467567,,12206896,7586314
2022-10-27,50098,609,767,2162,36245018,12674751,467401,,12207350,7588210
2022-10-28,49790,590,675,2094,36294808,12674989,467311,,12207678,7590001
2022-10-29,50586,734,778,2219,36345394,12675378,467263,,12208115,7591923
2022-10-30,28390,664,930,2034,36373784,12675764,466993,,12208771,7593717
2022-10-31,12437,199,234,777,36386221,12675689,466955,,12208734,7594263
2022-11-01,33081,339,198,1220,36419302,12675687,467090,,12208597,7595193
2022-11-02,44274,576,622,1904,36463576,12675940,467040,,12208900,7596806
2022-11-03,44179,540,605,1856,36507755,12676159,466971,,12209188,7598384
2022-11-04,44631,652,528,2026,36552386,12676510,467088,,12209422,7600158
2022-11-05,45196,649,753,2369,36597582,12676862,466981,,12209881,7602264
2022-11-06,26015,560,771,2096,36623597,12677086,466767,,12210319,7604068
2022-11-07,10710,243,235,876,36634307,12677054,466772,,12210282,7604716
2022-11-08,33474,487,395,1585,36667781,12677259,466861,,12210398,7606063
2022-11-09,40524,605,569,1963,36708305,12677554,466895,,12210659,7607763
2022-11-10,39165,623,547,1927,36747470,12677864,466966,,12210898,7609420
2022-11-11,43334,636,641,2206,36790804,12678187,466960,,12211227,7611355
2022-11-12,36838,640,591,2185,36827642,12678508,467001,,12211507,7613262
2022-11-13,24262,559,770,2277,36851904,12678781,466784,,12211997,7615295
2022-11-14,10966,233,204,1024,36862870,12678726,466812,,12211914,7616067
2022-11-15,33603,484,380,1691,36896473,12678851,466912,,12211939,7617454
2022-11-16,43530,798,583,2370,36940003,12679357,467121,,12212236,7619578
2022-11-17,38339,672,646,2241,36978342,12679701,467143,,12212558,7621539
2022-11-18,40617,726,530,2330,37018959,12680088,467335,,12212753,7623573
2022-11-19,39647,1010,1030,3070,37058606,12680758,467311,,12213447,7626342
2022-11-20,22418,661,718,2441,37081024,12681148,467250,,12213898,7628557
2022-11-21,8920,197,192,969,37089944,12681085,467250,,12213835,7629323
2022-11-22,26436,480,368,1512,37116380,12681218,467358,,12213860,7630530
2022-11-23,32073,687,668,2068,37148453,12681582,467375,,12214207,7632324
2022-11-24,31896,663,750,2082,37180349,12681938,467286,,12214652,7634150
2022-11-25,30750,764,828,1950,37211099,12682397,467216,,12215181,7635844
2022-11-26,30278,907,1191,2696,37241377,12682974,466923,,12216051,7638259
2022-11-27,18675,611,944,2087,37260052,12683289,466585,,12216704,7640096
2022-11-28,7537,191,280,786,37267589,12683191,466489,,12216702,7640629
2022-11-29,21016,421,452,1291,37288605,12683293,466454,,12216839,7641649
2022-11-30,27887,645,649,1841,37316492,12683631,466448,,12217183,7643224
2022-12-01,24800,593,682,1692,37341292,12683905,466356,,12217549,7644638
2022-12-02,25050,525,631,1771,37366342,12684112,466244,,12217868,7646134
2022-12-03,25552,587,780,1944,37391894,12684384,466041,,12218343,7647822
2022-12-04,15246,497,606,1700,37407140,12684558,465927,,12218631,7649236
2022-12-05,6877,168,156,746,37414017,12684439,465934,,12218505,7649739
2022-12-06,20338,421,351,1376,37434355,12684504,465999,,12218505,7650813
2022-12-07,24774,553,607,1669,37459129,12684750,465939,,12218811,7652219
2022-12-08,23160,564,523,1761,37482289,12685008,465978,,12219030,7653711
2022-12-09,23320,635,575,1632,37505609,12685329,466035,,12219294,7655078
2022-12-10,22568,511,600,1627,37528177,12685538,465943,,12219595,7656442
2022-12-11,14200,549,785,1566,37542377,12685829,465704,,12220125,7657785
2022-12-12,5506,150,157,593,37547883,12685697,465692,,12220005,7658142
2022-12-13,17793,378,367,1125,37565676,12685764,465701,,12220063,7659003
2022-12-14,21314,511,547,1453,37586990,12685993,465659,,12220334,7660220
2022-12-15,21960,532,602,1578,37608950,12686201,465587,,12220614,7661518
2022-12-16,16282,379,450,1030,37625232,12686263,465513,,12220750,7662280
2022-12-17,18694,559,507,1273,37643926,12686513,465563,,12220950,7663277
2022-12-18,12635,529,794,1305,37656561,12686773,465297,,12221476,7664341
2022-12-19,4585,133,115,448,37661146,12686590,465311,,12221279,7664516
2022-12-20,16202,500,448,1106,37677348,12686785,465356,,12221429,7665364
2022-12-21,18467,547,551,1298,37695815,12687044,465348,,12221696,7666411
2022-12-22,18592,575,589,1745,37714407,12687331,465334,,12221997,7667905
2022-12-23,15638,580,598,1712,37730045,12687571,465311,,12222260,7669333
2022-12-24,5336,224,171,672,37735381,12687502,465363,,12222139,7669743
2022-12-25,2443,153,153,480,37737824,12687360,465354,,12222006,7669968
2022-12-26,262,12,7,48,37738086,12687088,465354,,12221734,7669773
2022-12-27,2094,99,36,305,37740180,12686912,465414,,12221498,7669848
2022-12-28,8317,337,167,976,37748497,12686949,465579,,12221370,7670561
2022-12-29,13159,584,524,1601,37761656,12687225,465635,,12221590,7671896
2022-12-30,15815,671,657,1880,37777471,12687602,465646,,12221956,7673513
2022-12-31,11230,462,386,1354,37788701,12687730,465718,,12222012,7674577
2023-01-01,3907,202,219,562,37792608,12687634,465701,,12221933,7674875
2023-01-02,651,37,14,96,37793259,12687399,465723,,12221676,7674734
2023-01-03,8193,298,151,898,37801452,12687426,465864,,12221562,7675403
2023-01-04,14717,576,547,1544,37816169,12687727,465887,,12221840,7676705
2023-01-05,16115,653,534,1795,37832284,12688092,465999,,12222093,7678250
2023-01-06,18824,718,609,2044,37851108,12688535,466105,,12222430,7680054
2023-01-07,18522,704,638,2055,37869630,12688969,466166,,12222803,7681875
2023-01-08,11611,584,608,1630,37881241,12689310,466139,,12223171,7683290
2023-01-09,5299,216,196,664,37886540,12689233,466157,,12223076,7683705
2023-01-10,12157,419,316,781,37898697,12689361,466258,,12223103,7684232
2023-01-11,15538,460,370,1092,37914235,12689513,466345,,12223168,7685061
2023-01-12,14061,446,408,973,37928296,12689664,466382,,12223282,7685778
2023-01-13,14163,424,345,1039,37942459,12689847,466459,,12223388,7686604
2023-01-14,13381,477,452,1077,37955840,12690046,466479,,12223567,7687435
2023-01-15,9045,466,507,1050,37964885,12690262,466437,,12223825,7688275
2023-01-16,3745,148,130,479,37968630,12690154,466455,,12223699,7688525
2023-01-17,8849,269,179,651,37977479,12690103,466542,,12223561,7688903
2023-01-18,10261,350,272,761,37987740,12690176,466617,,12223559,7689414
2023-01-19,10587,318,318,760,37998327,12690218,466613,,12223605,7689938
2023-01-20,9826,317,272,717,38008153,12690264,466656,,12223608,7690412
2023-01-21,11304,358,398,904,38019457,12690347,466616,,12223731,7691084
2023-01-22,7567,345,404,816,38027024,12690447,466555,,12223892,7691679
2023-01-23,3380,143,131,288,38030404,12690379,466567,,12223812,7691779
2023-01-24,8282,227,166,549,38038686,12690321,466626,,12223695,7692078
2023-01-25,10306,349,296,661,38048992,12690416,466675,,12223741,7692523
2023-01-26,6721,236,203,469,38055713,12690380,466706,,12223674,7692759
2023-01-27,6906,241,197,491,38062619,12690339,466747,,12223592,7693007
2023-01-28,9344,313,339,694,38071963,12690383,466717,,12223666,7693466
2023-01-29,5962,235,341,690,38077925,12690362,466606,,12223756,7693926
2023-01-30,1899,88,79,215,38079824,12690193,466613,,12223580,7693915
2023-01-31,5879,158,150,412,38085703,12690070,466619,,12223451,7694075
2023-02-01,7295,250,249,489,38092998,12690092,466618,,12223474,7694365
2023-02-02,6480,296,239,501,38099478,12690162,466673,,12223489,7694679
2023-02-03,6547,196,192,463,38106025,12690127,466675,,12223452,7694936
2023-02-04,6726,232,306,542,38112751,12690143,466596,,12223547,7695295
2023-02-05,4175,198,291,484,38116926,12690096,466501,,12223595,7695576
2023-02-06,1834,91,98,211,38118760,12689938,466492,,12223446,7695561
2023-02-07,4964,162,181,383,38123724,12689843,466471,,12223372,7695723
2023-02-08,5767,213,206,429,38129491,12689819,466477,,12223342,7695940
2023-02-09,6122,213,244,438,38135613,12689817,466446,,12223371,7696194
2023-02-10,5081,158,207,371,38140694,12689802,466395,,12223407,7696410
2023-02-11,6051,185,259,458,38146745,12689758,466317,,12223441,7696660
2023-02-12,4082,219,343,409,38150827,12689761,466190,,12223571,7696872
2023-02-13,1482,57,87,146,38152309,12689617,466159,,12223458,7696850
2023-02-14,3943,131,179,309,38156252,12689510,466110,,12223400,7696947
2023-02-15,4539,119,191,286,38160791,12689413,466038,,12223375,7697043
2023-02-16,4912,174,285,400,38165703,12689366,465925,,12223441,7697245
2023-02-17,4981,181,210,342,38170684,12689346,465895,,12223451,7697412
2023-02-18,5113,231,295,488,38175797,12689357,465829,,12223528,7697705
2023-02-19,3352,133,243,373,38179149,12689279,465716,,12223563,7697901
2023-02-20,1419,64,54,157,38180568,12689143,465724,,12223419,7697886
2023-02-21,912,25,14,107,38181480,12688977,465733,,12223244,7697820
2023-02-22,4134,131,212,370,38185614,12688912,465647,,12223265,7698027
2023-02-23,4277,163,231,390,38189891,12688841,465572,,12223269,7698211
2023-02-24,3029,138,229,272,38192920,12688780,465477,,12223303,7698301
2023-02-25,5021,214,540,385,38197941,12688785,465150,,12223635,7698511
2023-02-26,3472,146,681,384,38201413,12688719,464613,,12224106,7698712
2023-02-27,1074,37,57,97,38202487,12688562,464590,,12223972,7698648
2023-02-28,2726,98,163,232,38205213,12688418,464523,,12223895,7698661
2023-03-01,3846,138,428,333,38209059,12688312,464231,,12224081,7698769
2023-03-02,4587,158,494,328,38213646,12688225,463889,,12224336,7698890
2023-03-03,4367,161,357,333,38218013,12688167,463691,,12224476,7699023
2023-03-04,4965,207,623,350,38222978,12688162,463273,,12224889,7699184
2023-03-05,2532,110,449,251,38225510,12688046,462933,,12225113,7699235
2023-03-06,1156,48,37,114,38226666,12687893,462942,,12224951,7699171
2023-03-07,3216,88,171,223,38229882,12687731,462856,,12224875,7699184
2023-03-08,4314,133,412,283,38234196,12687634,462576,,12225058,7699260
2023-03-09,4609,171,453,312,38238805,12687581,462289,,12225292,7699383
2023-03-10,3939,101,138,255,38242744,12687485,462250,,12225235,7699465
2023-03-11,4062,140,170,285,38246806,12687441,462217,,12225224,7699583
2023-03-12,2882,109,234,301,38249688,12687341,462087,,12225254,7699698
2023-03-13,862,32,32,105,38250550,12687189,462085,,12225104,7699643
2023-03-14,3077,101,109,256,38253627,12687081,462077,,12225004,7699718
2023-03-15,4098,141,163,310,38257725,12687026,462055,,12224971,7699853
2023-03-16,4017,175,234,277,38261742,12686952,461992,,12224960,7699921
2023-03-17,4288,169,202,308,38266030,12686885,461955,,12224930,7700016
2023-03-18,4356,145,194,296,38270386,12686815,461906,,12224909,7700118
2023-03-19,2721,129,233,255,38273107,12686776,461802,,12224974,7700218
2023-03-20,774,31,19,74,38273881,12686596,461814,,12224782,7700107
2023-03-21,2890,69,84,199,38276771,12686460,461795,,12224665,7700129
2023-03-22,3891,130,131,249,38280662,12686383,461791,,12224592,7700193
2023-03-23,3806,119,171,224,38284468,12686295,461734,,12224561,7700238
2023-03-24,3688,102,115,237,38288156,12686209,461720,,12224489,7700311
2023-03-25,4269,108,171,249,38292425,12686119,461652,,12224467,7700390
2023-03-26,2470,114,211,200,38294895,12686058,461552,,12224506,7700435
2023-03-27,915,48,32,68,38295810,12685945,461568,,12224377,7700362
2023-03-28,3100,86,78,202,38298910,12685838,461570,,12224268,7700395
2023-03-29,4163,128,136,221,38303073,12685758,461559,,12224199,7700432
2023-03-30,3838,109,164,210,38306911,12685682,461504,,12224178,7700472
2023-03-31,3977,141,109,220,38310888,12685627,461535,,12224092,7700522
2023-04-01,4184,136,146,225,38315072,12685588,461524,,12224064,7700595
2023-04-02,2180,58,122,173,38317252,12685435,461457,,12223978,7700584
2023-04-03,778,25,12,52,38318030,12685280,461469,,12223811,7700478
2023-04-04,3401,74,73,168,38321431,12685177,461469,,12223708,7700480
2023-04-05,4350,95,107,246,38325781,12685093,461455,,12223638,7700573
2023-04-06,3692,109,108,187,38329473,12685039,461456,,12223583,7700607
2023-04-07,4595,106,115,241,38334068,12684963,461445,,12223518,7700691
2023-04-08,833,22,11,54,38334901,12684831,461452,,12223379,7700617
2023-04-09,2434,83,103,158,38337335,12684786,461431,,12223355,7700665
2023-04-10,360,9,6,20,38337695,12684649,461428,,12223221,7700565
2023-04-11,2771,35,28,120,38340466,12684495,461435,,12223060,7700515
2023-04-12,6329,104,95,187,38346795,12684458,461444,,12223014,7700578
2023-04-13,6989,105,128,207,38353784,12684402,461418,,12222984,7700640
2023-04-14,6503,90,101,205,38360287,12684346,461405,,12222941,7700717
2023-04-15,6940,109,147,228,38367227,12684299,461366,,12222933,7700811
2023-04-16,3267,87,144,164,38370494,12684223,461308,,12222915,7700831
2023-04-17,863,12,13,49,38371357,12684104,461306,,12222798,7700762
2023-04-18,4769,100,77,160,38376126,12684069,461328,,12222741,7700801
2023-04-19,6543,118,98,176,38382669,12684046,461347,,12222699,7700848
2023-04-20,6291,100,150,208,38388960,12684009,461296,,12222713,7700933
2023-04-21,5750,85,72,132,38394710,12683956,461307,,12222649,7700943
2023-04-22,6377,92,91,180,38401087,12683932,461307,,12222625,7701030
2023-04-23,3283,120,147,170,38404370,12683946,461280,,12222666,7701107
2023-04-24,952,4,12,58,38405322,12683843,461271,,12222572,7701081
2023-04-25,4767,67,70,185,38410089,12683792,461268,,12222524,7701162
2023-04-26,6544,108,93,204,38416633,12683793,461283,,12222510,7701268
2023-04-27,6864,121,152,204,38423497,12683799,461251,,12222548,7701369
2023-04-28,6567,88,84,184,38430064,12683777,461254,,12222523,7701456
2023-04-29,6493,128,109,192,38436557,12683814,461272,,12222542,7701572
2023-04-30,2624,96,127,145,38439181,12683821,461241,,12222580,7701635
2023-05-01,1027,20,17,29,38440208,12683749,461243,,12222506,7701582
2023-05-02,4269,68,55,105,38444477,12683730,461254,,12222476,7701610
2023-05-03,5548,111,107,172,38450025,12683764,461258,,12222506,7701715
2023-05-04,8055,89,84,133,38458080,12683782,461263,,12222519,7701786
2023-05-05,12930,96,93,165,38471010,12683822,461266,,12222556,7701900
2023-05-06,15474,119,94,150,38486484,12683900,461291,,12222609,7702012
2023-05-07,6006,59,94,101,38492490,12683926,461255,,12222671,7702084
2023-05-08,2150,15,4,36,38494640,12683912,461266,,12222646,7702096
2023-05-09,12267,61,50,120,38506907,12683967,461277,,12222690,7702213
2023-05-10,14308,77,78,149,38521215,12684044,461276,,12222768,7702362
2023-05-11,12550,81,68,141,38533765,12684125,461289,,12222836,7702503
