"report_date","previous_day_total_doses_administered","previous_day_at_least_one","previous_day_fully_vaccinated","previous_day_3doses","total_doses_administered","total_individuals_at_least_one","total_individuals_partially_vaccinated","total_doses_in_fully_vaccinated_individuals","total_individuals_fully_vaccinated","total_individuals_3doses"
2021-01-01,6252,6242,2,,32201,32146,32135,22,11,
2021-01-02,4614,4602,6,,36815,36696,36683,26,13,
2021-01-03,5395,5388,3,,42210,42084,42068,32,16,
2021-01-04,5995,5993,0,,48205,48076,48061,30,15,
2021-01-05,9685,9660,20,,57890,57734,57700,68,34,
2021-01-06,12793,12328,450,,70683,70059,69578,962,481,
2021-01-07,16218,15507,697,,86901,85565,84387,2356,1178,
2021-01-08,18038,17023,1002,,104939,102588,100408,4360,2180,
2021-01-09,19500,18423,1064,,124439,121010,117766,6488,3244,
2021-01-10,11372,11332,38,,135811,132334,129052,6564,3282,
2021-01-11,11710,11660,48,,147521,143994,140664,6660,3330,
2021-01-12,14467,14160,298,,161988,158146,154518,7256,3628,
2021-01-13,15436,13813,1593,,177424,171945,166726,10438,5219,
2021-01-14,19188,16737,2436,,196612,188676,181022,15308,7654,
2021-01-15,20067,18009,2038,,216679,206674,196982,19384,9692,
2021-01-16,17118,15934,1171,,233797,222592,211729,21726,10863,
2021-01-17,11259,10015,1237,,245056,232592,220494,24196,12098,
2021-01-18,6794,6712,72,,251850,239281,227114,24334,12167,
2021-01-19,11829,9721,2094,,263679,248981,234720,28522,14261,
2021-01-20,10803,7214,3572,,274482,256172,238340,35664,17832,
2021-01-21,10973,6854,4091,,285455,263010,241087,43846,21923,
2021-01-22,9037,4320,4697,,294492,267293,240675,53236,26618,
2021-01-23,7457,3041,4388,,301949,270304,239299,62010,31005,
2021-01-24,4385,1828,2536,,306334,272114,238573,67082,33541,
2021-01-25,5322,1049,4264,,311656,273131,235327,75608,37804,
2021-01-26,9392,2867,6497,,321048,275966,231666,88600,44300,
2021-01-27,9896,2864,7004,,330944,278801,227498,102606,51303,
2021-01-28,13117,5740,7335,,344061,284508,225870,117276,58638,
2021-01-29,10696,3283,7379,,354757,287760,221744,132032,66016,
2021-01-30,9189,2728,6424,,363946,290446,218009,144874,72437,
2021-01-31,3382,1569,1768,,367328,291981,217777,148408,74204,
2021-02-01,2124,487,1609,,369452,292434,216625,151618,75809,
2021-02-02,4414,1361,2995,,373866,293757,214957,157600,78800,
2021-02-03,6235,1715,4458,,380101,295431,212180,166502,83251,
2021-02-04,9079,1709,7291,,389180,297097,206561,181072,90536,
2021-02-05,8442,1466,6903,,397622,298523,201090,194866,97433,
2021-02-06,10665,1869,8736,,408287,300337,194177,212320,106160,
2021-02-07,7574,1729,5796,,415861,302026,190082,223888,111944,
2021-02-08,8219,3095,5081,,424080,305073,188061,234024,117012,
2021-02-09,15008,3858,11082,,439088,308889,180811,256156,128078,
2021-02-10,15509,4930,10518,,454597,313767,175196,277142,138571,
2021-02-11,16366,3899,12409,,470963,317614,166665,301898,150949,
2021-02-12,17670,2098,15522,,488633,319673,153222,332902,166451,
2021-02-13,16211,2445,13751,,504844,322073,141890,360366,180183,
2021-02-14,12878,921,11925,,517722,322946,130868,384156,192078,
2021-02-15,7861,485,7328,,525583,323383,124003,398760,199380,
2021-02-16,5993,1040,4903,,531576,324380,120120,408520,204260,
2021-02-17,10166,1609,8523,,541742,325945,113190,425510,212755,
2021-02-18,13869,2955,10870,,555611,328852,105257,447190,223595,
2021-02-19,18489,6213,12209,,574100,335013,99240,471546,235773,
2021-02-20,22628,11132,11444,,596728,346082,98903,494358,247179,
2021-02-21,17236,10380,6822,,613964,356402,102443,507918,253959,
2021-02-22,13586,8759,4775,,627550,365092,106407,517370,258685,
2021-02-23,17865,11126,6668,,645415,376162,110845,530634,265317,
2021-02-24,18576,13611,4884,,663991,389717,119558,540318,270159,
2021-02-25,20809,16489,4263,,684800,406140,131766,548748,274374,
2021-02-26,24898,21835,3002,,709698,427915,150576,554678,277339,
2021-02-27,27462,23581,3839,,737160,451432,170302,562260,281130,
2021-02-28,20582,19141,1406,,757742,470519,188025,564988,282494,
2021-03-01,18222,17026,1148,,775964,487483,203888,567190,283595,
2021-03-02,24684,22274,2325,,800648,509696,223822,571748,285874,
2021-03-03,30597,27965,2578,,831245,537610,249191,576838,288419,
2021-03-04,34689,32459,2144,,865934,570003,279490,581026,290513,
2021-03-05,39997,38164,1784,,905931,608119,315856,584526,292263,
2021-03-06,44151,41944,2169,,950082,650008,355617,588782,294391,
2021-03-07,32734,31555,1175,,982816,681489,385981,591016,295508,
2021-03-08,24037,22162,1861,,1006853,703583,406268,594630,297315,
2021-03-09,33291,29841,3422,,1040144,733358,432667,601382,300691,
2021-03-10,38341,34079,4217,,1078485,767363,462503,609720,304860,
2021-03-11,43977,40704,3234,,1122462,808001,499959,616084,308042,
2021-03-12,47711,45999,1689,,1170173,853936,544255,619362,309681,
2021-03-13,57924,55048,2849,,1228097,908913,596437,624952,312476,
2021-03-14,43418,42179,1221,,1271515,951009,637380,627258,313629,
2021-03-15,32810,31112,1682,,1304325,982062,666794,630536,315268,
2021-03-16,53957,51658,2282,,1358282,1033655,716148,635014,317507,
2021-03-17,61060,58520,2497,,1419342,1092109,772155,639908,319954,
2021-03-18,61547,59089,2430,,1480889,1151126,828795,644662,322331,
2021-03-19,64468,61139,3273,,1545357,1212187,886636,651102,325551,
2021-03-20,62565,59975,2559,,1607922,1272106,944044,656124,328062,
2021-03-21,43995,42472,1537,,1651917,1314513,984951,659124,329562,
2021-03-22,31001,30035,977,,1682918,1344460,1013977,660966,330483,
2021-03-23,54621,51848,2722,,1737539,1396213,1063071,666284,333142,
2021-03-24,76429,73248,3133,,1813968,1469371,1133153,672436,336218,
2021-03-25,82908,80328,2533,,1896876,1549620,1210926,677388,338694,
2021-03-26,87010,83480,3490,,1983886,1633019,1290887,684264,342132,
2021-03-27,80856,77904,2867,,2064742,1710820,1365886,689868,344934,
2021-03-28,66987,65398,1554,,2131729,1776128,1429697,692862,346431,
2021-03-29,51733,49045,2651,,2183462,1825093,1476057,698072,349036,
2021-03-30,73582,70171,3350,,2257044,1895187,1542842,704690,352345,
2021-03-31,93149,89498,3585,,2350193,1984587,1628710,711754,355877,
2021-04-01,89315,85437,3840,,2439508,2069926,1710262,719328,359664,
2021-04-02,93082,88859,4207,,2532590,2158699,1794880,727638,363819,
2021-04-03,61006,59328,1735,,2593596,2217936,1852433,731006,365503,
2021-04-04,72328,70675,1650,,2665924,2288500,1921405,734190,367095,
2021-04-05,53730,53260,470,,2719654,2341676,1974159,735034,367517,
2021-04-06,79580,77713,1886,,2799234,2419287,2049938,738698,369349,
2021-04-07,108004,104939,3055,,2907238,2524101,2151755,744692,372346,
2021-04-08,114077,110106,4026,,3021315,2634096,2257780,752632,376316,
2021-04-09,109844,105620,4296,,3131159,2739598,2359051,761094,380547,
2021-04-10,109237,105477,3851,,3240396,2844947,2460615,768664,384332,
2021-04-11,98622,95507,3258,,3339018,2940329,2552798,775062,387531,
2021-04-12,76066,75003,1156,,3415084,3015184,2626565,777238,388619,
2021-04-13,99470,96088,3399,,3514554,3111163,2719193,783940,391970,
2021-04-14,117048,113284,3650,,3631602,3224329,2828749,791160,395580,
2021-04-15,113558,109502,3898,,3745160,3333705,2934284,798842,399421,
2021-04-16,118087,113713,4194,,3863247,3447308,3043737,807142,403571,
2021-04-17,112414,107824,4450,,3975661,3554998,3147036,815924,407962,
2021-04-18,88741,86504,2103,,4064402,3641379,3231368,820022,410011,
2021-04-19,68972,67440,1452,,4133374,3708689,3297277,822824,411412,
2021-04-20,102090,98767,3118,,4235464,3807294,3392829,828930,414465,
2021-04-21,142038,137764,4038,,4377502,3944884,3526449,836870,418435,
2021-04-22,139499,135349,3909,,4517001,4080104,3657816,844576,422288,
2021-04-23,138216,131797,6172,,4655217,4211747,3783345,856804,428402,
2021-04-24,130286,126226,3886,,4785503,4337825,3905593,864464,432232,
2021-04-25,102013,98603,3179,,4887516,4436280,4000936,870688,435344,
2021-04-26,71002,69297,1557,,4958518,4505446,4068605,873682,436841,
2021-04-27,98501,95420,2890,,5057019,4600705,4161037,879336,439668,
2021-04-28,120576,115953,4431,,5177595,4716490,4272463,888054,444027,
2021-04-29,124484,119290,5046,,5302079,4835613,4386609,898008,449004,
2021-04-30,115815,110562,5012,,5417894,4946002,4492063,907878,453939,
2021-05-01,111293,107430,3647,,5529187,5053251,4595742,915018,457509,
2021-05-02,79140,76165,2862,,5608327,5129259,4668954,920610,460305,
2021-05-03,56793,55123,1597,,5665120,5184227,4722385,923684,461842,
2021-05-04,91926,88557,3281,,5757046,5272606,4807560,930092,465046,
2021-05-05,137997,133290,4620,,5895043,5405727,4936124,939206,469603,
2021-05-06,141832,136878,4816,,6036875,5542421,5068064,948714,474357,
2021-05-07,150283,145242,4836,,6187158,5687503,5208369,958268,479134,
2021-05-08,142456,137772,4435,,6329614,5825080,5341590,966980,483490,
2021-05-09,124802,121155,3478,,6454416,5946071,5459167,973808,486904,
2021-05-10,97803,95819,1880,,6552219,6041701,5552984,977434,488717,
2021-05-11,113532,108855,4491,,6665751,6150354,5657217,986274,493137,
2021-05-12,145041,138014,6880,,6810792,6288189,5788238,999902,499951,
2021-05-13,142707,135318,7236,,6953499,6423332,5916219,1014226,507113,
2021-05-14,148861,138773,9918,,7102360,6561917,6044951,1033932,516966,
2021-05-15,159734,149691,9863,,7262094,6711421,6184667,1053508,526754,
2021-05-16,144356,136089,8060,,7406450,6847342,6312608,1069468,534734,
2021-05-17,114976,110880,3943,,7521426,6958033,6419432,1077202,538601,
2021-05-18,111330,100463,10665,,7632756,7058300,6509096,1098408,549204,
2021-05-19,149878,133467,16234,,7782634,7191615,6626251,1130728,565364,
2021-05-20,151570,131578,19776,,7934204,7323004,6737933,1170142,585071,
2021-05-21,165383,140879,24246,,8099587,7463702,6854462,1218480,609240,
2021-05-22,199435,172241,26966,,8299022,7635746,6999621,1272250,636125,
2021-05-23,139821,127452,12224,,8438843,7763020,7114733,1296574,648287,
2021-05-24,100297,93325,6827,,8539140,7856172,7201128,1310088,655044,
2021-05-25,90463,82979,7275,,8629603,7938988,7276736,1324504,662252,
2021-05-26,139775,113009,26503,,8769378,8051810,7363125,1377370,688685,
2021-05-27,152057,123039,28765,,8921435,8174692,7457311,1434762,717381,
2021-05-28,163865,132310,31248,,9085300,8306829,7558259,1497140,748570,
2021-05-29,153384,117123,36028,,9238684,8423802,7639260,1569084,784542,
2021-05-30,149720,119014,30479,,9388404,8542646,7727687,1629918,814959,
2021-05-31,99214,79820,19201,,9487618,8622296,7788200,1668192,834096,
2021-06-01,124195,90608,33250,,9611813,8712709,7845438,1734542,867271,
2021-06-02,145315,102152,42912,,9757128,8814680,7904566,1820228,910114,
2021-06-03,155367,99913,55174,,9912495,8914408,7949191,1930434,965217,
2021-06-04,181716,115531,65912,,10094211,9029740,7998699,2062082,1031041,
2021-06-05,172025,103434,68309,,10266236,9132976,8033711,2198530,1099265,
2021-06-06,163391,91866,71245,,10429627,9224664,8054224,2340880,1170440,
2021-06-07,119556,63050,56288,,10549183,9287517,8060864,2453306,1226653,
2021-06-08,161890,72448,89003,,10711073,9359776,8044200,2631152,1315576,
2021-06-09,181464,70808,110187,,10892537,9430407,8004725,2851364,1425682,
2021-06-10,185578,66420,118664,,11078115,9496624,7952369,3088510,1544255,
2021-06-11,204782,67515,136513,,11282897,9563953,7883267,3361372,1680686,
2021-06-12,199731,62675,136455,,11482628,9626446,7809397,3634098,1817049,
2021-06-13,190337,58886,130920,,11672965,9685157,7737268,3895778,1947889,
2021-06-14,137685,38693,98593,,11810650,9723654,7677277,4092754,2046377,
2021-06-15,189536,42615,146567,,12000186,9766050,7573203,4385694,2192847,
2021-06-16,206246,42432,163173,,12206432,9808286,7452369,4711834,2355917,
2021-06-17,210463,37939,171940,,12416895,9846010,7318245,5055530,2527765,
2021-06-18,217183,35352,181228,,12634078,9881172,7172271,5417802,2708901,
2021-06-19,215889,35494,179721,,12849967,9916460,7027950,5777020,2888510,
2021-06-20,186269,35568,150124,,13036236,9951830,6913304,6077052,3038526,
2021-06-21,120430,20827,99101,,13156666,9972462,6834927,6275070,3137535,
2021-06-22,204940,27519,176664,,13361606,9999787,6685697,6628180,3314090,
2021-06-23,230530,28632,201157,,13592136,10028219,6513080,7030278,3515139,
2021-06-24,227692,26671,200265,,13819828,10054694,6339400,7430588,3715294,
2021-06-25,251112,27984,222379,,14070940,10082477,6144922,7875110,3937555,
2021-06-26,261299,30006,230589,,14332239,10112258,5944254,8336008,4168004,
2021-06-27,204996,27785,176605,,14537235,10139861,5795362,8688998,4344499,
2021-06-28,199250,20954,177729,,14736485,10160617,5638514,9044206,4522103,
2021-06-29,250112,24493,224886,,14986597,10184869,5438034,9493670,4746835,
2021-06-30,275537,24174,250795,,15262134,10208840,5211339,9995002,4997501,
2021-07-01,271971,25308,246108,,15534105,10233930,4990460,10486940,5243470,
2021-07-02,144726,11590,132908,,15678831,10245346,4869070,10752552,5376276,
2021-07-03,216895,19930,196734,,15895726,10265054,4692193,11145722,5572861,
2021-07-04,196196,19434,176538,,16091922,10284301,4535022,11498558,5749279,
2021-07-05,148719,12442,136134,,16240641,10296553,4411268,11770570,5885285,
2021-07-06,220035,19993,199826,,16460676,10316330,4231365,12169930,6084965,
2021-07-07,246612,22966,223404,,16707288,10339070,4030849,12616442,6308221,
2021-07-08,231210,21357,209641,,16938498,10360221,3842494,13035454,6517727,
2021-07-09,226997,21509,205319,,17165495,10381528,3658614,13445828,6722914,
2021-07-10,209060,20537,188365,,17374555,10401861,3490719,13822284,6911142,
2021-07-11,171676,17583,153966,,17546231,10419243,3354282,14129922,7064961,
2021-07-12,123133,11445,111591,,17669364,10430499,3254084,14352830,7176415,
2021-07-13,178508,19028,159336,,17847872,10449305,3113709,14671192,7335596,
2021-07-14,180041,19304,160580,,18027913,10468394,2972381,14992026,7496013,
2021-07-15,167199,19584,147441,,18195112,10487767,2844477,15286580,7643290,
2021-07-16,169350,19902,149297,,18364462,10507467,2715033,15584868,7792434,
2021-07-17,173006,20263,152614,,18537468,10527481,2582625,15889712,7944856,
2021-07-18,133628,15931,117560,,18671096,10543228,2480960,16124536,8062268,
2021-07-19,91979,10417,81454,,18763075,10553432,2409885,16287094,8143547,
2021-07-20,133536,16947,116531,,18896611,10570139,2310237,16519804,8259902,
2021-07-21,140084,16985,123028,,19036695,10586909,2204141,16765536,8382768,
2021-07-22,125611,17642,107831,,19162306,10604327,2113905,16980844,8490422,
2021-07-23,120272,16992,103072,,19282578,10621078,2027783,17186590,8593295,
2021-07-24,126696,18332,108125,,19409274,10639207,1937950,17402514,8701257,
2021-07-25,103638,14862,88644,,19512912,10653845,1864125,17579440,8789720,
2021-07-26,66687,9888,56707,,19579599,10663515,1817269,17692492,8846246,
2021-07-27,92382,15317,76903,,19671981,10678571,1755639,17845864,8922932,
2021-07-28,93943,16465,77407,,19765924,10694801,1694653,18000296,9000148,
2021-07-29,89393,16701,72529,,19855317,10711270,1638781,18144978,9072489,
2021-07-30,84063,16103,67845,,19939380,10727145,1586999,18280292,9140146,
2021-07-31,83847,15717,67980,,20023227,10742644,1534708,18415872,9207936,
2021-08-01,61868,11319,50367,,20085095,10753737,1495625,18516224,9258112,
2021-08-02,42489,7416,34954,,20127584,10760955,1468055,18585800,9292900,
2021-08-03,33296,5957,27167,,20160880,10766679,1446822,18639714,9319857,
2021-08-04,61316,12371,48755,,20222196,10778815,1410401,18736828,9368414,
2021-08-05,59455,12546,46757,,20281651,10791153,1376146,18830014,9415007,
2021-08-06,56019,11856,43948,,20337670,10802749,1344023,18917452,9458726,
2021-08-07,62373,12134,50044,,20400043,10814622,1306070,19017104,9508552,
2021-08-08,48682,9270,39223,,20448725,10823664,1276094,19095140,9547570,
2021-08-09,30855,5937,24740,,20479580,10829387,1257264,19144246,9572123,
2021-08-10,49254,10508,38444,,20528834,10839615,1229294,19220642,9610321,
2021-08-11,48721,10764,37710,,20577555,10850132,1202317,19295630,9647815,
2021-08-12,49247,11194,37823,,20626802,10861075,1175646,19370858,9685429,
2021-08-13,49622,11727,37619,,20676424,10872561,1149724,19445674,9722837,
2021-08-14,51217,12131,38876,,20727641,10884442,1122953,19522978,9761489,
2021-08-15,41764,9850,31691,,20769405,10894090,1101082,19586016,9793008,
2021-08-16,26737,6183,20403,,20796142,10900050,1086836,19626428,9813214,
2021-08-17,40499,11055,29178,,20836641,10910855,1068689,19684332,9842166,
2021-08-18,41889,11967,29679,,20878530,10922580,1050945,19743270,9871635,
2021-08-19,45891,16531,29096,,20924421,10938860,1038352,19801016,9900508,
2021-08-20,46446,16290,29741,,20970867,10954894,1024874,19860040,9930020,
2021-08-21,47948,15141,32439,,21018815,10969775,1007543,19924464,9962232,
2021-08-22,34389,10804,23315,,21053204,10980333,995008,19970650,9985325,
2021-08-23,23220,7004,15999,,21076424,10987102,985992,20002220,10001110,
2021-08-24,37650,13374,23820,,21114074,11000222,975523,20049398,10024699,
2021-08-25,41342,14419,26313,,21155416,11014385,963610,20101550,10050775,
2021-08-26,39265,13551,24972,,21194681,11027660,952154,20151012,10075506,
2021-08-27,37671,12939,23687,,21232352,11040358,941379,20197958,10098979,
2021-08-28,40118,13423,25518,,21272470,11053502,929260,20248484,10124242,
2021-08-29,30553,10249,19944,,21303023,11063519,919546,20287946,10143973,
2021-08-30,18232,6139,11843,,21321255,11069410,913813,20311194,10155597,
2021-08-31,32713,11939,19622,,21353968,11081081,906102,20349958,10174979,
2021-09-01,36242,12943,21954,,21390210,11093791,897075,20393432,10196716,
2021-09-02,37772,15644,19663,,21427982,11109183,893031,20432304,10216152,
2021-09-03,46883,21092,22440,,21474865,11130026,891664,20476724,10238362,
2021-09-04,46877,20586,24775,,21521742,11150366,887452,20525828,10262914,
2021-09-05,33070,14202,18576,,21554812,11164324,883058,20562532,10281266,
2021-09-06,21712,9489,12031,,21576524,11173564,880499,20586130,10293065,
2021-09-07,15007,6728,8095,,21591531,11180035,879115,20601840,10300920,
2021-09-08,41144,17114,20932,,21632675,11196885,875279,20643212,10321606,
2021-09-09,41443,16972,19675,,21674118,11213580,872551,20682058,10341029,
2021-09-10,39644,15507,19005,,21713762,11228824,869035,20719578,10359789,
2021-09-11,42375,15932,23337,,21756137,11244477,861609,20765736,10382868,
2021-09-12,29964,11530,17867,,21786101,11255713,855242,20800942,10400471,
2021-09-13,16088,6406,9185,,21802189,11261885,852448,20818874,10409437,
2021-09-14,29899,11555,15288,,21832088,11273138,848688,20848900,10424450,
2021-09-15,39275,14020,19421,,21871363,11286898,843271,20887254,10443627,
2021-09-16,39346,13984,19247,,21910709,11300647,837985,20925324,10462662,
2021-09-17,38926,13611,19334,,21949635,11314015,832250,20963530,10481765,
2021-09-18,41246,14083,23539,,21990881,11327825,822773,21010104,10505052,
2021-09-19,30656,10827,18980,,22021537,11338393,814607,21047572,10523786,
2021-09-20,16729,6098,10176,,22038266,11344237,810506,21067462,10533731,
2021-09-21,31355,11213,16987,,22069621,11355185,804716,21100938,10550469,
2021-09-22,41813,14814,22928,,22111434,11369703,796581,21146244,10573122,
2021-09-23,47228,16137,26031,,22158662,11385577,786668,21197818,10598909,
2021-09-24,46302,15631,26648,,22204964,11400948,775632,21250632,10625316,
2021-09-25,48194,15254,29946,,22253158,11415949,760921,21310056,10655028,
2021-09-26,37498,12418,24487,,22290656,11428092,748831,21358522,10679261,
2021-09-27,19158,6530,12321,,22309814,11434368,743024,21382688,10691344,
2021-09-28,30956,11292,17881,,22340770,11445401,736423,21417956,10708978,
2021-09-29,37888,12475,21728,,22378658,11457605,727150,21460910,10730455,
2021-09-30,37340,11653,21373,,22415998,11468999,717411,21503176,10751588,
2021-10-01,30876,9810,18412,,22446874,11478583,708796,21539574,10769787,
2021-10-02,37135,11156,23584,,22484009,11489469,696350,21586238,10793119,
2021-10-03,27202,8162,18323,,22511211,11497390,686176,21622428,10811214,
2021-10-04,14867,4746,9802,,22526078,11501890,681102,21641576,10820788,
2021-10-05,26824,8594,15870,,22552902,11510223,673811,21672824,10836412,
2021-10-06,31658,9635,18507,,22584560,11519599,664931,21709336,10854668,
2021-10-07,30343,9393,17117,,22614903,11528741,657194,21743094,10871547,
2021-10-08,32837,10740,18851,,22647740,11539210,649069,21780282,10890141,
2021-10-09,34136,10662,21013,,22681876,11549609,638704,21821810,10910905,
2021-10-10,23408,7660,15081,,22705284,11557018,631271,21851494,10925747,
2021-10-11,12002,3839,7864,,22717286,11560607,627230,21866754,10933377,
2021-10-12,5108,1626,3265,,22722394,11561955,625576,21872758,10936379,
2021-10-13,29102,9189,18083,,22751496,11570854,616666,21908376,10954188,
2021-10-14,29011,8904,17746,,22780507,11579483,607814,21943338,10971669,
2021-10-15,29099,8831,18168,,22809606,11588051,598464,21979174,10989587,
2021-10-16,31135,8984,19869,,22840741,11596744,587567,22018354,11009177,
2021-10-17,23706,7261,15373,,22864447,11603751,579442,22048618,11024309,
2021-10-18,12305,3746,8146,,22876752,11607216,575030,22064372,11032186,
2021-10-19,21268,6625,12630,,22898020,11613559,569012,22089094,11044547,
2021-10-20,25666,7540,14919,,22923686,11620852,561620,22118464,11059232,
2021-10-21,23176,6682,13028,,22946862,11627265,555263,22144004,11072002,
2021-10-22,26116,7311,15111,,22972978,11634253,547447,22173612,11086806,
2021-10-23,28176,7605,17153,,23001154,11641596,537892,22207408,11103704,
2021-10-24,19346,5727,12597,,23020500,11647067,531010,22232114,11116057,
2021-10-25,9929,2710,6475,,23030429,11649508,527237,22244542,11122271,
2021-10-26,18909,5389,11098,,23049338,11654619,521519,22266200,11133100,
2021-10-27,22851,6079,13209,,23072189,11660443,514375,22292136,11146068,
2021-10-28,22303,5791,12643,,23094492,11665946,507512,22316868,11158434,
2021-10-29,22812,5731,13048,,23117304,11671375,500180,22342390,11171195,
2021-10-30,24113,6044,14614,,23141417,11677147,491598,22371098,11185549,
2021-10-31,16476,4594,10597,,23157893,11681447,485590,22391714,11195857,
2021-11-01,7869,2080,5054,,23165762,11683247,482603,22401288,11200644,
2021-11-02,15623,4363,7745,,23181385,11687321,479210,22416222,11208111,
2021-11-03,18622,5068,9602,,23200007,11692086,474666,22434840,11217420,
2021-11-04,19505,4874,10031,,23219512,11696684,469494,22454380,11227190,
2021-11-05,21464,4404,9519,,23240976,11700799,464365,22472868,11236434,
2021-11-06,25331,5206,12154,,23266307,11705736,457400,22496672,11248336,
2021-11-07,21449,4024,8922,,23287756,11709479,452490,22513978,11256989,
2021-11-08,11991,2110,4732,,23299747,11711294,449852,22522884,11261442,
2021-11-09,24121,3850,7646,,23323868,11714823,446046,22537554,11268777,
2021-11-10,28474,4508,8994,,23352342,11719054,441546,22555016,11277508,
2021-11-11,28757,4305,9096,,23381099,11723063,436746,22572634,11286317,
2021-11-12,26742,4164,8238,,23407841,11726936,432658,22588556,11294278,
2021-11-13,34311,5080,11411,,23442152,11731710,426318,22610784,11305392,
2021-11-14,23218,3897,8605,,23465370,11735344,421603,22627482,11313741,
2021-11-15,12700,2184,4494,,23478070,11737268,419285,22635966,11317983,
2021-11-16,26170,3928,7479,,23504240,11740940,415730,22650420,11325210,
2021-11-17,31168,4047,7818,,23535408,11744705,411949,22665512,11332756,
2021-11-18,32503,3866,7526,,23567911,11748265,408275,22679980,11339990,
2021-11-19,35469,3860,7752,,23603380,11751824,404371,22694906,11347453,
2021-11-20,40112,4381,8817,,23643492,11755925,399926,22711998,11355999,
2021-11-21,28117,3435,6946,,23671609,11759098,396401,22725394,11362697,
2021-11-22,14898,1950,3894,,23686507,11760771,394451,22732640,11366320,
2021-11-23,33047,3273,6007,,23719554,11763764,391709,22744110,11372055,
2021-11-24,42653,3757,6801,,23762207,11767217,388654,22757126,11378563,
2021-11-25,46037,3931,6570,,23808244,11770873,386012,22769722,11384861,
2021-11-26,52864,11347,6613,,23861108,11781950,390739,22782422,11391211,
2021-11-27,63517,22354,7036,,23924625,11804023,406047,22795952,11397976,
2021-11-28,51453,27740,5311,,23976078,11831471,428464,22806014,11403007,
2021-11-29,33526,18933,2881,,24009604,11850143,444505,22811276,11405638,
2021-11-30,56030,20680,5133,,24065634,11870542,460042,22821000,11410500,
2021-12-01,69539,26243,5635,,24135173,11896479,480636,22831686,11415843,
2021-12-02,71630,26486,5037,,24206803,11922667,502072,22841190,11420595,
2021-12-03,73419,25096,5169,,24280222,11947467,521993,22850948,11425474,
2021-12-04,81151,27784,6069,47278,24361373,11974958,543699,,11431259,807671
2021-12-05,62628,31927,4411,26268,24424001,12006590,571207,,11435383,833835
2021-12-06,38625,19142,2712,16756,24462626,12025443,587630,,11437813,850513
2021-12-07,60285,14850,4474,40947,24522911,12040021,597996,,11442025,891386
2021-12-08,73449,19055,4680,49711,24596360,12058799,612361,,11446438,941019
2021-12-09,74497,18273,4343,51861,24670857,12076763,626283,,11450480,992795
2021-12-10,77495,17589,4655,55241,24748352,12094071,639212,,11454859,1047955
2021-12-11,83181,20404,5827,56938,24831533,12114186,653775,,11460411,1104807
2021-12-12,60753,22696,4156,33858,24892286,12136602,672309,,11464293,1138576
2021-12-13,34933,11603,2408,20899,24927219,12147908,681494,,11466414,1159380
2021-12-14,101973,9001,3861,89067,25029192,12156598,686619,,11469979,1248327
2021-12-15,127693,12427,4511,110717,25156885,12168721,694525,,11474196,1358944
2021-12-16,139357,12461,4251,122629,25296242,12180896,702725,,11478171,1481474
2021-12-17,159168,12401,4517,142228,25455410,12193022,710600,,11482422,1623605
2021-12-18,175586,13523,4922,157095,25630996,12206251,719189,,11487062,1780605
2021-12-19,140437,18159,3929,118312,25771433,12224109,733411,,11490698,1898806
2021-12-20,106821,10305,2745,93724,25878254,12234146,740961,,11493185,1992432
2021-12-21,215386,12962,4314,198088,26093640,12246792,749602,,11497190,2190399
2021-12-22,237251,14422,5201,217744,26330891,12260914,758809,,11502105,2408025
2021-12-23,257766,11721,5086,240862,26588657,12272330,765438,,11506892,2648781
2021-12-24,223603,9454,4568,209514,26812260,12281487,770320,,11511167,2858179
2021-12-25,89724,3885,2509,83342,26901984,12285097,771691,,11513406,2941414
2021-12-26,11895,388,358,11139,26913879,12285193,771713,,11513480,2952423
2021-12-27,46941,1491,1114,44305,26960820,12286439,772083,,11514356,2996608
2021-12-28,144778,6098,4011,134608,27105598,12292243,774159,,11518084,3131085
2021-12-29,175464,9377,4580,161437,27281062,12301324,778952,,11522372,3292394
2021-12-30,200059,10131,5347,184539,27481121,12311152,783721,,11527431,3476799
2021-12-31,195201,10006,5801,179141,27676322,12320869,787917,,11532952,3655814
2022-01-01,96953,5383,3880,87363,27773275,12325943,789412,,11536531,3743028
2022-01-02,19444,941,928,17446,27792719,12326593,789416,,11537177,3760328
2022-01-03,88253,4773,4591,78808,27880972,12331056,789590,,11541466,3838983
2022-01-04,146365,6001,5316,135008,28027337,12336729,790262,,11546467,3973835
2022-01-05,177506,7629,7294,162410,28204843,12344004,790586,,11553418,4136085
2022-01-06,191534,7206,6787,177014,28396377,12350891,790994,,11559897,4312944
2022-01-07,191286,7963,6999,175511,28587663,12358510,791946,,11566564,4488282
2022-01-08,181671,8625,6636,165223,28769334,12366803,793922,,11572881,4653349
2022-01-09,131100,9866,7182,113959,28900434,12376347,796601,,11579746,4767148
2022-01-10,90559,5107,4489,80832,28990993,12381132,797209,,11583923,4847827
2022-01-11,138882,6155,6573,125448,29129875,12386940,796778,,11590162,4973085
2022-01-12,157030,8161,8054,138692,29286905,12394772,796880,,11597892,5111609
2022-01-13,162681,9210,9216,141545,29449586,12403620,796860,,11606760,5252971
2022-01-14,159887,10755,10381,136060,29609473,12414013,797229,,11616784,5388833
2022-01-15,161205,11012,11673,135886,29770678,12424654,796557,,11628097,5524526
2022-01-16,109782,9292,9675,89455,29880460,12433584,796167,,11637417,5613763
2022-01-17,65785,5937,6566,52641,29946245,12439185,795528,,11643657,5666219
2022-01-18,36109,2003,2131,31151,29982354,12440833,795389,,11645444,5697174
2022-01-19,101319,5582,6720,85956,30083673,12446015,794233,,11651782,5782903
2022-01-20,103598,6321,7004,85735,30187271,12451952,793542,,11658410,5868415
2022-01-21,102109,6231,8058,82507,30289380,12457779,791701,,11666078,5950694
2022-01-22,102578,8712,12074,78114,30391958,12466102,788332,,11677770,6028580
2022-01-23,76699,7307,13994,54799,30468657,12473066,781638,,11691428,6083157
2022-01-24,42264,3195,7935,30745,30510921,12475897,776880,,11699017,6113695
2022-01-25,62561,3757,8369,48116,30573482,12479275,772253,,11707022,6161592
2022-01-26,77887,4914,13171,55693,30651369,12483812,763991,,11719821,6217043
2022-01-27,78075,4895,13243,56050,30729444,12488335,755633,,11732702,6272856
2022-01-28,77285,4672,13676,53897,30806729,12492649,746616,,11746033,6326534
2022-01-29,84818,5527,17712,58116,30891547,12497812,734424,,11763388,6384405
2022-01-30,66506,5024,20630,40157,30958053,12502494,718804,,11783690,6424337
2022-01-31,34744,2175,9882,22348,30992797,12504350,711088,,11793262,6446496
2022-02-01,51351,3265,9664,36527,31044148,12507262,704679,,11802583,6482798
2022-02-02,57710,3847,12397,38680,31101858,12510778,696114,,11814664,6521278
2022-02-03,52581,3611,11510,34300,31154439,12514012,688203,,11825809,6555327
2022-02-04,43093,2946,10560,27286,31197532,12516647,680579,,11836068,6582419
2022-02-05,58722,3744,14473,37564,31256254,12520059,669838,,11850221,6619770
2022-02-06,49858,3640,16116,29572,31306112,12523376,657357,,11866019,6649118
2022-02-07,23234,1690,7810,13441,31329346,12524740,651224,,11873516,6662335
2022-02-08,33395,2355,7251,21971,31362741,12526765,646321,,11880444,6684073
2022-02-09,38882,2784,8917,24410,31401623,12529190,640182,,11889008,6708231
2022-02-10,37538,2765,8836,22552,31439161,12531619,634107,,11897512,6730553
2022-02-11,39448,2724,10292,23005,31478609,12533997,626530,,11907467,6753320
2022-02-12,42048,2957,11456,25318,31520657,12536620,618020,,11918600,6778414
2022-02-13,36319,2799,13143,19942,31556976,12539132,607673,,11931459,6798158
2022-02-14,16975,1175,6119,9472,31573951,12540032,602721,,11937311,6807430
2022-02-15,19353,1384,4750,11879,31593304,12541092,599345,,11941747,6819082
2022-02-16,26020,1767,7730,14948,31619324,12542562,593378,,11949184,6833829
2022-02-17,26766,1684,7525,14984,31646090,12543891,587528,,11956363,6848558
2022-02-18,23941,1354,6608,13677,31670031,12544928,582262,,11962666,6862026
2022-02-19,37835,1903,8338,26052,31707866,12546500,575822,,11970678,6887837
2022-02-20,32576,1498,7963,22806,31740442,12547697,569349,,11978348,6910438
2022-02-21,17502,913,3678,12757,31757944,12548315,566575,,11981740,6922984
2022-02-22,9112,430,1555,6957,31767056,12548455,565445,,11983010,6929730
2022-02-23,25336,1326,4795,17296,31792392,12549471,561969,,11987502,6946790
2022-02-24,24572,1401,5233,15483,31816964,12550550,558132,,11992418,6962030
2022-02-25,23104,1391,5137,14509,31840068,12551647,554379,,11997268,6976313
2022-02-26,25232,1385,5909,16557,31865300,12552722,549848,,12002874,6992644
2022-02-27,26958,1370,7370,17704,31892258,12553823,543837,,12009986,7010153
2022-02-28,10129,594,2531,6745,31902387,12554164,541892,,12012272,7016715
2022-03-01,13201,948,3152,8166,31915588,12554807,539678,,12015129,7024664
2022-03-02,15417,1164,3577,9619,31931005,12555710,537258,,12018452,7034106
2022-03-03,14298,1077,3227,8689,31945303,12556475,535100,,12021375,7042564
2022-03-04,14473,991,3445,8314,31959776,12557145,532642,,12024503,7050625
2022-03-05,18528,1276,4996,11183,31978304,12558112,528911,,12029201,7061584
2022-03-06,16515,1088,5524,9605,31994819,12558919,524469,,12034450,7070982
2022-03-07,5950,469,1861,3509,32000769,12559103,523070,,12036033,7074274
2022-03-08,7362,699,1943,4158,32008131,12559524,521819,,12037705,7078233
2022-03-09,11157,907,2736,6406,32019288,12560155,519984,,12040171,7084437
2022-03-10,12764,1044,3257,6840,32032052,12560922,517764,,12043158,7091064
2022-03-11,12890,904,3408,6865,32044942,12561537,515252,,12046285,7097713
2022-03-12,14683,1046,4183,8310,32059625,12562311,512112,,12050199,7105819
2022-03-13,14747,1091,4999,8332,32074372,12563111,508200,,12054911,7113914
2022-03-14,6333,450,2228,3499,32080705,12563290,506419,,12056871,7117199
2022-03-15,10197,792,2625,5972,32090902,12563792,504574,,12059218,7122957
2022-03-16,13062,934,3666,6953,32103964,12564437,501839,,12062598,7129679
2022-03-17,13197,1047,3961,6758,32117161,12565196,498918,,12066278,7136217
2022-03-18,11905,914,3145,6432,32129066,12565807,496677,,12069130,7142425
2022-03-19,14443,1005,4163,7902,32143509,12566532,493517,,12073015,7150108
2022-03-20,11746,990,3958,6371,32155255,12567251,490544,,12076707,7156271
2022-03-21,5057,414,1589,2814,32160312,12567406,489365,,12078041,7158882
2022-03-22,6711,552,1558,3892,32167023,12567670,488353,,12079317,7162558
2022-03-23,9970,785,2299,5195,32176993,12568139,486836,,12081303,7167512
2022-03-24,9295,723,2377,4611,32186288,12568598,485173,,12083425,7171919
2022-03-25,9225,781,2154,4752,32195513,12569116,483792,,12085324,7176459
2022-03-26,10927,937,2833,5506,32206440,12569776,481894,,12087882,7181746
2022-03-27,10226,910,3538,5301,32216666,12570426,479262,,12091164,7186836
2022-03-28,3584,322,1109,1987,32220250,12570507,478472,,12092035,7188628
2022-03-29,5347,499,1212,2692,32225597,12570721,477753,,12092968,7191098
2022-03-30,7854,748,1837,4122,32233451,12571190,476659,,12094531,7194995
2022-03-31,8652,689,1925,4413,32242103,12571590,475417,,12096173,7199186
2022-04-01,9313,801,1916,4889,32251416,12572099,474293,,12097806,7203836
2022-04-02,10446,887,2215,5571,32261862,12572699,472953,,12099746,7209190
2022-04-03,9206,880,2567,5065,32271068,12573322,471260,,12102062,7214053
2022-04-04,4203,388,1006,2406,32275271,12573449,470639,,12102810,7216256
2022-04-05,6078,601,1036,3052,32281349,12573710,470198,,12103512,7219033
2022-04-06,8379,714,1477,4383,32289728,12574133,469430,,12104703,7223189
2022-04-07,10344,733,1687,4836,32300072,12574566,468471,,12106095,7227782
2022-04-08,23995,811,1583,4836,32324067,12575099,467693,,12107406,7232402
2022-04-09,30495,969,1974,5895,32354562,12575770,466679,,12109091,7238074
2022-04-10,24864,976,2390,5333,32379426,12576487,465259,,12111228,7243205
2022-04-11,12570,385,876,2431,32391996,12576622,464764,,12111858,7245434
2022-04-12,28128,693,1020,3536,32420124,12577011,464430,,12112581,7248737
2022-04-13,37781,853,1561,4927,32457905,12577565,463718,,12113847,7253434
2022-04-14,37904,761,1616,4913,32495809,12578013,462860,,12115153,7258094
2022-04-15,43401,1232,2104,6725,32539210,12578947,461984,,12116963,7264582
2022-04-16,8094,357,650,1741,32547304,12579044,461689,,12117355,7266107
2022-04-17,21018,871,1924,4318,32568322,12579631,460629,,12119002,7270202
2022-04-18,5459,306,463,1289,32573781,12579650,460467,,12119183,7271250
2022-04-19,22654,615,773,3103,32596435,12579982,460300,,12119682,7274133
2022-04-20,40336,1062,1397,4619,32636771,12580718,459962,,12120756,7278488
2022-04-21,38754,943,1600,4682,32675525,12581365,459296,,12122069,7282936
2022-04-22,35629,1015,1433,4267,32711154,12582108,458871,,12123237,7286985
2022-04-23,34654,1006,1736,4712,32745808,12582830,458138,,12124692,7291458
2022-04-24,20816,1021,1888,3777,32766624,12583601,457268,,12126333,7295041
2022-04-25,8299,453,691,1707,32774923,12583785,457029,,12126756,7296532
2022-04-26,24621,732,948,3146,32799544,12584225,456807,,12127418,7299441
2022-04-27,33601,955,1369,3938,32833145,12584904,456385,,12128519,7303162
2022-04-28,32838,928,1414,3931,32865983,12585559,455890,,12129669,7306870
2022-04-29,32060,1098,1379,3911,32898043,12586359,455602,,12130757,7310552
2022-04-30,30286,924,1535,4025,32928329,12586986,454984,,12132002,7314342
2022-05-01,16752,769,1579,2970,32945081,12587457,454169,,12133288,7317068
2022-05-02,5934,309,524,1098,32951015,12587470,453950,,12133520,7317939
2022-05-03,20928,588,831,2347,32971943,12587753,453701,,12134052,7320047
2022-05-04,29416,799,1091,3291,33001359,12588242,453404,,12134838,7323089
2022-05-05,29098,872,1163,3125,33030457,12588802,453103,,12135699,7325970
2022-05-06,29097,1147,1285,2987,33059554,12589661,452960,,12136701,7328730
2022-05-07,28491,870,1265,3113,33088045,12590241,452560,,12137681,7331619
2022-05-08,15998,895,1308,2323,33104043,12590879,452145,,12138734,7333741
2022-05-09,5897,293,474,943,33109940,12590906,451958,,12138948,7334474
2022-05-10,21227,696,719,2120,33131167,12591284,451928,,12139356,7336334
2022-05-11,28950,836,1084,2655,33160117,12591788,451676,,12140112,7338718
2022-05-12,28240,799,1084,2513,33188357,12592290,451387,,12140903,7340990
2022-05-13,27593,876,1118,2469,33215950,12592855,451140,,12141715,7343202
2022-05-14,25693,807,1099,2610,33241643,12593346,450841,,12142505,7345557
2022-05-15,14850,751,1276,2057,33256493,12593825,450309,,12143516,7347395
2022-05-16,6384,326,532,1047,33262877,12593913,450099,,12143814,7348255
2022-05-17,19604,590,780,1741,33282481,12594187,449902,,12144285,7349747
2022-05-18,26544,878,1101,2272,33309025,12594801,449674,,12145127,7351804
2022-05-19,24442,683,1155,2164,33333467,12595217,449195,,12146022,7353751
2022-05-20,24269,801,1140,2217,33357736,12595748,448852,,12146896,7355748
2022-05-21,22405,691,1167,2350,33380141,12596129,448367,,12147762,7357855
2022-05-22,10560,550,890,1489,33390701,12596418,448022,,12148396,7359127
2022-05-23,4573,242,464,793,33395274,12596400,447798,,12148602,7359711
2022-05-24,2624,119,179,441,33397898,12596265,447736,,12148529,7359942
2022-05-25,19363,656,947,1953,33417261,12596655,447435,,12149220,7361685
2022-05-26,20644,663,949,1910,33437905,12597044,447143,,12149901,7363372
2022-05-27,21759,818,1057,2078,33459664,12597574,446901,,12150673,7365217
2022-05-28,19409,722,1165,2149,33479073,12598025,446455,,12151570,7367151
2022-05-29,12111,760,1282,1726,33491184,12598550,445926,,12152624,7368685
2022-05-30,4580,311,550,751,33495764,12598615,445684,,12152931,7369238
2022-05-31,13548,573,751,1665,33509312,12598886,445500,,12153386,7370663
2022-06-01,16613,704,971,1879,33525925,12599287,445231,,12154056,7372288
2022-06-02,14608,557,867,1676,33540533,12599532,444914,,12154618,7373723
2022-06-03,16103,697,1096,1814,33556636,12599951,444509,,12155442,7375319
2022-06-04,13323,647,1165,1845,33569959,12600340,443986,,12156354,7376962
2022-06-05,7868,587,1111,1432,33577827,12600678,443458,,12157220,7378202
2022-06-06,3294,206,445,641,33581121,12600635,443216,,12157419,7378641
2022-06-07,11221,475,727,1370,33592342,12600810,442959,,12157851,7379767
2022-06-08,14068,667,1013,1611,33606410,12601217,442608,,12158609,7381159
2022-06-09,13377,663,925,1676,33619787,12601592,442341,,12159251,7382603
2022-06-10,13851,685,1068,1697,33633638,12601991,441950,,12160041,7384070
2022-06-11,12983,616,1031,1844,33646621,12602321,441533,,12160788,7385691
2022-06-12,8098,643,1236,1504,33654719,12602706,440936,,12161770,7386988
2022-06-13,3188,284,422,711,33657907,12602723,440793,,12161930,7387490
2022-06-14,10129,512,666,1264,33668036,12602946,440633,,12162313,7388516
2022-06-15,13509,472,832,1620,33681545,12603122,440271,,12162851,7389898
2022-06-16,12542,495,856,1616,33694087,12603311,439905,,12163406,7391267
2022-06-17,11693,479,818,1653,33705780,12603503,439559,,12163944,7392684
2022-06-18,11451,436,875,1860,33717231,12603668,439117,,12164551,7394320
2022-06-19,7003,483,899,1419,33724234,12603898,438700,,12165198,7395524
2022-06-20,2286,147,301,643,33726520,12603821,438540,,12165281,7395997
2022-06-21,9544,358,616,1384,33736064,12603892,438277,,12165615,7397133
2022-06-22,13611,406,725,1703,33749675,12604026,437951,,12166075,7398611
2022-06-23,13704,401,775,1683,33763379,12604160,437574,,12166586,7400080
2022-06-24,15366,435,811,1675,33778745,12604335,437194,,12167141,7401540
2022-06-25,14470,426,851,1713,33793215,12604500,436758,,12167742,7403044
2022-06-26,8159,432,886,1280,33801374,12604670,436297,,12168373,7404107
2022-06-27,3213,171,365,594,33804587,12604592,436099,,12168493,7404494
2022-06-28,9620,369,558,1226,33814207,12604675,435906,,12168769,7405487
2022-06-29,13315,415,730,1631,33827522,12604800,435589,,12169211,7406878
2022-06-30,12233,482,847,1581,33839755,12604998,435222,,12169776,7408226
2022-07-01,13039,550,971,1949,33852794,12605290,434796,,12170494,7409969
2022-07-02,1615,110,115,365,33854409,12605124,434789,,12170335,7410102
2022-07-03,5160,260,494,960,33859569,12605126,434546,,12170580,7410846
2022-07-04,2757,132,279,614,33862326,12605011,434398,,12170613,7411263
2022-07-05,11144,372,599,1575,33873470,12605085,434163,,12170922,7412590
2022-07-06,15960,549,859,2009,33889430,12605338,433847,,12171491,7414356
2022-07-07,15666,520,832,1927,33905096,12605569,433534,,12172035,7416030
2022-07-08,17887,555,869,2245,33922983,12605819,433219,,12172600,7418026
2022-07-09,14142,450,597,1845,33937125,12605991,433071,,12172920,7419633
2022-07-10,8748,475,755,1503,33945873,12606218,432790,,12173428,7420930
2022-07-11,4094,199,331,871,33949967,12606152,432655,,12173497,7421581
2022-07-12,12107,412,524,1655,33962074,12606265,432538,,12173727,7422982
2022-07-13,16722,564,773,2144,33978796,12606532,432323,,12174209,7424882
2022-07-14,16860,483,675,2023,33995656,12606709,432120,,12174589,7426665
2022-07-15,28897,599,822,2187,34024553,12607008,431896,,12175112,7428611
2022-07-16,30301,586,773,2328,34054854,12607279,431700,,12175579,7430686
2022-07-17,22931,537,636,1891,34077785,12607579,431598,,12175981,7432383
2022-07-18,11397,189,255,856,34089182,12607500,431527,,12175973,7433017
2022-07-19,28957,592,591,2137,34118139,12607817,431525,,12176292,7434922
2022-07-20,37638,840,923,2592,34155777,12608378,431437,,12176941,7437277
2022-07-21,36357,734,812,2808,34192134,12608824,431352,,12177472,7439844
2022-07-22,35802,824,892,2685,34227936,12609359,431277,,12178082,7442291
2022-07-23,35152,821,912,2835,34263088,12609865,431178,,12178687,7444870
2022-07-24,21737,599,804,1777,34284825,12610201,430970,,12179231,7446422
2022-07-25,11936,308,311,1081,34296761,12610224,430962,,12179262,7447272
2022-07-26,26090,619,603,2212,34322851,12610558,430977,,12179581,7449240
2022-07-27,32470,808,847,2649,34355321,12611108,430936,,12180172,7451678
2022-07-28,31540,724,884,2609,34386861,12611535,430772,,12180763,7454036
2022-07-29,29993,1790,875,2645,34416854,12613033,431683,,12181350,7456431
2022-07-30,25833,2525,747,2436,34442687,12615277,433459,,12181818,7458633
2022-07-31,14310,1067,541,1564,34456997,12616075,433981,,12182094,7459969
2022-08-01,5915,336,223,683,34462912,12616151,434092,,12182059,7460429
2022-08-02,4482,306,138,602,34467394,12616187,434256,,12181931,7460809
2022-08-03,22940,2637,738,2238,34490334,12618548,436151,,12182397,7462811
2022-08-04,22233,2482,679,2132,34512567,12620703,437948,,12182755,7464680
2022-08-05,21795,2755,746,2068,34534362,12623176,439949,,12183227,7466519
2022-08-06,19645,2875,657,1994,34554007,12625739,442161,,12183578,7468254
2022-08-07,12706,2236,620,1422,34566713,12627700,443771,,12183929,7469458
2022-08-08,4766,570,188,603,34571479,12627981,444146,,12183835,7469823
2022-08-09,14013,1468,558,1593,34585492,12629161,445050,,12184111,7471174
2022-08-10,19130,2364,718,1992,34604622,12631251,446694,,12184557,7472937
2022-08-11,17076,2040,717,1857,34621698,12633015,448015,,12185000,7474561
2022-08-12,16982,2048,734,1852,34638680,12634774,449328,,12185446,7476184
2022-08-13,15952,2223,764,1808,34654632,12636712,450785,,12185927,7477751
2022-08-14,9527,1621,618,1084,34664159,12638043,451784,,12186259,7478599
2022-08-15,3873,388,271,479,34668032,12638178,451898,,12186280,7478869
2022-08-16,10807,1073,516,1356,34678839,12638950,452453,,12186497,7479973
2022-08-17,16096,1833,739,1782,34694935,12640495,453546,,12186949,7481519
2022-08-18,14930,1641,748,1693,34709865,12641811,454435,,12187376,7482940
2022-08-19,15317,1846,749,1551,34725182,12643380,455528,,12187852,7484257
2022-08-20,14284,1641,740,1545,34739466,12644729,456423,,12188306,7485563
2022-08-21,9905,1533,660,1165,34749371,12645997,457292,,12188705,7486511
2022-08-22,4163,481,271,561,34753534,12646173,457499,,12188674,7486812
2022-08-23,11134,1248,554,1495,34764668,12647113,458189,,12188924,7488054
2022-08-24,14759,1808,871,2186,34779427,12648649,459126,,12189523,7490008
2022-08-25,14028,1718,780,2121,34793455,12650078,460057,,12190021,7491883
2022-08-26,13929,1689,816,2092,34807384,12651470,460923,,12190547,7493725
2022-08-27,12414,1486,876,1998,34819798,12652628,461527,,12191101,7495456
2022-08-28,7923,1258,621,1397,34827721,12653625,462162,,12191463,7496633
2022-08-29,3399,502,286,684,34831120,12653845,462373,,12191472,7497082
2022-08-30,9905,1169,649,1855,34841025,12654656,462887,,12191769,7498634
2022-08-31,13512,1627,946,2314,34854537,12655991,463564,,12192427,7500704
2022-09-01,12906,1721,912,2141,34867443,12657415,464368,,12193047,7502598
2022-09-02,15043,1616,991,4917,34882486,12658756,464985,,12193771,7507289
2022-09-03,14717,1525,923,5515,34897203,12659998,465584,,12194414,7512569
2022-09-04,8665,1010,675,3236,34905868,12660742,465910,,12194832,7515583
2022-09-05,3555,321,229,1386,34909423,12660796,465999,,12194797,7516746
2022-09-06,2467,157,114,1132,34911890,12660698,466039,,12194659,7517669
2022-09-07,10925,1019,587,3491,34922815,12661418,466467,,12194951,7520908
2022-09-08,10869,1022,527,2790,34933684,12662111,466959,,12195152,7523421
2022-09-09,9581,1011,488,2502,34943265,12662833,467477,,12195356,7525686
2022-09-10,10634,1265,552,3165,34953899,12663820,468183,,12195637,7528617
2022-09-11,9410,982,667,3736,34963309,12664552,468492,,12196060,7532143
2022-09-12,3125,294,204,1079,34966434,12664563,468575,,12195988,7532985
2022-09-13,6017,544,283,1132,34972451,12664820,468827,,12195993,7533874
2022-09-14,14483,798,434,1844,34986934,12665299,469187,,12196112,7535452
2022-09-15,15753,779,409,1532,35002687,12665758,469552,,12196206,7536713
2022-09-16,17758,766,447,1692,35020445,12666264,469865,,12196399,7538184
2022-09-17,17617,722,457,1667,35038062,12666681,470126,,12196555,7539596
2022-09-18,11213,773,451,1688,35049275,12667194,470446,,12196748,7541061
2022-09-19,4979,404,288,670,35054254,12667326,470557,,12196769,7541517
2022-09-20,13768,441,332,945,35068022,12667452,470664,,12196788,7542199
2022-09-21,23037,646,409,1497,35091059,12667788,470896,,12196892,7543440
2022-09-22,22914,636,398,1378,35113973,12668116,471128,,12196988,7544556
2022-09-23,22947,725,601,1418,35136920,12668542,471247,,12197295,7545720
2022-09-24,21690,737,689,1498,35158610,12668985,471291,,12197694,7546982
2022-09-25,11318,595,702,1355,35169928,12669298,471178,,12198120,7548100
2022-09-26,4563,192,218,594,35174491,12669200,471146,,12198054,7548451
2022-09-27,37650,497,365,1497,35212141,12669426,471274,,12198152,7549720
2022-09-28,50966,731,671,1900,35263107,12669888,471333,,12198555,7551394
2022-09-29,48005,637,740,1836,35311112,12670204,471222,,12198982,7552953
2022-09-30,47270,677,806,2003,35358382,12670553,471091,,12199462,7554674
2022-10-01,34447,527,633,1545,35392829,12670771,470983,,12199788,7555952
2022-10-02,24245,736,1028,1711,35417074,12671211,470688,,12200523,7557410
2022-10-03,10868,238,230,611,35427942,12671157,470692,,12200465,7557783
2022-10-04,32196,478,458,1169,35460138,12671316,470708,,12200608,7558676
2022-10-05,40438,631,740,1561,35500576,12671629,470592,,12201037,7559975
2022-10-06,38693,610,653,1567,35539269,12671934,470547,,12201387,7561280
2022-10-07,42241,661,852,1742,35581510,12672248,470348,,12201900,7562721
2022-10-08,37395,783,1144,2120,35618905,12672700,469981,,12202719,7564566
2022-10-09,18813,549,727,1556,35637718,12672971,469800,,12203171,7565884
2022-10-10,6865,168,370,565,35644583,12672839,469595,,12203244,7566187
2022-10-11,4994,124,111,318,35649577,12672667,469603,,12203064,7566266
2022-10-12,35114,579,685,1428,35684691,12672913,469495,,12203418,7567405
2022-10-13,36757,644,858,1620,35721448,12673192,469277,,12203915,7568717
2022-10-14,36977,621,753,1541,35758425,12673482,469142,,12204340,7569979
2022-10-15,35451,714,1013,1627,35793876,12673903,468840,,12205063,7571356
2022-10-16,20663,654,1024,1593,35814539,12674287,468464,,12205823,7572719
2022-10-17,7356,206,477,541,35821895,12674210,468191,,12206019,7573021
2022-10-18,36426,457,500,1398,35858321,12674347,468143,,12206204,7574146
2022-10-19,49902,619,730,1981,35908223,12674665,468029,,12206636,7575877
2022-10-20,51288,622,649,2050,35959511,12674973,467999,,12206974,7577662
2022-10-21,52849,696,619,1935,36012360,12675342,468070,,12207272,7579329
2022-10-22,50864,750,904,2310,36063224,12675763,467911,,12207852,7581366
2022-10-23,30639,571,785,2122,36093863,12676018,467690,,12208328,7583224
2022-10-24,14133,232,271,978,36107996,12675948,467646,,12208302,7583945
2022-10-25,41368,473,489,1818,36149364,12676070,467627,,12208443,7585465
2022-10-26,51657,615,660,2124,36201021,12676353,467578,,12208775,7587311
2022-10-27,50112,606,768,2162,36251133,12676634,467408,,12209226,7589203
2022-10-28,49797,590,675,2095,36300930,12676867,467318,,12209549,7590991
2022-10-29,50595,733,779,2221,36351525,12677251,467268,,12209983,7592911
2022-10-30,28398,661,930,2037,36379923,12677629,466995,,12210634,7594705
2022-10-31,12439,200,234,777,36392362,12677552,466958,,12210594,7595249
2022-11-01,33093,339,197,1220,36425455,12677548,467094,,12210454,7596177
2022-11-02,44286,574,624,1903,36469741,12677790,467040,,12210750,7597781
2022-11-03,44187,540,604,1856,36513928,12678002,466972,,12211030,7599353
2022-11-04,44642,647,528,2028,36558570,12678346,467084,,12211262,7601127
2022-11-05,45205,645,753,2369,36603775,12678691,466973,,12211718,7603230
2022-11-06,26018,558,771,2097,36629793,12678911,466757,,12212154,7605033
2022-11-07,10710,243,235,876,36640503,12678872,466762,,12212110,7605675
2022-11-08,33481,485,396,1585,36673984,12679069,466848,,12212221,7607017
2022-11-09,40530,605,571,1964,36714514,12679359,466880,,12212479,7608713
2022-11-10,39175,620,547,1929,36753689,12679657,466947,,12212710,7610365
2022-11-11,43344,634,641,2209,36797033,12679974,466939,,12213035,7612299
2022-11-12,36847,637,591,2184,36833880,12680287,466977,,12213310,7614200
2022-11-13,24268,559,770,2276,36858148,12680556,466760,,12213796,7616228
2022-11-14,10966,232,204,1024,36869114,12680493,466787,,12213706,7616994
2022-11-15,33623,484,380,1693,36902737,12680613,466885,,12213728,7618380
2022-11-16,43540,799,583,2369,36946277,12681114,467095,,12214019,7620499
2022-11-17,38340,674,647,2241,36984617,12681451,467118,,12214333,7622452
2022-11-18,40622,726,531,2329,37025239,12681833,467309,,12214524,7624482
2022-11-19,39654,1005,1031,3060,37064893,12682494,467277,,12215217,7627239
2022-11-20,22422,659,718,2442,37087315,12682874,467214,,12215660,7629452
2022-11-21,8922,197,193,969,37096237,12682807,467213,,12215594,7630214
2022-11-22,26439,481,369,1512,37122676,12682927,467321,,12215606,7631411
2022-11-23,32082,685,669,2069,37154758,12683284,467335,,12215949,7633202
2022-11-24,31902,664,751,2085,37186660,12683635,467246,,12216389,7635025
2022-11-25,30751,763,828,1951,37217411,12684088,467175,,12216913,7636715
2022-11-26,30286,906,1191,2698,37247697,12684656,466881,,12217775,7639124
2022-11-27,18675,608,944,2087,37266372,12684963,466540,,12218423,7640956
2022-11-28,7538,190,280,787,37273910,12684862,466443,,12218419,7641488
2022-11-29,21023,421,453,1292,37294933,12684954,466407,,12218547,7642502
2022-11-30,27892,643,650,1842,37322825,12685281,466398,,12218883,7644069
2022-12-01,24805,593,682,1692,37347630,12685548,466306,,12219242,7645477
2022-12-02,25054,523,630,1775,37372684,12685745,466193,,12219552,7646970
2022-12-03,25558,588,781,1945,37398242,12686014,465990,,12220024,7648655
2022-12-04,15252,494,606,1702,37413494,12686178,465873,,12220305,7650066
2022-12-05,6877,167,157,746,37420371,12686054,465878,,12220176,7650565
2022-12-06,20349,421,352,1376,37440720,12686108,465942,,12220166,7651629
2022-12-07,24780,554,609,1671,37465500,12686347,465880,,12220467,7653030
2022-12-08,23161,562,521,1764,37488661,12686598,465919,,12220679,7654520
2022-12-09,23326,635,574,1632,37511987,12686906,465976,,12220930,7655879
2022-12-10,22572,507,602,1631,37534559,12687096,465878,,12221218,7657233
2022-12-11,14204,548,786,1566,37548763,12687380,465637,,12221743,7658573
2022-12-12,5506,149,156,595,37554269,12687239,465625,,12221614,7658929
2022-12-13,17795,375,370,1124,37572064,12687294,465628,,12221666,7659781
2022-12-14,21320,511,547,1454,37593384,12687516,465586,,12221930,7660995
2022-12-15,21966,531,603,1579,37615350,12687707,465512,,12222195,7662280
2022-12-16,16286,378,451,1031,37631636,12687762,465436,,12222326,7663039
2022-12-17,18696,556,507,1276,37650332,12687995,465483,,12222512,7664030
2022-12-18,12638,529,794,1306,37662970,12688243,465217,,12223026,7665084
2022-12-19,4585,131,116,449,37667555,12688043,465228,,12222815,7665248
2022-12-20,16207,499,449,1109,37683762,12688227,465271,,12222956,7666091
2022-12-21,18472,541,552,1303,37702234,12688469,465256,,12223213,7667132
2022-12-22,18601,574,591,1747,37720835,12688746,465239,,12223507,7668619
2022-12-23,15644,574,599,1716,37736479,12688965,465209,,12223756,7670040
2022-12-24,5338,224,172,673,37741817,12688881,465260,,12223621,7670436
2022-12-25,2444,153,153,480,37744261,12688729,465251,,12223478,7670652
2022-12-26,262,12,7,48,37744523,12688446,465251,,12223195,7670449
2022-12-27,2095,98,36,306,37746618,12688259,465309,,12222950,7670518
2022-12-28,8320,337,168,975,37754938,12688288,465473,,12222815,7671224
2022-12-29,13164,582,529,1601,37768102,12688546,465522,,12223024,7672544
2022-12-30,15820,666,658,1881,37783922,12688910,465527,,12223383,7674156
2022-12-31,11231,460,387,1355,37795153,12689018,465596,,12223422,7675208
2023-01-01,3907,201,219,563,37799060,12688913,465577,,12223336,7675504
2023-01-02,652,36,14,97,37799712,12688667,465598,,12223069,7675356
2023-01-03,8196,297,151,902,37807908,12688685,465738,,12222947,7676021
2023-01-04,14720,574,547,1546,37822628,12688975,465759,,12223216,7677319
2023-01-05,16117,643,535,1796,37838745,12689319,465859,,12223460,7678856
2023-01-06,18827,715,609,2045,37857572,12689742,465962,,12223780,7680648
2023-01-07,18524,702,639,2056,37876096,12690162,466020,,12224142,7682460
2023-01-08,11612,580,608,1633,37887708,12690490,465989,,12224501,7683873
2023-01-09,5299,215,196,664,37893007,12690403,466006,,12224397,7684281
2023-01-10,12158,415,317,786,37905165,12690519,466102,,12224417,7684806
2023-01-11,15543,457,371,1094,37920708,12690659,466185,,12224474,7685631
2023-01-12,14066,444,409,973,37934774,12690798,466219,,12224579,7686343
2023-01-13,14172,421,345,1040,37948946,12690965,466292,,12224673,7687160
2023-01-14,13386,473,451,1078,37962332,12691133,466309,,12224824,7687969
2023-01-15,9046,461,507,1055,37971378,12691324,466262,,12225062,7688796
2023-01-16,3746,146,130,479,37975124,12691198,466278,,12224920,7689032
2023-01-17,8851,267,179,653,37983975,12691130,466362,,12224768,7689402
2023-01-18,10263,349,272,761,37994238,12691185,466436,,12224749,7689898
2023-01-19,10593,316,318,761,38004831,12691208,466429,,12224779,7690411
2023-01-20,9834,317,272,717,38014665,12691243,466472,,12224771,7690877
2023-01-21,11305,355,398,904,38025970,12691304,466428,,12224876,7691534
2023-01-22,7567,343,405,817,38033537,12691388,466364,,12225024,7692120
2023-01-23,3380,143,131,288,38036917,12691300,466375,,12224925,7692204
2023-01-24,8288,226,166,550,38045205,12691222,466433,,12224789,7692488
2023-01-25,10306,347,297,662,38055511,12691300,466479,,12224821,7692923
2023-01-26,6721,236,203,469,38062232,12691250,466510,,12224740,7693149
2023-01-27,6910,236,197,498,38069142,12691186,466546,,12224640,7693391
2023-01-28,9350,312,339,695,38078492,12691212,466515,,12224697,7693837
2023-01-29,5967,235,341,691,38084459,12691171,466404,,12224767,7694282
2023-01-30,1899,88,79,215,38086358,12690978,466411,,12224567,7694251
2023-01-31,5883,156,150,414,38092241,12690830,466414,,12224416,7694394
2023-02-01,7302,248,248,494,38099543,12690826,466411,,12224415,7694671
2023-02-02,6482,295,239,502,38106025,12690854,466464,,12224390,7694956
2023-02-03,6549,197,193,463,38112574,12690791,466464,,12224327,7695191
2023-02-04,6729,231,306,543,38119303,12690765,466383,,12224382,7695514
2023-02-05,4176,198,291,484,38123479,12690688,466286,,12224402,7695771
2023-02-06,1834,90,98,212,38125313,12690490,466275,,12224215,7695730
2023-02-07,4964,160,181,385,38130277,12690354,466252,,12224102,7695868
2023-02-08,5769,212,206,430,38136046,12690294,466256,,12224038,7696060
2023-02-09,6124,211,244,439,38142170,12690244,466222,,12224022,7696279
2023-02-10,5088,158,207,372,38147258,12690182,466171,,12224011,7696457
2023-02-11,6053,186,260,458,38153311,12690089,466093,,12223996,7696664
2023-02-12,4082,219,342,409,38157393,12690065,465967,,12224098,7696856
2023-02-13,1483,57,87,146,38158876,12689880,465935,,12223945,7696800
2023-02-14,3944,131,179,309,38162820,12689737,465885,,12223852,7696865
2023-02-15,4539,119,191,286,38167359,12689591,465810,,12223781,7696923
2023-02-16,4915,175,284,400,38172274,12689503,465697,,12223806,7697094
2023-02-17,4982,181,210,342,38177256,12689440,465665,,12223775,7697228
2023-02-18,5115,232,294,487,38182371,12689411,465601,,12223810,7697491
2023-02-19,3353,132,244,373,38185724,12689285,465485,,12223800,7697648
2023-02-20,1419,63,54,158,38187143,12689103,465491,,12223612,7697598
2023-02-21,913,26,14,107,38188056,12688896,465501,,12223395,7697495
2023-02-22,4134,131,212,369,38192190,12688777,465414,,12223363,7697658
2023-02-23,4282,162,231,392,38196472,12688677,465338,,12223339,7697822
2023-02-24,3033,137,229,274,38199505,12688571,465242,,12223329,7697878
2023-02-25,5024,214,540,386,38204529,12688543,464915,,12223628,7698061
2023-02-26,3472,146,681,384,38208001,12688436,464376,,12224060,7698231
2023-02-27,1074,37,57,97,38209075,12688249,464353,,12223896,7698140
2023-02-28,2729,99,163,232,38211804,12688070,464287,,12223783,7698122
2023-03-01,3849,137,428,334,38215653,12687920,463992,,12223928,7698198
2023-03-02,4589,158,494,328,38220242,12687786,463647,,12224139,7698283
2023-03-03,4367,159,357,334,38224609,12687686,463447,,12224239,7698382
2023-03-04,4966,207,623,350,38229575,12687630,463028,,12224602,7698505
2023-03-05,2535,110,449,251,38232110,12687463,462688,,12224775,7698510
2023-03-06,1156,48,37,114,38233266,12687270,462697,,12224573,7698415
2023-03-07,3221,87,172,225,38236487,12687059,462609,,12224450,7698389
2023-03-08,4315,133,412,283,38240802,12686916,462328,,12224588,7698423
2023-03-09,4614,173,453,312,38245416,12686822,462043,,12224779,7698507
2023-03-10,3942,100,139,254,38249358,12686694,462002,,12224692,7698565
2023-03-11,4064,140,171,285,38253422,12686615,461968,,12224647,7698657
2023-03-12,2883,109,234,301,38256305,12686472,461834,,12224638,7698735
2023-03-13,862,29,32,106,38257167,12686281,461828,,12224453,7698649
2023-03-14,3078,100,109,257,38260245,12686132,461819,,12224313,7698692
2023-03-15,4099,139,163,312,38264344,12686048,461793,,12224255,7698807
2023-03-16,4020,176,234,277,38268364,12685938,461730,,12224208,7698843
2023-03-17,4290,168,202,310,38272654,12685833,461692,,12224141,7698908
2023-03-18,4361,144,194,298,38277015,12685728,461641,,12224087,7698986
2023-03-19,2722,128,233,256,38279737,12685660,461536,,12224124,7699060
2023-03-20,774,31,19,74,38280511,12685457,461548,,12223909,7698933
2023-03-21,2897,70,85,200,38283408,12685302,461529,,12223773,7698938
2023-03-22,3893,130,132,248,38287301,12685193,461524,,12223669,7698972
2023-03-23,3808,118,171,226,38291109,12685079,461466,,12223613,7698996
2023-03-24,3692,102,115,238,38294801,12684967,461452,,12223515,7699050
2023-03-25,4273,108,171,251,38299074,12684852,461384,,12223468,7699107
2023-03-26,2472,112,212,202,38301546,12684761,461281,,12223480,7699131
2023-03-27,915,48,32,68,38302461,12684628,461297,,12223331,7699040
2023-03-28,3104,86,78,202,38305565,12684488,461299,,12223189,7699043
2023-03-29,4168,127,136,223,38309733,12684377,461287,,12223090,7699056
2023-03-30,3838,108,164,211,38313571,12684264,461230,,12223034,7699064
2023-03-31,3985,140,109,222,38317556,12684181,461260,,12222921,7699094
2023-04-01,4189,135,147,225,38321745,12684105,461247,,12222858,7699134
2023-04-02,2180,58,122,173,38323925,12683922,461179,,12222743,7699096
2023-04-03,781,24,12,53,38324706,12683738,461190,,12222548,7698966
2023-04-04,3417,75,73,168,38328123,12683599,461191,,12222408,7698938
2023-04-05,4367,94,108,249,38332490,12683467,461175,,12222292,7698995
2023-04-06,3699,107,109,190,38336189,12683363,461172,,12222191,7698994
2023-04-07,4597,105,115,242,38340786,12683245,461159,,12222086,7699045
2023-04-08,835,22,11,54,38341621,12683076,461166,,12221910,7698936
2023-04-09,2441,81,103,161,38344062,12682987,461142,,12221845,7698950
2023-04-10,360,9,6,20,38344422,12682804,461139,,12221665,7698811
2023-04-11,2771,34,28,121,38347193,12682600,461144,,12221456,7698717
2023-04-12,6342,104,96,187,38353535,12682509,461150,,12221359,7698738
2023-04-13,6996,105,128,207,38360531,12682399,461124,,12221275,7698752
2023-04-14,6513,88,103,205,38367044,12682282,461106,,12221176,7698780
2023-04-15,6944,107,149,229,38373988,12682187,461062,,12221125,7698834
2023-04-16,3274,85,144,165,38377262,12682060,461001,,12221059,7698815
2023-04-17,863,12,13,49,38378125,12681890,460997,,12220893,7698708
2023-04-18,4781,101,77,160,38382906,12681786,461019,,12220767,7698687
2023-04-19,6565,117,98,177,38389471,12681693,461037,,12220656,7698676
2023-04-20,6343,99,151,210,38395814,12681596,460984,,12220612,7698712
2023-04-21,5768,85,73,133,38401582,12681477,460994,,12220483,7698666
2023-04-22,6386,92,91,180,38407968,12681369,460993,,12220376,7698678
2023-04-23,3299,119,147,170,38411267,12681307,460965,,12220342,7698688
2023-04-24,954,4,12,58,38412221,12681137,460956,,12220181,7698604
2023-04-25,4807,69,70,187,38417028,12681013,460955,,12220058,7698615
2023-04-26,6566,107,93,208,38423594,12680944,460969,,12219975,7698666
2023-04-27,6873,119,152,207,38430467,12680869,460932,,12219937,7698702
2023-04-28,6611,86,86,184,38437078,12680756,460931,,12219825,7698702
2023-04-29,6527,125,109,197,38443605,12680697,460946,,12219751,7698739
2023-04-30,2637,95,127,145,38446242,12680618,460913,,12219705,7698730
2023-05-01,1030,20,17,30,38447272,12680457,460914,,12219543,7698599
2023-05-02,4327,67,55,105,38451599,12680345,460924,,12219421,7698546
2023-05-03,5597,108,107,176,38457196,12680271,460924,,12219347,7698565
2023-05-04,8081,88,85,133,38465277,12680178,460926,,12219252,7698544
2023-05-05,13040,90,98,168,38478317,12680096,460917,,12219179,7698555
2023-05-06,15631,112,96,154,38493948,12680054,460933,,12219121,7698564
2023-05-07,6058,56,96,106,38500006,12679945,460889,,12219056,7698525
2023-05-08,2165,16,4,37,38502171,12679804,460899,,12218905,7698422
2023-05-09,12558,55,49,129,38514729,12679694,460902,,12218792,7698412
2023-05-10,14755,71,78,157,38529484,12679603,460893,,12218710,7698426
2023-05-11,13356,77,71,154,38542840,12679540,460898,,12218642,7698461
2023-05-12,13475,87,79,176,38556315,12679488,460904,,12218584,7698509
2023-05-13,11439,80,74,146,38567754,12679384,460906,,12218478,7698492
2023-05-14,4182,67,95,93,38571936,12679310,460877,,12218433,7698463
2023-05-15,1053,9,6,38,38572989,12679188,460876,,12218312,7698392
2023-05-16,8944,56,47,93,38581933,12679095,460881,,12218214,7698356
2023-05-17,11098,99,83,141,38593031,12679034,460895,,12218139,7698350
2023-05-18,10817,84,67,144,38603848,12678958,460912,,12218046,7698350
2023-05-19,10394,95,96,151,38614242,12678896,460909,,12217987,7698361
2023-05-20,9338,94,88,160,38623580,12678831,460914,,12217917,7698374
2023-05-21,3078,48,86,95,38626658,12678772,460875,,12217897,7698369
2023-05-22,968,15,10,29,38627626,12678673,460880,,12217793,7698293
2023-05-23,750,7,3,16,38628376,12678560,460884,,12217676,7698206
2023-05-24,8012,57,80,105,38636388,12678468,460860,,12217608,7698176
2023-05-25,9331,73,93,163,38645719,12678415,460838,,12217577,7698228
2023-05-26,7935,71,68,120,38653654,12678373,460841,,12217532,7698249
2023-05-27,8115,104,75,125,38661769,12678366,460868,,12217498,7698278
2023-05-28,2902,58,73,99,38664671,12678324,460851,,12217473,7698283
2023-05-29,965,13,11,30,38665636,12678230,460851,,12217379,7698217
2023-05-30,5901,62,49,110,38671537,12678163,460863,,12217300,7698212
2023-05-31,8127,92,94,121,38679664,12678141,460860,,12217281,7698232
2023-06-01,7246,74,95,117,38686910,12678099,460837,,12217262,7698246
2023-06-02,6288,49,47,120,38693198,12678047,460838,,12217209,7698275
2023-06-03,5445,74,58,119,38698643,12678021,460854,,12217167,7698305
2023-06-04,2038,47,79,76,38700681,12678001,460821,,12217180,7698319
2023-06-05,597,12,6,17,38701278,12677932,460827,,12217105,7698263
2023-06-06,4435,36,38,78,38705713,12677880,460824,,12217056,7698259
2023-06-07,5729,65,65,118,38711442,12677881,460821,,12217060,7698324
2023-06-08,5628,57,69,109,38717070,12677886,460808,,12217078,7698392
2023-06-09,6143,76,79,121,38723213,12677912,460805,,12217107,7698472
2023-06-10,5194,76,93,109,38728407,12677946,460788,,12217158,7698541
2023-06-11,1954,59,61,103,38730361,12677987,460786,,12217201,7698627
2023-06-12,590,11,7,38,38730951,12677981,460790,,12217191,7698649
2023-06-13,4033,59,57,99,38734984,12678035,460792,,12217243,7698743
2023-06-14,5293,80,82,111,38740277,12678115,460790,,12217325,7698854
2023-06-15,4752,74,68,111,38745029,12678189,460796,,12217393,7698965
