"report_date","previous_day_total_doses_administered","previous_day_at_least_one","previous_day_fully_vaccinated","previous_day_3doses","total_doses_administered","total_individuals_at_least_one","total_individuals_partially_vaccinated","total_doses_in_fully_vaccinated_individuals","total_individuals_fully_vaccinated","total_individuals_3doses"
2021-01-01,6251,6241,2,,32182,32127,32116,22,11,
2021-01-02,4612,4600,6,,36794,36675,36662,26,13,
2021-01-03,5393,5386,3,,42187,42061,42045,32,16,
2021-01-04,5995,5993,0,,48182,48053,48038,30,15,
2021-01-05,9681,9657,19,,57863,57708,57675,66,33,
2021-01-06,12791,12326,450,,70654,70030,69551,958,479,
2021-01-07,16216,15504,697,,86870,85533,84357,2352,1176,
2021-01-08,18035,17020,1002,,104905,102553,100375,4356,2178,
2021-01-09,19499,18422,1064,,124404,120974,117732,6484,3242,
2021-01-10,11366,11327,37,,135770,132292,129014,6556,3278,
2021-01-11,11710,11661,48,,147480,143953,140627,6652,3326,
2021-01-12,14466,14160,297,,161946,158105,154482,7246,3623,
2021-01-13,15433,13811,1593,,177379,171902,166688,10428,5214,
2021-01-14,19180,16730,2435,,196559,188626,180978,15296,7648,
2021-01-15,20045,17989,2037,,216604,206604,196919,19370,9685,
2021-01-16,17115,15932,1170,,233719,222520,211665,21710,10855,
2021-01-17,11253,10010,1236,,244972,232515,220426,24178,12089,
2021-01-18,6788,6708,70,,251760,239200,227044,24312,12156,
2021-01-19,11823,9715,2094,,263583,248894,234644,28500,14250,
2021-01-20,10799,7210,3572,,274382,256081,238260,35642,17821,
2021-01-21,10966,6850,4089,,285348,262915,241005,43820,21910,
2021-01-22,9035,4318,4698,,294383,267196,240590,53212,26606,
2021-01-23,7446,3031,4387,,301829,270197,239205,61984,30992,
2021-01-24,4381,1825,2536,,306210,272004,238476,67056,33528,
2021-01-25,5318,1046,4263,,311528,273018,235228,75580,37790,
2021-01-26,9378,2855,6495,,320906,275841,231557,88568,44284,
2021-01-27,9893,2861,7004,,330799,278673,227386,102574,51287,
2021-01-28,13105,5731,7332,,343904,284371,225752,117238,58619,
2021-01-29,10683,3270,7379,,354587,287610,221613,131994,65997,
2021-01-30,9182,2723,6422,,363769,290291,217875,144832,72416,
2021-01-31,3370,1560,1767,,367139,291817,217635,148364,74182,
2021-02-01,2119,482,1609,,369258,292265,216478,151574,75787,
2021-02-02,4402,1349,2995,,373660,293576,214798,157556,78778,
2021-02-03,6230,1712,4457,,379890,295247,212019,166456,83228,
2021-02-04,9071,1703,7289,,388961,296907,206396,181022,90511,
2021-02-05,8434,1462,6901,,397395,298329,200923,194812,97406,
2021-02-06,10656,1862,8735,,408051,300136,194004,212264,106132,
2021-02-07,7567,1724,5795,,415618,301820,189905,223830,111915,
2021-02-08,8214,3092,5080,,423832,304864,187882,233964,116982,
2021-02-09,14997,3852,11079,,438829,308674,180629,256090,128045,
2021-02-10,15501,4923,10518,,454330,313545,175007,277076,138538,
2021-02-11,16357,3895,12407,,470687,317388,166474,301828,150914,
2021-02-12,17649,2094,15505,,488336,319444,153044,332800,166400,
2021-02-13,16199,2437,13746,,504535,321836,141709,360254,180127,
2021-02-14,12873,916,11925,,517408,322704,130682,384044,192022,
2021-02-15,7859,483,7328,,525267,323139,123815,398648,199324,
2021-02-16,5989,1040,4899,,531256,324136,119936,408400,204200,
2021-02-17,10160,1604,8522,,541416,325696,113002,425388,212694,
2021-02-18,13865,2951,10870,,555281,328599,105065,447068,223534,
2021-02-19,18484,6211,12206,,573765,334758,99049,471418,235709,
2021-02-20,22618,11127,11439,,596383,345822,98712,494220,247110,
2021-02-21,17229,10373,6821,,613612,356135,102246,507778,253889,
2021-02-22,13575,8749,4775,,627187,364814,106200,517228,258614,
2021-02-23,17851,11115,6665,,645038,375873,110630,530486,265243,
2021-02-24,18565,13606,4878,,663603,389423,119344,540158,270079,
2021-02-25,20798,16482,4259,,684401,405839,131549,548580,274290,
2021-02-26,24878,21823,2995,,709279,427602,150354,554496,277248,
2021-02-27,27447,23572,3834,,736726,451110,170076,562068,281034,
2021-02-28,20578,19139,1405,,757304,470195,187798,564794,282397,
2021-03-01,18213,17020,1148,,775517,487153,203655,566996,283498,
2021-03-02,24666,22266,2316,,800183,509358,223590,571536,285768,
2021-03-03,30582,27954,2575,,830765,537261,248951,576620,288310,
2021-03-04,34677,32451,2142,,865442,569646,279244,580804,290402,
2021-03-05,39969,38144,1778,,905411,607742,315596,584292,292146,
2021-03-06,44132,41929,2165,,949543,649616,355346,588540,294270,
2021-03-07,32724,31548,1172,,982267,681090,385706,590768,295384,
2021-03-08,24035,22161,1861,,1006302,703183,405992,594382,297191,
2021-03-09,33276,29830,3418,,1039578,732947,432384,601126,300563,
2021-03-10,38321,34061,4215,,1077899,766934,462204,609460,304730,
2021-03-11,43964,40693,3232,,1121863,807561,499651,615820,307910,
2021-03-12,47689,45977,1688,,1169552,853474,543926,619096,309548,
2021-03-13,57893,55022,2843,,1227445,908425,596088,624674,312337,
2021-03-14,43387,42156,1215,,1270832,950498,637014,626968,313484,
2021-03-15,32796,31100,1681,,1303628,981539,666417,630244,315122,
2021-03-16,53933,51641,2276,,1357561,1033115,715760,634710,317355,
2021-03-17,61043,58510,2491,,1418604,1091559,771763,639592,319796,
2021-03-18,61518,59066,2427,,1480122,1150553,828383,644340,322170,
2021-03-19,64445,61126,3266,,1544567,1211601,886218,650766,325383,
2021-03-20,62548,59965,2553,,1607115,1271510,943622,655776,327888,
2021-03-21,43979,42462,1531,,1651094,1313907,984525,658764,329382,
2021-03-22,30989,30027,974,,1682083,1343846,1013546,660600,330300,
2021-03-23,54593,51820,2724,,1736676,1395571,1062610,665922,332961,
2021-03-24,76403,73225,3131,,1813079,1468706,1132671,672070,336035,
2021-03-25,82892,80315,2530,,1895971,1548942,1210434,677016,338508,
2021-03-26,86981,83453,3490,,1982952,1632314,1290368,683892,341946,
2021-03-27,80832,77884,2864,,2063784,1710095,1365350,689490,344745,
2021-03-28,66977,65391,1553,,2130761,1775396,1429155,692482,346241,
2021-03-29,51723,49038,2651,,2182484,1824354,1475508,697692,348846,
2021-03-30,73554,70151,3346,,2256038,1894428,1542277,704302,352151,
2021-03-31,93136,89492,3577,,2349174,1983822,1628147,711350,355675,
2021-04-01,89290,85424,3831,,2438464,2069148,1709695,718906,359453,
2021-04-02,93061,88840,4206,,2531525,2157902,1794295,727214,363607,
2021-04-03,60974,59303,1729,,2592499,2217114,1851829,730570,365285,
2021-04-04,72315,70667,1644,,2664814,2287670,1920799,733742,366871,
2021-04-05,53726,53257,469,,2718540,2340843,1973551,734584,367292,
2021-04-06,79564,77702,1882,,2798104,2418444,2049323,738242,369121,
2021-04-07,107986,104925,3053,,2906090,2523244,2151128,744232,372116,
2021-04-08,114060,110097,4020,,3020150,2633230,2257150,752160,376080,
2021-04-09,109820,105605,4289,,3129970,2738717,2358413,760608,380304,
2021-04-10,109207,105461,3842,,3239177,2844050,2459970,768160,384080,
2021-04-11,98602,95493,3253,,3337779,2939418,2552144,774548,387274,
2021-04-12,76055,74995,1153,,3413834,3014265,2625906,776718,388359,
2021-04-13,99449,96077,3394,,3513283,3110233,2718528,783410,391705,
2021-04-14,117025,113267,3647,,3630308,3223382,2828070,790624,395312,
2021-04-15,113543,109491,3894,,3743851,3332747,2933598,798298,399149,
2021-04-16,118096,113728,4191,,3861947,3446365,3043069,806592,403296,
2021-04-17,112390,107809,4442,,3974337,3554040,3146361,815358,407679,
2021-04-18,88724,86493,2099,,4063061,3640410,3230686,819448,409724,
2021-04-19,68954,67429,1446,,4132015,3707709,3296590,822238,411119,
2021-04-20,101902,98583,3116,,4233917,3806130,3391960,828340,414170,
2021-04-21,141971,137709,4028,,4375888,3943665,3525535,836260,418130,
2021-04-22,139450,135312,3901,,4515338,4078848,3656873,843950,421975,
2021-04-23,138175,131782,6151,,4653513,4210476,3782408,856136,428068,
2021-04-24,130258,126211,3877,,4783771,4336539,3904650,863778,431889,
2021-04-25,101999,98599,3173,,4885770,4434990,3999995,869990,434995,
2021-04-26,70991,69290,1554,,4956761,4504149,4067660,872978,436489,
2021-04-27,98482,95410,2883,,5055243,4599398,4160089,878618,439309,
2021-04-28,120553,115942,4421,,5175796,4715172,4271514,887316,443658,
2021-04-29,124461,119272,5043,,5300257,4834277,4385645,897264,448632,
2021-04-30,115787,110549,5005,,5416044,4944653,4491093,907120,453560,
2021-05-01,111258,107410,3635,,5527302,5051882,4594764,914236,457118,
2021-05-02,79123,76154,2857,,5606425,5127879,4667970,919818,459909,
2021-05-03,56777,55114,1592,,5663202,5182839,4721398,922882,461441,
2021-05-04,91908,88542,3281,,5755110,5271203,4806558,929290,464645,
2021-05-05,137970,133274,4612,,5893080,5404308,4935114,938388,469194,
2021-05-06,141815,136867,4810,,6034895,5540991,5067049,947884,473942,
2021-05-07,150243,145222,4824,,6185138,5686053,5207346,957414,478707,
2021-05-08,142428,137752,4428,,6327566,5823610,5340554,966112,483056,
2021-05-09,124784,121141,3476,,6452350,5944587,5458119,972936,486468,
2021-05-10,97787,95813,1874,,6550137,6040211,5551936,976550,488275,
2021-05-11,113490,108830,4482,,6663627,6148839,5656153,985372,492686,
2021-05-12,145001,137990,6865,,6808628,6286650,5787165,998970,499485,
2021-05-13,142632,135291,7197,,6951260,6421766,5915158,1013216,506608,
2021-05-14,148855,138753,9934,,7100115,6560331,6043854,1032954,516477,
2021-05-15,159695,149667,9852,,7259810,6709811,6183557,1052508,526254,
2021-05-16,144340,136072,8064,,7404150,6845715,6311477,1068476,534238,
2021-05-17,114954,110860,3941,,7519104,6956386,6418283,1076206,538103,
2021-05-18,111291,100436,10655,,7630395,7056626,6507930,1097392,548696,
2021-05-19,149843,133446,16222,,7780238,7189920,6625076,1129688,564844,
2021-05-20,151516,131540,19765,,7931754,7321271,6736731,1169080,584540,
2021-05-21,165339,140847,24237,,8097093,7461937,6853237,1217400,608700,
2021-05-22,199383,172206,26952,,8296476,7633946,6998375,1271142,635571,
2021-05-23,139799,127432,12223,,8436275,7761200,7113468,1295464,647732,
2021-05-24,100270,93301,6825,,8536545,7854328,7199841,1308974,654487,
2021-05-25,90420,82942,7270,,8626965,7937107,7275417,1323380,661690,
2021-05-26,139738,112979,26495,,8766703,8049899,7361784,1376230,688115,
2021-05-27,152028,123013,28763,,8918731,8172755,7455946,1433618,716809,
2021-05-28,163818,132275,31240,,9082549,8304857,7556867,1495980,747990,
2021-05-29,153346,117094,36021,,9235895,8421802,7637847,1567910,783955,
2021-05-30,149691,118992,30475,,9385586,8540624,7726256,1628736,814368,
2021-05-31,99186,79794,19202,,9484772,8620248,7786742,1667012,833506,
2021-06-01,124144,90575,33237,,9608916,8710628,7843960,1733336,866668,
2021-06-02,145267,102117,42903,,9754183,8812564,7903062,1819004,909502,
2021-06-03,155324,99883,55165,,9909507,8912263,7947667,1929192,964596,
2021-06-04,181674,115509,65897,,10091181,9027573,7997168,2060810,1030405,
2021-06-05,171975,103402,68298,,10263156,9130777,8032159,2197236,1098618,
2021-06-06,163354,91834,71239,,10426510,9222433,8052646,2339574,1169787,
2021-06-07,119542,63035,56290,,10546052,9285271,8059269,2452004,1226002,
2021-06-08,161860,72424,89000,,10707912,9357506,8042584,2629844,1314922,
2021-06-09,181419,70776,110180,,10889331,9428105,8003084,2850042,1425021,
2021-06-10,185542,66398,118659,,11074873,9494300,7950711,3087178,1543589,
2021-06-11,204745,67490,136503,,11279618,9561604,7881594,3360020,1680010,
2021-06-12,199677,62646,136434,,11479295,9624068,7807716,3632704,1816352,
2021-06-13,190294,58858,130911,,11669589,9682751,7735568,3894366,1947183,
2021-06-14,137662,38675,98592,,11807251,9721230,7675560,4091340,2045670,
2021-06-15,189177,42581,146244,,11996428,9763593,7571776,4383634,2191817,
2021-06-16,206093,42412,163043,,12202521,9805809,7451052,4709514,2354757,
2021-06-17,210370,37915,171879,,12412891,9843509,7316965,5053088,2526544,
2021-06-18,217108,35336,181173,,12629999,9878655,7171030,5415250,2707625,
2021-06-19,215830,35473,179691,,12845829,9913922,7026718,5774408,2887204,
2021-06-20,186222,35539,150110,,13032051,9949263,6912057,6074412,3037206,
2021-06-21,120411,20818,99097,,13152462,9969886,6833675,6272422,3136211,
2021-06-22,204892,27487,176656,,13357354,9997179,6684421,6625516,3312758,
2021-06-23,230477,28603,201141,,13587831,10025582,6511791,7027582,3513791,
2021-06-24,227646,26656,200244,,13815477,10052042,6338117,7427850,3713925,
2021-06-25,251064,27958,222364,,14066541,10079799,6143628,7872342,3936171,
2021-06-26,261244,29983,230561,,14327785,10109557,5942965,8333184,4166592,
2021-06-27,204961,27767,176593,,14532746,10137142,5794067,8686150,4343075,
2021-06-28,199222,20946,177719,,14731968,10157890,5637221,9041338,4520669,
2021-06-29,250074,24473,224878,,14982042,10182122,5436729,9490786,4745393,
2021-06-30,275498,24163,250770,,15257540,10206082,5210048,9992068,4996034,
2021-07-01,271941,25296,246096,,15529481,10231160,4989169,10483982,5241991,
2021-07-02,144696,11576,132896,,15674177,10242562,4867777,10749570,5374785,
2021-07-03,216863,19912,196720,,15891040,10262252,4690896,11142712,5571356,
2021-07-04,196130,19391,176518,,16087170,10281457,4533702,11495510,5747755,
2021-07-05,148701,12434,136126,,16235871,10293702,4409948,11767508,5883754,
2021-07-06,219995,19979,199803,,16455866,10313465,4230054,12166822,6083411,
2021-07-07,246582,22958,223387,,16702448,10336197,4029547,12613300,6306650,
2021-07-08,231165,21337,209619,,16933613,10357328,3841194,13032268,6516134,
2021-07-09,226956,21494,205296,,17160569,10378620,3657322,13442596,6721298,
2021-07-10,209032,20527,188352,,17369601,10398943,3489430,13819026,6909513,
2021-07-11,171641,17563,153955,,17541242,10416305,3352984,14126642,7063321,
2021-07-12,123115,11441,111578,,17664357,10427557,3252795,14349524,7174762,
2021-07-13,178450,19007,159301,,17842807,10446342,3112434,14667816,7333908,
2021-07-14,180003,19288,160559,,18022810,10465416,2971112,14988608,7494304,
2021-07-15,167167,19576,147419,,18189977,10484781,2843222,15283118,7641559,
2021-07-16,169306,19878,149277,,18359283,10504457,2713774,15581366,7790683,
2021-07-17,172956,20244,152588,,18532239,10524452,2581373,15886158,7943079,
2021-07-18,133597,15915,117545,,18665836,10540183,2479707,16120952,8060476,
2021-07-19,91955,10407,81442,,18757791,10550377,2408634,16283486,8141743,
2021-07-20,133507,16934,116515,,18891298,10567071,2308989,16516164,8258082,
2021-07-21,140058,16973,123015,,19031356,10583829,2202894,16761870,8380935,
2021-07-22,125562,17618,107809,,19156918,10601223,2112656,16977134,8488567,
2021-07-23,120222,16976,103039,,19277140,10617958,2026551,17182814,8591407,
2021-07-24,126653,18317,108101,,19403793,10636072,1936727,17398690,8699345,
2021-07-25,103602,14839,88634,,19507395,10650687,1862889,17575596,8787798,
2021-07-26,66668,9879,56698,,19574063,10660348,1816033,17688630,8844315,
2021-07-27,92348,15306,76879,,19666411,10675393,1754416,17841954,8920977,
2021-07-28,93900,16439,77386,,19760311,10691597,1693425,17996344,8998172,
2021-07-29,89359,16690,72508,,19849670,10708055,1637563,18140984,9070492,
2021-07-30,84018,16081,67823,,19933688,10723908,1585781,18276254,9138127,
2021-07-31,83799,15683,67961,,20017487,10739373,1533475,18411796,9205898,
2021-08-01,61845,11306,50358,,20079332,10750453,1494388,18512130,9256065,
2021-08-02,42460,7399,34944,,20121792,10757654,1466811,18581686,9290843,
2021-08-03,33261,5943,27149,,20155053,10763364,1445582,18635564,9317782,
2021-08-04,61282,12358,48733,,20216335,10775487,1409170,18732634,9366317,
2021-08-05,59418,12522,46742,,20275753,10787801,1374906,18825790,9412895,
2021-08-06,55983,11840,43927,,20331736,10799381,1342788,18913186,9456593,
2021-08-07,62333,12115,50021,,20394069,10811235,1304839,19012792,9506396,
2021-08-08,48630,9238,39206,,20442699,10820245,1274848,19090794,9545397,
2021-08-09,30835,5928,24733,,20473534,10825959,1256016,19139886,9569943,
2021-08-10,49210,10489,38424,,20522744,10836168,1228047,19216242,9608121,
2021-08-11,48687,10754,37692,,20571431,10846675,1201078,19291194,9645597,
2021-08-12,49204,11178,37803,,20620635,10857603,1174411,19366384,9683192,
2021-08-13,49582,11713,37599,,20670217,10869075,1148495,19441160,9720580,
2021-08-14,51176,12120,38851,,20721393,10880945,1121738,19518414,9759207,
2021-08-15,41724,9831,31673,,20763117,10890574,1099866,19581416,9790708,
2021-08-16,26711,6168,20388,,20789828,10896519,1085620,19621798,9810899,
2021-08-17,40460,11034,29167,,20830288,10907303,1067463,19679680,9839840,
2021-08-18,41864,11951,29672,,20872152,10919012,1049710,19738604,9869302,
2021-08-19,45850,16509,29080,,20918002,10935270,1037111,19796318,9898159,
2021-08-20,46396,16265,29718,,20964398,10951279,1023631,19855296,9927648,
2021-08-21,47915,15130,32416,,21012313,10966149,1006312,19919674,9959837,
2021-08-22,34358,10795,23297,,21046671,10976698,993786,19965824,9982912,
2021-08-23,23206,6998,15991,,21069877,10983461,984772,19997378,9998689,
2021-08-24,37618,13360,23807,,21107495,10996567,974302,20044530,10022265,
2021-08-25,41293,14396,26294,,21148788,11010707,962385,20096644,10048322,
2021-08-26,39235,13545,24948,,21188023,11023976,950947,20146058,10073029,
2021-08-27,37621,12906,23673,,21225644,11036641,940153,20192976,10096488,
2021-08-28,40075,13403,25498,,21265719,11049766,928034,20243464,10121732,
2021-08-29,30518,10235,19931,,21296237,11059769,918319,20282900,10141450,
2021-08-30,18221,6134,11838,,21314458,11065655,912586,20306138,10153069,
2021-08-31,32681,11927,19606,,21347139,11077314,904879,20344870,10172435,
2021-09-01,36194,12922,21930,,21383333,11090003,895855,20388296,10194148,
2021-09-02,37724,15623,19643,,21421057,11105374,891810,20427128,10213564,
2021-09-03,46827,21063,22416,,21467884,11126189,890438,20471502,10235751,
2021-09-04,46847,20578,24755,,21514731,11146521,886238,20520566,10260283,
2021-09-05,33042,14196,18560,,21547773,11160473,881854,20557238,10278619,
2021-09-06,21683,9476,12020,,21569456,11169700,879293,20580814,10290407,
2021-09-07,14967,6711,8075,,21584423,11176154,877912,20596484,10298242,
2021-09-08,41112,17098,20923,,21625535,11192988,874069,20637838,10318919,
2021-09-09,41412,16957,19659,,21666947,11209668,871342,20676652,10338326,
2021-09-10,39599,15490,18978,,21706546,11224896,867836,20714120,10357060,
2021-09-11,42342,15922,23320,,21748888,11240539,860417,20760244,10380122,
2021-09-12,29939,11524,17855,,21778827,11251769,854056,20795426,10397713,
2021-09-13,16061,6395,9170,,21794888,11257930,851266,20813328,10406664,
2021-09-14,29874,11549,15274,,21824762,11269178,847514,20843328,10421664,
2021-09-15,39250,14010,19410,,21864012,11282929,842099,20881660,10440830,
2021-09-16,39318,13973,19232,,21903330,11296667,836817,20919700,10459850,
2021-09-17,38886,13594,19315,,21942216,11310018,831084,20957868,10478934,
2021-09-18,41187,14073,23495,,21983403,11323818,821641,21004354,10502177,
2021-09-19,30623,10820,18961,,22014026,11334379,813487,21041784,10520892,
2021-09-20,16722,6100,10170,,22030748,11340225,809394,21061662,10530831,
2021-09-21,31328,11202,16974,,22062076,11351162,803606,21095112,10547556,
2021-09-22,41782,14810,22908,,22103858,11365676,795487,21140378,10570189,
2021-09-23,47194,16126,26012,,22151052,11381539,785582,21191914,10595957,
2021-09-24,46265,15623,26624,,22197317,11396901,774562,21244678,10622339,
2021-09-25,48164,15245,29929,,22245481,11411893,759859,21304068,10652034,
2021-09-26,37466,12412,24463,,22282947,11424030,747787,21352486,10676243,
2021-09-27,19143,6527,12311,,22302090,11430303,741987,21376632,10688316,
2021-09-28,30922,11282,17859,,22333012,11441326,735398,21411856,10705928,
2021-09-29,37854,12465,21708,,22370866,11453520,726135,21454770,10727385,
2021-09-30,37301,11640,21351,,22408167,11464901,716405,21496992,10748496,
2021-10-01,30846,9802,18393,,22439013,11474477,707801,21533352,10766676,
2021-10-02,37106,11149,23566,,22476119,11485356,695366,21579980,10789990,
2021-10-03,27194,8159,18319,,22503313,11493274,685193,21616162,10808081,
2021-10-04,14864,4744,9801,,22518177,11497772,680118,21635308,10817654,
2021-10-05,26787,8584,15848,,22544964,11506095,672839,21666512,10833256,
2021-10-06,31634,9630,18490,,22576598,11515466,663971,21702990,10851495,
2021-10-07,30324,9386,17108,,22606922,11524601,656236,21736730,10868365,
2021-10-08,32807,10734,18834,,22639729,11535065,648123,21773884,10886942,
2021-10-09,34105,10651,20992,,22673834,11545453,637768,21815370,10907685,
2021-10-10,23390,7655,15071,,22697224,11552858,630340,21845036,10922518,
2021-10-11,11993,3838,7859,,22709217,11556446,626303,21860286,10930143,
2021-10-12,5088,1620,3255,,22714305,11557788,624653,21866270,10933135,
2021-10-13,29082,9186,18068,,22743387,11566684,615755,21901858,10950929,
2021-10-14,28989,8899,17733,,22772376,11575308,606911,21936794,10968397,
2021-10-15,29064,8819,18151,,22801440,11583864,597566,21972596,10986298,
2021-10-16,31123,8981,19862,,22832563,11592554,586673,22011762,11005881,
2021-10-17,23681,7252,15359,,22856244,11599552,578553,22041998,11020999,
2021-10-18,12299,3747,8143,,22868543,11603018,574145,22057746,11028873,
2021-10-19,21243,6618,12615,,22889786,11609354,568135,22082438,11041219,
2021-10-20,25625,7535,14895,,22915411,11616642,560762,22111760,11055880,
2021-10-21,23151,6673,13019,,22938562,11623046,554405,22137282,11068641,
2021-10-22,26082,7300,15090,,22964644,11630024,546599,22166850,11083425,
2021-10-23,28155,7599,17144,,22992799,11637361,537047,22200628,11100314,
2021-10-24,19332,5731,12582,,23012131,11642836,530184,22225304,11112652,
2021-10-25,9921,2710,6472,,23022052,11645277,526414,22237726,11118863,
2021-10-26,18877,5382,11084,,23040929,11650381,520703,22259356,11129678,
2021-10-27,22817,6067,13190,,23063746,11656193,513566,22285254,11142627,
2021-10-28,22279,5790,12629,,23086025,11661695,506716,22309958,11154979,
2021-10-29,22787,5727,13033,,23108812,11667121,499396,22335450,11167725,
2021-10-30,24080,6031,14597,,23132892,11672880,490818,22364124,11182062,
2021-10-31,16456,4590,10584,,23149348,11677176,484819,22384714,11192357,
2021-11-01,7862,2078,5053,,23157210,11678974,481831,22394286,11197143,
2021-11-02,15608,4362,7733,,23172818,11683045,478449,22409192,11204596,
2021-11-03,18598,5065,9591,,23191416,11687807,473913,22427788,11213894,
2021-11-04,19477,4865,10015,,23210893,11692396,468748,22447296,11223648,
2021-11-05,21438,4396,9509,,23232331,11696503,463621,22465764,11232882,
2021-11-06,25312,5200,12147,,23257643,11701434,456657,22489554,11244777,
2021-11-07,21429,4020,8908,,23279072,11705174,451757,22506834,11253417,
2021-11-08,11986,2109,4728,,23291058,11706988,449122,22515732,11257866,
2021-11-09,24092,3845,7626,,23315150,11710512,445331,22530362,11265181,
2021-11-10,28446,4503,8975,,23343596,11714737,440845,22547784,11273892,
2021-11-11,28732,4297,9082,,23372328,11718738,436051,22565374,11282687,
2021-11-12,26716,4159,8216,,23399044,11722606,431980,22581252,11290626,
2021-11-13,34275,5070,11393,,23433319,11727370,425648,22603444,11301722,
2021-11-14,23200,3897,8593,,23456519,11731004,420945,22620118,11310059,
2021-11-15,12693,2186,4488,,23469212,11732930,418635,22628590,11314295,
2021-11-16,26149,3923,7465,,23495361,11736596,415089,22643014,11321507,
2021-11-17,31134,4046,7790,,23526495,11740360,411335,22658050,11329025,
2021-11-18,32465,3852,7506,,23558960,11743907,407667,22672480,11336240,
2021-11-19,35438,3854,7736,,23594398,11747461,403773,22687376,11343688,
2021-11-20,40095,4380,8807,,23634493,11751562,399337,22704450,11352225,
2021-11-21,28092,3431,6936,,23662585,11754731,395818,22717826,11358913,
2021-11-22,14885,1949,3888,,23677470,11756404,393873,22725062,11362531,
2021-11-23,33037,3270,6001,,23710507,11759394,391134,22736520,11368260,
2021-11-24,42618,3750,6786,,23753125,11762840,388087,22749506,11374753,
2021-11-25,46008,3929,6548,,23799133,11766495,385465,22762060,11381030,
2021-11-26,52813,11341,6604,,23851946,11777566,390195,22774742,11387371,
2021-11-27,63489,22348,7022,,23915435,11799633,405511,22788244,11394122,
2021-11-28,51437,27734,5304,,23966872,11827075,427929,22798292,11399146,
2021-11-29,33512,18931,2873,,24000384,11845745,443976,22803538,11401769,
2021-11-30,55987,20669,5114,,24056371,11866133,459521,22813224,11406612,
2021-12-01,69509,26235,5617,,24125880,11892062,480125,22823874,11411937,
2021-12-02,71596,26481,5022,,24197476,11918245,501571,22833348,11416674,
2021-12-03,73384,25095,5150,,24270860,11943044,521510,22843068,11421534,
2021-12-04,81124,27782,6054,47268,24351984,11970533,543229,,11427304,807325
2021-12-05,62608,31926,4397,26265,24414592,12002164,570750,,11431414,833486
2021-12-06,38615,19139,2708,16753,24453207,12021014,587174,,11433840,850161
2021-12-07,60251,14846,4452,40941,24513458,12035589,597558,,11438031,891028
2021-12-08,73423,19053,4671,49697,24586881,12054365,611930,,11442435,940647
2021-12-09,74469,18270,4330,51850,24661350,12072326,625862,,11446464,992412
2021-12-10,77442,17586,4633,55215,24738792,12089631,638810,,11450821,1047546
2021-12-11,83151,20403,5813,56923,24821943,12109745,653386,,11456359,1104383
2021-12-12,60732,22693,4147,33851,24882675,12132158,671926,,11460232,1138145
2021-12-13,34910,11594,2401,20893,24917585,12143455,681109,,11462346,1158943
2021-12-14,101939,8996,3851,89049,25019524,12152142,686240,,11465902,1247872
2021-12-15,127662,12427,4498,110702,25147186,12164265,694159,,11470106,1358474
2021-12-16,139303,12449,4232,122611,25286489,12176428,702366,,11474062,1480986
2021-12-17,159129,12395,4502,142209,25445618,12188548,710250,,11478298,1623098
2021-12-18,175548,13520,4913,157072,25621166,12201774,718845,,11482929,1780075
2021-12-19,140401,18154,3922,118292,25761567,12219627,733069,,11486558,1898256
2021-12-20,106805,10305,2742,93713,25868372,12229664,740622,,11489042,1991871
2021-12-21,215192,12962,4303,197906,26083564,12242310,749274,,11493036,2189656
2021-12-22,237184,14418,5188,217693,26320748,12256430,758490,,11497940,2407232
2021-12-23,257385,11709,5074,240507,26578133,12267835,765119,,11502716,2647633
2021-12-24,223366,9443,4552,209309,26801499,12276981,770006,,11506975,2856826
2021-12-25,89686,3884,2500,83314,26891185,12280590,771385,,11509205,2940033
2021-12-26,11891,387,354,11140,26903076,12280685,771410,,11509275,2951043
2021-12-27,46921,1493,1110,44289,26949997,12281933,771786,,11510147,2995212
2021-12-28,144740,6098,3995,134587,27094737,12287737,773878,,11513859,3129668
2021-12-29,175440,9374,4568,161428,27270177,12296816,778680,,11518136,3290969
2021-12-30,200018,10126,5336,184514,27470195,12306639,783455,,11523184,3475349
2021-12-31,195173,10007,5792,179123,27665368,12316357,787661,,11528696,3654346
2022-01-01,96927,5376,3874,87352,27762295,12321425,789155,,11532270,3741550
2022-01-02,19433,937,923,17444,27781728,12322071,789160,,11532911,3758848
2022-01-03,88241,4773,4589,78797,27869969,12326534,789336,,11537198,3837492
2022-01-04,146330,5996,5307,134987,28016299,12332202,790012,,11542190,3972323
2022-01-05,177443,7614,7291,162366,28193742,12339462,790324,,11549138,4134529
2022-01-06,191482,7194,6779,176985,28385224,12346337,790728,,11555609,4311359
2022-01-07,191198,7948,6982,175458,28576422,12353941,791682,,11562259,4486644
2022-01-08,181609,8612,6628,165183,28758031,12362221,793653,,11568568,4651671
2022-01-09,131075,9860,7174,113950,28889106,12371760,796334,,11575426,4765461
2022-01-10,90545,5106,4487,80825,28979651,12376544,796943,,11579601,4846133
2022-01-11,138837,6148,6559,125424,29118488,12382346,796519,,11585827,4971368
2022-01-12,156982,8155,8041,138667,29275470,12390172,796628,,11593544,5109867
2022-01-13,162628,9205,9204,141511,29438098,12399015,796615,,11602400,5251195
2022-01-14,159813,10744,10366,136013,29597911,12409398,796988,,11612410,5387010
2022-01-15,161169,11005,11665,135865,29759080,12420033,796317,,11623716,5522682
2022-01-16,109753,9283,9670,89445,29868833,12428955,795923,,11633032,5611910
2022-01-17,65763,5933,6559,52630,29934596,12434554,795287,,11639267,5664356
2022-01-18,36080,2002,2119,31138,29970676,12436202,795160,,11641042,5695298
2022-01-19,101287,5578,6711,85938,30071963,12441380,794009,,11647371,5781009
2022-01-20,103568,6323,6996,85715,30175531,12447320,793328,,11653992,5866502
2022-01-21,102070,6227,8049,82480,30277601,12453143,791492,,11661651,5948754
2022-01-22,102551,8710,12064,78100,30380152,12461464,788131,,11673333,6026626
2022-01-23,76670,7305,13983,54782,30456822,12468426,781446,,11686980,6081186
2022-01-24,42246,3192,7932,30734,30499068,12471254,776688,,11694566,6111713
2022-01-25,62547,3757,8362,48110,30561615,12474632,772068,,11702564,6159605
2022-01-26,77863,4911,13165,55680,30639478,12479167,763809,,11715358,6215043
2022-01-27,78049,4893,13240,56031,30717527,12483688,755452,,11728236,6270837
2022-01-28,77258,4670,13670,53877,30794785,12488000,746439,,11741561,6324495
2022-01-29,84792,5527,17702,58100,30879577,12493164,734257,,11758907,6382351
2022-01-30,66486,5024,20621,40147,30946063,12497846,718646,,11779200,6422273
2022-01-31,34734,2174,9876,22344,30980797,12499701,710935,,11788766,6444428
2022-02-01,51336,3267,9656,36518,31032133,12502615,704536,,11798079,6480721
2022-02-02,57690,3844,12388,38672,31089823,12506129,695977,,11810152,6519194
2022-02-03,52569,3610,11506,34295,31142392,12509362,688069,,11821293,6553238
2022-02-04,43066,2943,10555,27272,31185458,12511996,680447,,11831549,6580317
2022-02-05,58700,3737,14466,37558,31244158,12515403,669706,,11845697,6617663
2022-02-06,49850,3637,16112,29571,31294008,12518718,657226,,11861492,6647010
2022-02-07,23222,1690,7806,13434,31317230,12520082,651097,,11868985,6660220
2022-02-08,33366,2352,7236,21962,31350596,12522104,646206,,11875898,6681949
2022-02-09,38862,2781,8910,24404,31389458,12524527,640071,,11884456,6706101
2022-02-10,37523,2763,8830,22547,31426981,12526955,634000,,11892955,6728419
2022-02-11,39424,2718,10285,22996,31466405,12529327,626424,,11902903,6751177
2022-02-12,42029,2954,11451,25307,31508434,12531948,617916,,11914032,6776260
2022-02-13,36300,2800,13137,19935,31544734,12534462,607576,,11926886,6795997
2022-02-14,16963,1175,6115,9465,31561697,12535362,602628,,11932734,6805262
2022-02-15,19331,1382,4741,11869,31581028,12536421,599259,,11937162,6816904
2022-02-16,26005,1764,7723,14943,31607033,12537889,593296,,11944593,6831647
2022-02-17,26746,1680,7518,14980,31633779,12539214,587449,,11951765,6846372
2022-02-18,23925,1353,6602,13670,31657704,12540250,582188,,11958062,6859833
2022-02-19,37824,1902,8332,26047,31695528,12541821,575753,,11966068,6885639
2022-02-20,32560,1491,7959,22802,31728088,12543013,569277,,11973736,6908238
2022-02-21,17496,912,3676,12755,31745584,12543630,566504,,11977126,6920782
2022-02-22,9093,428,1546,6950,31754677,12543769,565381,,11978388,6927522
2022-02-23,25319,1327,4785,17288,31779996,12544786,561916,,11982870,6944574
2022-02-24,24556,1397,5233,15472,31804552,12545863,558076,,11987787,6959804
2022-02-25,23087,1386,5132,14503,31827639,12546955,554323,,11992632,6974081
2022-02-26,25215,1383,5905,16549,31852854,12548028,549794,,11998234,6990404
2022-02-27,26945,1369,7365,17697,31879799,12549128,543787,,12005341,7007906
2022-02-28,10124,593,2527,6744,31889923,12549468,541845,,12007623,7014467
2022-03-01,13179,944,3144,8159,31903102,12550107,539635,,12010472,7022409
2022-03-02,15404,1162,3575,9612,31918506,12551008,537215,,12013793,7031844
2022-03-03,14288,1076,3222,8685,31932794,12551773,535062,,12016711,7040298
2022-03-04,14458,988,3440,8311,31947252,12552440,532606,,12019834,7048356
2022-03-05,18525,1276,4996,11180,31965777,12553408,528875,,12024533,7059313
2022-03-06,16506,1087,5521,9602,31982283,12554216,524435,,12029781,7068708
2022-03-07,5942,464,1857,3509,31988225,12554395,523035,,12031360,7072000
2022-03-08,7351,698,1934,4157,31995576,12554815,521792,,12033023,7075958
2022-03-09,11150,906,2735,6402,32006726,12555445,519957,,12035488,7082158
2022-03-10,12748,1044,3249,6832,32019474,12556212,517745,,12038467,7088777
2022-03-11,12878,902,3405,6860,32032352,12556825,515234,,12041591,7095421
2022-03-12,14675,1045,4177,8309,32047027,12557598,512099,,12045499,7103526
2022-03-13,14740,1089,4997,8329,32061767,12558398,508187,,12050211,7111620
2022-03-14,6328,448,2227,3497,32068095,12558576,506405,,12052171,7114903
2022-03-15,10192,790,2623,5972,32078287,12559076,504560,,12054516,7120661
2022-03-16,13049,932,3660,6950,32091336,12559720,501829,,12057891,7127381
2022-03-17,13174,1045,3956,6753,32104510,12560478,498911,,12061567,7133915
2022-03-18,11898,911,3144,6429,32116408,12561087,496668,,12064419,7140121
2022-03-19,14430,1003,4158,7897,32130838,12561811,493511,,12068300,7147800
2022-03-20,11731,989,3950,6366,32142569,12562529,490545,,12071984,7153958
2022-03-21,5055,414,1589,2813,32147624,12562685,489366,,12073319,7156569
2022-03-22,6697,551,1554,3886,32154321,12562950,488358,,12074592,7160240
2022-03-23,9962,784,2296,5191,32164283,12563419,486843,,12076576,7165190
2022-03-24,9283,723,2374,4606,32173566,12563878,485183,,12078695,7169592
2022-03-25,9211,781,2150,4743,32182777,12564396,483806,,12080590,7174123
2022-03-26,10917,932,2831,5502,32193694,12565051,481905,,12083146,7179406
2022-03-27,10220,909,3536,5298,32203914,12565701,479274,,12086427,7184493
2022-03-28,3577,319,1107,1986,32207491,12565781,478483,,12087298,7186286
2022-03-29,5334,498,1208,2687,32212825,12565996,477767,,12088229,7188752
2022-03-30,7844,747,1832,4119,32220669,12566465,476677,,12089788,7192647
2022-03-31,8645,689,1923,4412,32229314,12566865,475437,,12091428,7196837
2022-04-01,9298,801,1911,4885,32238612,12567374,474318,,12093056,7201483
2022-04-02,10425,888,2207,5564,32249037,12567975,472987,,12094988,7206830
2022-04-03,9195,878,2566,5063,32258232,12568600,471293,,12097307,7211695
2022-04-04,4194,386,1005,2405,32262426,12568725,470671,,12098054,7213897
2022-04-05,6059,598,1033,3048,32268485,12568984,470230,,12098754,7216671
2022-04-06,8367,715,1478,4373,32276852,12569409,469462,,12099947,7220818
2022-04-07,10330,732,1683,4835,32287182,12569842,468506,,12101336,7225411
2022-04-08,23982,811,1577,4834,32311164,12570375,467734,,12102641,7230029
2022-04-09,30472,968,1972,5893,32341636,12571046,466721,,12104325,7235700
2022-04-10,24844,976,2385,5330,32366480,12571765,465306,,12106459,7240830
2022-04-11,12568,385,874,2432,32379048,12571901,464813,,12107088,7243061
2022-04-12,28105,691,1016,3533,32407153,12572290,464481,,12107809,7246362
2022-04-13,37768,851,1555,4926,32444921,12572842,463773,,12109069,7251058
2022-04-14,37881,762,1610,4908,32482802,12573293,462922,,12110371,7255714
2022-04-15,43393,1230,2101,6725,32526195,12574225,462047,,12112178,7262202
2022-04-16,8087,358,650,1736,32534282,12574323,461753,,12112570,7263722
2022-04-17,21003,869,1923,4314,32555285,12574908,460692,,12114216,7267813
2022-04-18,5456,305,462,1288,32560741,12574929,460530,,12114399,7268863
2022-04-19,22645,615,770,3101,32583386,12575263,460366,,12114897,7271745
2022-04-20,40319,1063,1393,4615,32623705,12576000,460033,,12115967,7276096
2022-04-21,38743,941,1601,4677,32662448,12576646,459365,,12117281,7280539
2022-04-22,35606,1011,1426,4263,32698054,12577384,458943,,12118441,7284583
2022-04-23,34638,1004,1732,4711,32732692,12578106,458212,,12119894,7289057
2022-04-24,20802,1021,1880,3777,32753494,12578877,457350,,12121527,7292640
2022-04-25,8299,453,692,1707,32761793,12579061,457110,,12121951,7294131
2022-04-26,24599,732,941,3136,32786392,12579501,456895,,12122606,7297030
2022-04-27,33590,955,1367,3933,32819982,12580181,456475,,12123706,7300747
2022-04-28,32826,927,1411,3927,32852808,12580836,455983,,12124853,7304451
2022-04-29,32045,1097,1374,3908,32884853,12581637,455699,,12125938,7308131
2022-04-30,30268,921,1532,4020,32915121,12582262,455082,,12127180,7311915
2022-05-01,16745,768,1576,2969,32931866,12582734,454269,,12128465,7314642
2022-05-02,5932,308,524,1097,32937798,12582747,454049,,12128698,7315512
2022-05-03,20918,588,828,2344,32958716,12583030,453803,,12129227,7317617
2022-05-04,29408,799,1091,3293,32988124,12583520,453506,,12130014,7320661
2022-05-05,29088,870,1160,3124,33017212,12584079,453206,,12130873,7323542
2022-05-06,29079,1146,1279,2982,33046291,12584938,453068,,12131870,7326298
2022-05-07,28482,869,1260,3110,33074773,12585519,452672,,12132847,7329185
2022-05-08,15996,896,1309,2322,33090769,12586158,452257,,12133901,7331306
2022-05-09,5896,292,474,943,33096665,12586185,452069,,12134116,7332040
2022-05-10,21218,695,717,2118,33117883,12586563,452040,,12134523,7333899
2022-05-11,28938,836,1079,2652,33146821,12587070,451793,,12135277,7336281
2022-05-12,28229,800,1081,2509,33175050,12587573,451508,,12136065,7338549
2022-05-13,27589,878,1116,2468,33202639,12588144,451266,,12136878,7340763
2022-05-14,25683,808,1096,2607,33228322,12588637,450971,,12137666,7343116
2022-05-15,14843,751,1273,2054,33243165,12589118,450442,,12138676,7344953
2022-05-16,6381,325,532,1047,33249546,12589206,450231,,12138975,7345814
2022-05-17,19592,584,775,1740,33269138,12589478,450033,,12139445,7347307
2022-05-18,26538,877,1097,2272,33295676,12590091,449808,,12140283,7349364
2022-05-19,24427,681,1155,2158,33320103,12590505,449327,,12141178,7351305
2022-05-20,24260,800,1136,2215,33344363,12591038,448987,,12142051,7353303
2022-05-21,22393,692,1164,2344,33366756,12591424,448506,,12142918,7355408
2022-05-22,10554,551,888,1485,33377310,12591715,448164,,12143551,7356677
2022-05-23,4560,241,462,784,33381870,12591698,447941,,12143757,7357253
2022-05-24,2607,118,176,429,33384477,12591563,447881,,12143682,7357473
2022-05-25,19351,656,944,1950,33403828,12591955,447583,,12144372,7359215
2022-05-26,20632,662,948,1908,33424460,12592346,447291,,12145055,7360903
2022-05-27,21746,815,1055,2072,33446206,12592879,447048,,12145831,7362748
2022-05-28,19396,722,1163,2144,33465602,12593334,446604,,12146730,7364681
2022-05-29,12104,759,1280,1725,33477706,12593859,446076,,12147783,7366214
2022-05-30,4577,311,548,751,33482283,12593924,445836,,12148088,7366767
2022-05-31,13544,572,749,1664,33495827,12594195,445653,,12148542,7368192
2022-06-01,16604,702,970,1875,33512431,12594594,445384,,12149210,7369813
2022-06-02,14593,556,864,1671,33527024,12594839,445069,,12149770,7371244
2022-06-03,16094,697,1093,1812,33543118,12595260,444667,,12150593,7372839
2022-06-04,13314,648,1162,1842,33556432,12595652,444149,,12151503,7374480
2022-06-05,7865,587,1109,1431,33564297,12595991,443623,,12152368,7375720
2022-06-06,3293,206,444,641,33567590,12595952,443382,,12152570,7376163
2022-06-07,11209,474,725,1367,33578799,12596128,443126,,12153002,7377286
2022-06-08,14053,666,1012,1607,33592852,12596539,442775,,12153764,7378677
2022-06-09,13366,662,921,1673,33606218,12596914,442511,,12154403,7380119
2022-06-10,13843,684,1066,1692,33620061,12597315,442121,,12155194,7381584
2022-06-11,12974,613,1030,1863,33633035,12597647,441702,,12155945,7383229
2022-06-12,8092,643,1236,1499,33641127,12598034,441105,,12156929,7384523
2022-06-13,3186,284,422,709,33644313,12598055,440962,,12157093,7385026
2022-06-14,10123,510,666,1262,33654436,12598277,440800,,12157477,7386051
2022-06-15,13497,470,828,1620,33667933,12598456,440440,,12158016,7387437
2022-06-16,12532,492,855,1616,33680465,12598648,440072,,12158576,7388810
2022-06-17,11685,478,815,1652,33692150,12598841,439728,,12159113,7390228
2022-06-18,11441,435,873,1859,33703591,12599008,439287,,12159721,7391865
2022-06-19,6998,482,896,1420,33710589,12599244,438872,,12160372,7393077
2022-06-20,2286,147,301,643,33712875,12599174,438712,,12160462,7393554
2022-06-21,9536,358,614,1381,33722411,12599247,438451,,12160796,7394689
2022-06-22,13606,406,724,1702,33736017,12599384,438126,,12161258,7396169
2022-06-23,13692,400,772,1679,33749709,12599525,437752,,12161773,7397639
2022-06-24,15358,435,811,1669,33765067,12599706,437372,,12162334,7399097
2022-06-25,14462,424,851,1709,33779529,12599874,436934,,12162940,7400602
2022-06-26,8156,432,885,1280,33787685,12600054,436474,,12163580,7401673
2022-06-27,3210,171,363,593,33790895,12599984,436278,,12163706,7402064
2022-06-28,9613,370,555,1222,33800508,12600072,436089,,12163983,7403056
2022-06-29,13302,412,727,1628,33813810,12600198,435772,,12164426,7404448
2022-06-30,12221,482,845,1574,33826031,12600400,435407,,12164993,7405793
2022-07-01,13033,548,969,1946,33839064,12600697,434981,,12165716,7407538
2022-07-02,1607,110,114,362,33840671,12600536,434975,,12165561,7407672
2022-07-03,5156,261,492,957,33845827,12600549,434735,,12165814,7408422
2022-07-04,2755,131,279,614,33848582,12600437,434586,,12165851,7408842
2022-07-05,11139,372,598,1572,33859721,12600517,434352,,12166165,7410171
2022-07-06,15949,545,855,2007,33875670,12600771,434036,,12166735,7411940
2022-07-07,15655,521,831,1921,33891325,12601007,433725,,12167282,7413611
2022-07-08,17872,552,870,2241,33909197,12601265,433406,,12167859,7415609
2022-07-09,14132,449,596,1841,33923329,12601444,433258,,12168186,7417220
2022-07-10,8738,472,752,1500,33932067,12601674,432977,,12168697,7418519
2022-07-11,4093,199,331,870,33936160,12601612,432842,,12168770,7419173
2022-07-12,12100,413,522,1652,33948260,12601729,432728,,12169001,7420574
2022-07-13,16708,562,770,2141,33964968,12602003,432514,,12169489,7422479
2022-07-14,16853,485,674,2021,33981821,12602184,432314,,12169870,7424262
2022-07-15,28883,600,821,2178,34010704,12602488,432092,,12170396,7426202
2022-07-16,30282,585,770,2323,34040986,12602769,431900,,12170869,7428280
2022-07-17,22913,537,635,1876,34063899,12603073,431799,,12171274,7429965
2022-07-18,11386,187,254,851,34075285,12602995,431727,,12171268,7430595
2022-07-19,28942,593,590,2130,34104227,12603320,431727,,12171593,7432498
2022-07-20,37621,841,922,2583,34141848,12603892,431641,,12172251,7434851
2022-07-21,36341,733,807,2802,34178189,12604345,431560,,12172785,7437418
2022-07-22,35790,826,887,2681,34213979,12604892,431493,,12173399,7439868
2022-07-23,35130,818,913,2823,34249109,12605405,431390,,12174015,7442440
2022-07-24,21727,602,804,1768,34270836,12605751,431185,,12174566,7443987
2022-07-25,11930,308,310,1080,34282766,12605785,431179,,12174606,7444844
2022-07-26,26082,622,599,2207,34308848,12606131,431201,,12174930,7446812
2022-07-27,32458,810,844,2645,34341306,12606689,431165,,12175524,7449251
2022-07-28,31530,726,884,2600,34372836,12607127,431003,,12176124,7451608
2022-07-29,29982,1789,873,2639,34402818,12608633,431916,,12176717,7454002
2022-07-30,25817,2524,745,2430,34428635,12610890,433693,,12177197,7456211
2022-07-31,14288,1069,540,1558,34442923,12611701,434218,,12177483,7457551
2022-08-01,5910,335,223,681,34448833,12611783,434328,,12177455,7458014
2022-08-02,4471,305,135,598,34453304,12611825,434495,,12177330,7458393
2022-08-03,22926,2635,736,2233,34476230,12614195,436390,,12177805,7460399
2022-08-04,22220,2479,676,2127,34498450,12616357,438187,,12178170,7462270
2022-08-05,21786,2755,742,2063,34520236,12618836,440193,,12178643,7464109
2022-08-06,19640,2877,657,1990,34539876,12621411,442407,,12179004,7465849
2022-08-07,12694,2236,618,1415,34552570,12623383,444019,,12179364,7467053
2022-08-08,4764,570,188,603,34557334,12623676,444394,,12179282,7467428
2022-08-09,14000,1464,555,1589,34571334,12624859,445297,,12179562,7468781
2022-08-10,19118,2363,715,1987,34590452,12626952,446943,,12180009,7470543
2022-08-11,17071,2043,718,1849,34607523,12628735,448266,,12180469,7472172
2022-08-12,16977,2049,733,1849,34624500,12630501,449581,,12180920,7473797
2022-08-13,15940,2222,759,1803,34640440,12632448,451042,,12181406,7475368
2022-08-14,9520,1621,618,1079,34649960,12633788,452041,,12181747,7476217
2022-08-15,3867,388,268,476,34653827,12633931,452158,,12181773,7476492
2022-08-16,10798,1073,513,1354,34664625,12634713,452716,,12181997,7477604
2022-08-17,16088,1832,737,1778,34680713,12636268,453810,,12182458,7479154
2022-08-18,14919,1639,747,1685,34695632,12637597,454698,,12182899,7480581
2022-08-19,15300,1847,747,1542,34710932,12639172,455794,,12183378,7481893
2022-08-20,14276,1640,739,1543,34725208,12640525,456689,,12183836,7483199
2022-08-21,9894,1533,658,1162,34735102,12641800,457560,,12184240,7484149
2022-08-22,4161,482,269,560,34739263,12641996,457770,,12184226,7484465
2022-08-23,11124,1248,553,1489,34750387,12642949,458462,,12184487,7485712
2022-08-24,14749,1806,868,2184,34765136,12644490,459400,,12185090,7487670
2022-08-25,14025,1719,780,2119,34779161,12645931,460332,,12185599,7489551
2022-08-26,13923,1688,815,2089,34793084,12647339,461198,,12186141,7491403
2022-08-27,12409,1484,878,1996,34805493,12648509,461799,,12186710,7493141
2022-08-28,7919,1258,619,1396,34813412,12649520,462436,,12187084,7494326
2022-08-29,3394,504,283,681,34816806,12649762,462654,,12187108,7494785
2022-08-30,9902,1169,649,1853,34826708,12650590,463168,,12187422,7496350
2022-08-31,13505,1626,944,2310,34840213,12651941,463846,,12188095,7498428
2022-09-01,12897,1720,910,2138,34853110,12653375,464652,,12188723,7500329
2022-09-02,15039,1615,990,4918,34868149,12654723,465269,,12189454,7505028
2022-09-03,14706,1527,919,5511,34882855,12655986,465874,,12190112,7510320
2022-09-04,8660,1010,675,3234,34891515,12656747,466201,,12190546,7513344
2022-09-05,3549,321,229,1382,34895064,12656813,466290,,12190523,7514511
2022-09-06,2458,157,113,1125,34897522,12656732,466331,,12190401,7515439
2022-09-07,10917,1018,587,3489,34908439,12657467,466760,,12190707,7518686
2022-09-08,10863,1021,523,2790,34919302,12658182,467255,,12190927,7521217
2022-09-09,9579,1015,487,2499,34928881,12658917,467778,,12191139,7523486
2022-09-10,10626,1266,551,3162,34939507,12659919,468488,,12191431,7526425
2022-09-11,9400,983,667,3732,34948907,12660664,468798,,12191866,7529957
2022-09-12,3124,295,203,1079,34952031,12660692,468884,,12191808,7530812
2022-09-13,6009,542,281,1130,34958040,12660962,469136,,12191826,7531712
2022-09-14,14473,799,429,1843,34972513,12661459,469502,,12191957,7533303
2022-09-15,15740,779,408,1533,34988253,12661937,469869,,12192068,7534580
2022-09-16,17745,766,445,1690,35005998,12662461,470184,,12192277,7536065
2022-09-17,17602,722,455,1664,35023600,12662900,470447,,12192453,7537491
2022-09-18,11206,776,451,1684,35034806,12663434,470770,,12192664,7538967
2022-09-19,4975,402,287,670,35039781,12663582,470882,,12192700,7539434
2022-09-20,13748,438,327,940,35053529,12663721,470991,,12192730,7540119
2022-09-21,23019,643,406,1496,35076548,12664086,471224,,12192862,7541385
2022-09-22,22896,640,394,1377,35099444,12664432,471464,,12192968,7542511
2022-09-23,22931,726,599,1415,35122375,12664880,471587,,12193293,7543688
2022-09-24,21668,733,687,1497,35144043,12665338,471629,,12193709,7544961
2022-09-25,11310,595,702,1355,35155353,12665672,471518,,12194154,7546094
2022-09-26,4560,192,218,594,35159913,12665592,471488,,12194104,7546454
2022-09-27,37644,499,364,1498,35197557,12665837,471619,,12194218,7547737
2022-09-28,50948,730,670,1901,35248505,12666318,471678,,12194640,7549430
2022-09-29,47989,637,739,1836,35296494,12666661,471570,,12195091,7551009
2022-09-30,47263,679,806,2000,35343757,12667034,471441,,12195593,7552747
2022-10-01,34431,528,632,1544,35378188,12667272,471335,,12195937,7554041
2022-10-02,24234,738,1023,1710,35402422,12667737,471047,,12196690,7555516
2022-10-03,10861,239,231,610,35413283,12667707,471051,,12196656,7555905
2022-10-04,32178,478,458,1168,35445461,12667888,471067,,12196821,7556819
2022-10-05,40415,625,739,1558,35485876,12668224,470948,,12197276,7558133
2022-10-06,38675,609,652,1567,35524551,12668554,470904,,12197650,7559456
2022-10-07,42226,660,849,1743,35566777,12668897,470708,,12198189,7560921
2022-10-08,37379,787,1145,2119,35604156,12669388,470345,,12199043,7562793
2022-10-09,18811,549,727,1557,35622967,12669688,470164,,12199524,7564136
2022-10-10,6861,171,369,568,35629828,12669587,469964,,12199623,7564467
2022-10-11,4985,124,111,317,35634813,12669444,469973,,12199471,7564563
2022-10-12,35091,582,682,1424,35669904,12669719,469871,,12199848,7565718
2022-10-13,36747,644,857,1621,35706651,12670034,469656,,12200378,7567057
2022-10-14,36956,623,752,1538,35743607,12670352,469525,,12200827,7568331
2022-10-15,35440,716,1009,1624,35779047,12670809,469229,,12201580,7569735
2022-10-16,20658,653,1024,1593,35799705,12671216,468853,,12202363,7571114
2022-10-17,7349,206,477,538,35807054,12671166,468581,,12202585,7571436
2022-10-18,36408,459,498,1397,35843462,12671331,468539,,12202792,7572582
2022-10-19,49873,621,729,1981,35893335,12671678,468428,,12203250,7574336
2022-10-20,51259,623,648,2047,35944594,12672025,468402,,12203623,7576150
2022-10-21,52834,699,618,1938,35997428,12672426,468480,,12203946,7577840
2022-10-22,50849,752,905,2305,36048277,12672885,468322,,12204563,7579898
2022-10-23,30619,578,782,2118,36078896,12673187,468115,,12205072,7581781
2022-10-24,14129,232,270,979,36093025,12673152,468072,,12205080,7582528
2022-10-25,41338,473,487,1815,36134363,12673319,468056,,12205263,7584081
2022-10-26,51613,618,660,2122,36185976,12673635,468010,,12205625,7585950
2022-10-27,50089,610,768,2161,36236065,12673952,467846,,12206106,7587866
2022-10-28,49751,590,673,2092,36285816,12674232,467761,,12206471,7589684
2022-10-29,50577,738,778,2217,36336393,12674668,467717,,12206951,7591642
2022-10-30,28385,664,929,2034,36364778,12675092,467450,,12207642,7593464
2022-10-31,12436,201,234,775,36377214,12675058,467415,,12207643,7594041
2022-11-01,33061,342,194,1218,36410275,12675094,467557,,12207537,7594997
2022-11-02,44265,575,622,1904,36454540,12675385,467508,,12207877,7596642
2022-11-03,44171,540,604,1856,36498711,12675655,467442,,12208213,7598261
2022-11-04,44618,650,527,2022,36543329,12676056,467562,,12208494,7600070
2022-11-05,45187,648,755,2367,36588516,12676451,467452,,12208999,7602212
2022-11-06,26011,560,771,2095,36614527,12676722,467239,,12209483,7604055
2022-11-07,10709,243,235,876,36625236,12676741,467244,,12209497,7604744
2022-11-08,33462,488,396,1584,36658698,12676995,467333,,12209662,7606128
2022-11-09,40519,605,570,1965,36699217,12677347,467367,,12209980,7607875
2022-11-10,39152,627,547,1923,36738369,12677719,467446,,12210273,7609571
2022-11-11,43321,638,641,2205,36781690,12678104,467442,,12210662,7611556
2022-11-12,36829,641,592,2184,36818519,12678487,467485,,12211002,7613513
2022-11-13,24255,560,770,2273,36842774,12678815,467272,,12211543,7615585
2022-11-14,10961,233,204,1023,36853735,12678818,467300,,12211518,7616402
2022-11-15,33579,485,379,1690,36887314,12679015,467403,,12211612,7617846
2022-11-16,43513,802,581,2365,36930827,12679591,467623,,12211968,7620013
2022-11-17,38314,674,646,2241,36969141,12679989,467649,,12212340,7622014
2022-11-18,40598,725,530,2327,37009739,12680442,467841,,12212601,7624102
2022-11-19,39633,1015,1030,3076,37049372,12681186,467822,,12213364,7626936
2022-11-20,22409,663,716,2440,37071781,12681646,467768,,12213878,7629201
2022-11-21,8918,197,192,970,37080699,12681645,467769,,12213876,7630011
2022-11-22,26425,479,368,1512,37107124,12681834,467877,,12213957,7631267
2022-11-23,32051,687,665,2069,37139175,12682257,467897,,12214360,7633106
2022-11-24,31886,664,750,2080,37171061,12682672,467810,,12214862,7634972
2022-11-25,30743,766,829,1947,37201804,12683206,467742,,12215464,7636723
2022-11-26,30267,913,1190,2694,37232071,12683859,467459,,12216400,7639187
2022-11-27,18669,611,944,2086,37250740,12684229,467124,,12217105,7641059
2022-11-28,7534,191,280,785,37258274,12684181,467031,,12217150,7641631
2022-11-29,21013,421,451,1291,37279287,12684355,466998,,12217357,7642704
2022-11-30,27875,645,646,1840,37307162,12684757,466995,,12217762,7644327
2022-12-01,24788,594,681,1689,37331950,12685106,466906,,12218200,7645798
2022-12-02,25044,524,630,1771,37356994,12685378,466795,,12218583,7647344
2022-12-03,25535,588,779,1944,37382529,12685712,466597,,12219115,7649082
2022-12-04,15245,499,606,1699,37397774,12685954,466486,,12219468,7650550
2022-12-05,6868,168,156,742,37404642,12685886,466494,,12219392,7651089
2022-12-06,20332,421,351,1375,37424974,12686021,466563,,12219458,7652212
2022-12-07,24752,554,609,1668,37449726,12686333,466506,,12219827,7653671
2022-12-08,23146,563,523,1760,37472872,12686653,466545,,12220108,7655213
2022-12-09,23314,636,575,1631,37496186,12687037,466605,,12220432,7656628
2022-12-10,22564,512,601,1626,37518750,12687313,466515,,12220798,7658047
2022-12-11,14197,551,785,1567,37532947,12687664,466279,,12221385,7659436
2022-12-12,5506,150,157,593,37538453,12687591,466268,,12221323,7659843
2022-12-13,17782,378,366,1124,37556235,12687715,466280,,12221435,7660745
2022-12-14,21308,511,547,1451,37577543,12688016,466240,,12221776,7662010
2022-12-15,21948,530,600,1578,37599491,12688280,466169,,12222111,7663356
2022-12-16,16270,378,450,1029,37615761,12688406,466097,,12222309,7664169
2022-12-17,18686,559,505,1272,37634447,12688718,466150,,12222568,7665211
2022-12-18,12632,530,794,1303,37647079,12689025,465885,,12223140,7666312
2022-12-19,4585,133,115,448,37651664,12688905,465899,,12223006,7666534
2022-12-20,16200,501,449,1105,37667864,12689167,465948,,12223219,7667430
2022-12-21,18456,545,547,1298,37686320,12689489,465943,,12223546,7668530
2022-12-22,18581,577,587,1741,37704901,12689840,465933,,12223907,7670072
2022-12-23,15627,581,597,1712,37720528,12690149,465912,,12224237,7671557
2022-12-24,5328,222,171,671,37725856,12690135,465963,,12224172,7672012
2022-12-25,2441,153,152,480,37728297,12690056,465957,,12224099,7672289
2022-12-26,262,12,7,48,37728559,12689835,465958,,12223877,7672131
2022-12-27,2088,99,35,302,37730647,12689735,466020,,12223715,7672258
2022-12-28,8311,336,167,975,37738958,12689825,466187,,12223638,7673011
2022-12-29,13153,584,524,1601,37752111,12690167,466244,,12223923,7674398
2022-12-30,15809,672,658,1875,37767920,12690601,466255,,12224346,7676059
2022-12-31,11223,462,387,1353,37779143,12690787,466326,,12224461,7677168
2023-01-01,3906,204,219,561,37783049,12690758,466311,,12224447,7677523
2023-01-02,652,37,15,96,37783701,12690587,466333,,12224254,7677435
2023-01-03,8185,300,152,897,37791886,12690662,466476,,12224186,7678143
2023-01-04,14708,576,547,1544,37806594,12691023,466499,,12224524,7679499
2023-01-05,16101,657,533,1791,37822695,12691446,466620,,12224826,7681085
2023-01-06,18813,720,606,2042,37841508,12691949,466731,,12225218,7682933
2023-01-07,18501,710,638,2051,37860009,12692439,466800,,12225639,7684790
2023-01-08,11606,582,607,1630,37871615,12692832,466774,,12226058,7686249
2023-01-09,5296,216,196,664,37876911,12692834,466792,,12226042,7686726
2023-01-10,12154,421,315,780,37889065,12693024,466898,,12226126,7687298
2023-01-11,15533,459,370,1092,37904598,12693250,466985,,12226265,7688187
2023-01-12,14053,455,407,970,37918651,12693469,467032,,12226437,7688948
2023-01-13,14155,426,345,1033,37932806,12693710,467112,,12226598,7689810
2023-01-14,13356,478,452,1075,37946162,12693978,467135,,12226843,7690693
2023-01-15,9038,465,506,1049,37955200,12694245,467093,,12227152,7691573
2023-01-16,3744,148,130,479,37958944,12694188,467111,,12227077,7691865
2023-01-17,8841,270,179,651,37967785,12694199,467202,,12226997,7692295
2023-01-18,10237,352,273,756,37978022,12694339,467281,,12227058,7692855
2023-01-19,10566,318,318,760,37988588,12694432,467277,,12227155,7693418
2023-01-20,9818,320,271,713,37998406,12694548,467325,,12227223,7693943
2023-01-21,11299,358,398,905,38009705,12694706,467285,,12227421,7694675
2023-01-22,7564,346,404,817,38017269,12694853,467225,,12227628,7695306
2023-01-23,3376,144,131,288,38020645,12694830,467238,,12227592,7695448
2023-01-24,8275,228,165,547,38028920,12694836,467299,,12227537,7695802
2023-01-25,10306,349,296,660,38039226,12694983,467351,,12227632,7696285
2023-01-26,6720,236,203,469,38045946,12695016,467384,,12227632,7696582
2023-01-27,6899,242,197,490,38052845,12695054,467428,,12227626,7696895
2023-01-28,9326,311,337,690,38062171,12695167,467398,,12227769,7697410
2023-01-29,5955,237,341,688,38068126,12695207,467290,,12227917,7697921
2023-01-30,1897,91,79,214,38070023,12695124,467302,,12227822,7697976
2023-01-31,5845,157,150,409,38075868,12695071,467309,,12227762,7698193
2023-02-01,7286,253,247,488,38083154,12695157,467315,,12227842,7698536
2023-02-02,6459,294,239,499,38089613,12695291,467368,,12227923,7698901
2023-02-03,6533,197,191,462,38096146,12695329,467373,,12227956,7699221
2023-02-04,6656,228,305,539,38102802,12695403,467292,,12228111,7699627
2023-02-05,4170,199,290,483,38106972,12695439,467201,,12228238,7699971
2023-02-06,1834,91,98,211,38108806,12695359,467193,,12228166,7700023
2023-02-07,4955,161,181,383,38113761,12695343,467172,,12228171,7700255
2023-02-08,5765,214,206,429,38119526,12695417,467179,,12228238,7700557
2023-02-09,6109,215,243,437,38125635,12695490,467151,,12228339,7700872
2023-02-10,5046,158,206,367,38130681,12695534,467101,,12228433,7701138
2023-02-11,6008,183,256,454,38136689,12695565,467024,,12228541,7701455
2023-02-12,4071,215,342,408,38140760,12695647,466894,,12228753,7701740
2023-02-13,1479,56,87,145,38142239,12695581,466863,,12228718,7701783
2023-02-14,3926,130,178,307,38146165,12695546,466814,,12228732,7701945
2023-02-15,4534,119,191,285,38150699,12695527,466742,,12228785,7702104
2023-02-16,4909,174,285,399,38155608,12695565,466630,,12228935,7702382
2023-02-17,4971,180,211,341,38160579,12695624,466599,,12229025,7702614
2023-02-18,5101,231,295,485,38165680,12695727,466533,,12229194,7702989
2023-02-19,3349,133,244,373,38169029,12695740,466421,,12229319,7703262
2023-02-20,1416,62,54,157,38170445,12695700,466428,,12229272,7703331
2023-02-21,898,25,14,103,38171343,12695646,466439,,12229207,7703361
2023-02-22,4123,131,213,367,38175466,12695677,466355,,12229322,7703644
2023-02-23,4219,163,231,387,38179685,12695725,466281,,12229444,7703929
2023-02-24,3007,138,229,272,38182692,12695776,466188,,12229588,7704122
2023-02-25,5002,214,538,384,38187694,12695904,465864,,12230040,7704431
2023-02-26,3472,147,681,384,38191166,12695969,465330,,12230639,7704746
2023-02-27,1064,36,56,97,38192230,12695918,465309,,12230609,7704770
2023-02-28,2700,95,163,231,38194930,12695909,465240,,12230669,7704908
2023-03-01,3814,140,426,326,38198744,12695959,464953,,12231006,7705152
2023-03-02,4553,160,494,323,38203297,12696048,464619,,12231429,7705417
2023-03-03,4318,158,356,330,38207615,12696141,464420,,12231721,7705687
2023-03-04,4904,204,620,344,38212519,12696298,464003,,12232295,7705988
2023-03-05,2527,111,445,251,38215046,12696368,463668,,12232700,7706205
2023-03-06,1138,54,38,106,38216184,12696401,463684,,12232717,7706291
2023-03-07,3142,91,171,213,38219326,12696481,463604,,12232877,7706495
2023-03-08,4207,134,409,277,38223533,12696615,463329,,12233286,7706772
2023-03-09,4425,175,445,290,38227958,12696790,463059,,12233731,7707062
