"report_date","previous_day_total_doses_administered","previous_day_at_least_one","previous_day_fully_vaccinated","previous_day_3doses","total_doses_administered","total_individuals_at_least_one","total_individuals_partially_vaccinated","total_doses_in_fully_vaccinated_individuals","total_individuals_fully_vaccinated","total_individuals_3doses"
2021-01-01,6251,6241,2,,32190,32135,32124,22,11,
2021-01-02,4613,4601,6,,36803,36684,36671,26,13,
2021-01-03,5393,5386,3,,42196,42070,42054,32,16,
2021-01-04,5994,5992,0,,48190,48061,48046,30,15,
2021-01-05,9682,9657,20,,57872,57716,57682,68,34,
2021-01-06,12792,12327,450,,70664,70039,69559,960,480,
2021-01-07,16216,15505,697,,86880,85543,84366,2354,1177,
2021-01-08,18037,17022,1002,,104917,102565,100386,4358,2179,
2021-01-09,19500,18423,1064,,124417,120987,117744,6486,3243,
2021-01-10,11370,11330,38,,135787,132308,129028,6560,3280,
2021-01-11,11710,11661,48,,147497,143969,140641,6656,3328,
2021-01-12,14466,14159,298,,161963,158120,154494,7252,3626,
2021-01-13,15435,13813,1593,,177398,171919,166702,10434,5217,
2021-01-14,19182,16731,2436,,196580,188644,180992,15304,7652,
2021-01-15,20046,17990,2037,,216626,206623,196934,19378,9689,
2021-01-16,17115,15932,1170,,233741,222539,211680,21718,10859,
2021-01-17,11255,10012,1236,,244996,232536,220443,24186,12093,
2021-01-18,6792,6710,72,,251788,239223,227061,24324,12162,
2021-01-19,11826,9718,2094,,263614,248920,234664,28512,14256,
2021-01-20,10800,7211,3572,,274414,256108,238281,35654,17827,
2021-01-21,10969,6851,4091,,285383,262943,241025,43836,21918,
2021-01-22,9037,4320,4698,,294420,267226,240612,53228,26614,
2021-01-23,7447,3031,4388,,301867,270227,239226,62002,31001,
2021-01-24,4381,1825,2536,,306248,272034,238497,67074,33537,
2021-01-25,5318,1046,4263,,311566,273048,235249,75598,37799,
2021-01-26,9383,2860,6495,,320949,275876,231583,88586,44293,
2021-01-27,9893,2861,7004,,330842,278708,227412,102592,51296,
2021-01-28,13107,5732,7333,,343949,284407,225778,117258,58629,
2021-01-29,10684,3271,7379,,354633,287647,221640,132014,66007,
2021-01-30,9185,2726,6422,,363818,290331,217905,144852,72426,
2021-01-31,3373,1561,1767,,367191,291858,217666,148384,74192,
2021-02-01,2121,484,1609,,369312,292308,216511,151594,75797,
2021-02-02,4405,1352,2995,,373717,293622,214834,157576,78788,
2021-02-03,6232,1712,4458,,379949,295293,212054,166478,83239,
2021-02-04,9076,1707,7290,,389025,296957,206434,181046,90523,
2021-02-05,8440,1466,6903,,397465,298383,200963,194840,97420,
2021-02-06,10657,1862,8736,,408122,300190,194043,212294,106147,
2021-02-07,7569,1725,5796,,415691,301875,189944,223862,111931,
2021-02-08,8217,3095,5080,,423908,304922,187924,233996,116998,
2021-02-09,14997,3851,11080,,438905,308731,180669,256124,128062,
2021-02-10,15503,4924,10518,,454408,313603,175048,277110,138555,
2021-02-11,16359,3896,12407,,470767,317447,166516,301862,150931,
2021-02-12,17649,2094,15505,,488416,319502,153086,332832,166416,
2021-02-13,16200,2438,13746,,504616,321895,141752,360286,180143,
2021-02-14,12876,919,11925,,517492,322766,130728,384076,192038,
2021-02-15,7859,483,7328,,525351,323201,123861,398680,199340,
2021-02-16,5990,1040,4900,,531341,324198,119981,408434,204217,
2021-02-17,10160,1604,8522,,541501,325758,113047,425422,212711,
2021-02-18,13866,2952,10870,,555367,328662,105111,447102,223551,
2021-02-19,18486,6212,12207,,573853,334822,99095,471454,235727,
2021-02-20,22621,11129,11440,,596474,345888,98759,494258,247129,
2021-02-21,17232,10377,6821,,613706,356205,102297,507816,253908,
2021-02-22,13578,8752,4775,,627284,364887,106254,517266,258633,
2021-02-23,17856,11119,6666,,645140,375950,110687,530526,265263,
2021-02-24,18565,13605,4879,,663705,389499,119399,540200,270100,
2021-02-25,20801,16485,4259,,684506,405918,131607,548622,274311,
2021-02-26,24882,21826,2995,,709388,427684,150415,554538,277269,
2021-02-27,27450,23574,3835,,736838,451194,170138,562112,281056,
2021-02-28,20578,19139,1405,,757416,470279,187860,564838,282419,
2021-03-01,18218,17023,1148,,775634,487240,203720,567040,283520,
2021-03-02,24671,22268,2319,,800305,509447,223654,571586,285793,
2021-03-03,30586,27957,2576,,830891,537353,249017,576672,288336,
2021-03-04,34680,32453,2142,,865571,569740,279312,580856,290428,
2021-03-05,39981,38151,1782,,905552,607843,315667,584352,292176,
2021-03-06,44136,41934,2164,,949688,649722,355423,588598,294299,
2021-03-07,32727,31549,1174,,982415,681197,385782,590830,295415,
2021-03-08,24035,22161,1861,,1006450,703290,406068,594444,297222,
2021-03-09,33278,29831,3419,,1039728,733055,432460,601190,300595,
2021-03-10,38323,34064,4214,,1078051,767045,462284,609522,304761,
2021-03-11,43965,40694,3232,,1122016,807673,499732,615882,307941,
2021-03-12,47694,45982,1688,,1169710,853591,544012,619158,309579,
2021-03-13,57899,55028,2843,,1227609,908548,596180,624736,312368,
2021-03-14,43396,42162,1217,,1271005,950627,637110,627034,313517,
2021-03-15,32798,31101,1682,,1303803,981669,666513,630312,315156,
2021-03-16,53938,51646,2276,,1357741,1033250,715861,634778,317389,
2021-03-17,61051,58515,2493,,1418792,1091699,771867,639664,319832,
2021-03-18,61523,59070,2428,,1480315,1150697,828490,644414,322207,
2021-03-19,64450,61129,3268,,1544765,1211748,886326,650844,325422,
2021-03-20,62553,59967,2555,,1607318,1271659,943730,655858,327929,
2021-03-21,43985,42466,1533,,1651303,1314060,984635,658850,329425,
2021-03-22,30990,30028,973,,1682293,1344000,1013658,660684,330342,
2021-03-23,54600,51828,2722,,1736893,1395733,1062732,666002,333001,
2021-03-24,76411,73230,3133,,1813304,1468873,1132796,672154,336077,
2021-03-25,82900,80321,2532,,1896204,1549115,1210563,677104,338552,
2021-03-26,86988,83459,3490,,1983192,1632493,1290503,683980,341990,
2021-03-27,80834,77887,2863,,2064026,1710277,1365489,689576,344788,
2021-03-28,66980,65394,1553,,2131006,1775581,1429297,692568,346284,
2021-03-29,51726,49040,2651,,2182732,1824541,1475652,697778,348889,
2021-03-30,73562,70156,3348,,2256294,1894620,1542424,704392,352196,
2021-03-31,93140,89494,3579,,2349434,1984016,1628294,711444,355722,
2021-04-01,89297,85426,3833,,2438731,2069344,1709842,719004,359502,
2021-04-02,93069,88846,4207,,2531800,2158104,1794447,727314,363657,
2021-04-03,60991,59318,1731,,2592791,2217331,1851994,730674,365337,
2021-04-04,72323,70673,1646,,2665114,2287893,1920968,733850,366925,
2021-04-05,53725,53256,469,,2718839,2341065,1973719,734692,367346,
2021-04-06,79569,77706,1883,,2798408,2418670,2049494,738352,369176,
2021-04-07,107992,104932,3052,,2906400,2523477,2151307,744340,372170,
2021-04-08,114061,110098,4020,,3020461,2633464,2257330,752268,376134,
2021-04-09,109827,105611,4290,,3130288,2738957,2358598,760718,380359,
2021-04-10,109219,105468,3844,,3239507,2844297,2460160,768274,384137,
2021-04-11,98610,95499,3255,,3338117,2939671,2552338,774666,387333,
2021-04-12,76059,74998,1154,,3414176,3014521,2626102,776838,388419,
2021-04-13,99454,96079,3395,,3513630,3110491,2718725,783532,391766,
2021-04-14,117032,113272,3648,,3630662,3223645,2828271,790748,395374,
2021-04-15,113549,109497,3894,,3744211,3333016,2933805,798422,399211,
2021-04-16,118087,113718,4190,,3862298,3446624,3043267,806714,403357,
2021-04-17,112400,107817,4444,,3974698,3554307,3146565,815484,407742,
2021-04-18,88731,86499,2100,,4063429,3640683,3230895,819576,409788,
2021-04-19,68959,67433,1447,,4132388,3707986,3296802,822368,411184,
2021-04-20,101905,98587,3114,,4234293,3806411,3392178,828466,414233,
2021-04-21,141980,137716,4030,,4376273,3943953,3525758,836390,418195,
2021-04-22,139458,135320,3901,,4515731,4079144,3657104,844080,422040,
2021-04-23,138188,131786,6156,,4653919,4210776,3782638,856276,428138,
2021-04-24,130271,126218,3882,,4784190,4336846,3904882,863928,431964,
2021-04-25,102005,98601,3175,,4886195,4435299,4000227,870144,435072,
2021-04-26,70996,69294,1555,,4957191,4504462,4067895,873134,436567,
2021-04-27,98484,95412,2883,,5055675,4599713,4160326,878774,439387,
2021-04-28,120559,115944,4424,,5176234,4715489,4271750,887478,443739,
2021-04-29,124469,119277,5045,,5300703,4834599,4385884,897430,448715,
2021-04-30,115797,110554,5008,,5416500,4944980,4491334,907292,453646,
2021-05-01,111272,107420,3637,,5527772,5052219,4595013,914412,457206,
2021-05-02,79127,76156,2859,,5606899,5128218,4668219,919998,459999,
2021-05-03,56782,55116,1594,,5663681,5183179,4721646,923066,461533,
2021-05-04,91914,88547,3281,,5755595,5271548,4806811,929474,464737,
2021-05-05,137979,133281,4614,,5893574,5404660,4935372,938576,469288,
2021-05-06,141826,136874,4815,,6035400,5541350,5067309,948082,474041,
2021-05-07,150259,145230,4830,,6185659,5686420,5207608,957624,478812,
2021-05-08,142438,137759,4431,,6328097,5823984,5340820,966328,483164,
2021-05-09,124787,121144,3476,,6452884,5944964,5458388,973152,486576,
2021-05-10,97792,95817,1875,,6550676,6040592,5552208,976768,488384,
2021-05-11,113503,108840,4486,,6664179,6149230,5656431,985598,492799,
2021-05-12,145024,138005,6873,,6809203,6287056,5787450,999212,499606,
2021-05-13,142649,135301,7201,,6951852,6422182,5915449,1013466,506733,
2021-05-14,148855,138761,9926,,7100707,6560755,6044161,1033188,516594,
2021-05-15,159705,149672,9856,,7260412,6710240,6183865,1052750,526375,
2021-05-16,144341,136077,8060,,7404753,6846149,6311794,1068710,534355,
2021-05-17,114960,110865,3942,,7519713,6956825,6418604,1076442,538221,
2021-05-18,111299,100444,10655,,7631012,7057073,6508259,1097628,548814,
2021-05-19,149853,133453,16224,,7780865,7190374,6625410,1129928,564964,
2021-05-20,151538,131557,19769,,7932403,7321742,6737078,1169328,584664,
2021-05-21,165356,140860,24240,,8097759,7462421,6853594,1217654,608827,
2021-05-22,199405,172221,26959,,8297164,7634445,6998740,1271410,635705,
2021-05-23,139808,127441,12222,,8436972,7761708,7113843,1295730,647865,
2021-05-24,100282,93312,6825,,8537254,7854847,7200227,1309240,654620,
2021-05-25,90441,82963,7270,,8627695,7937647,7275824,1323646,661823,
2021-05-26,139749,112987,26498,,8767444,8050447,7362196,1376502,688251,
2021-05-27,152044,123026,28765,,8919488,8173316,7456369,1433894,716947,
2021-05-28,163841,132290,31245,,9083329,8305433,7557300,1496266,748133,
2021-05-29,153356,117103,36021,,9236685,8422386,7638288,1568196,784098,
2021-05-30,149703,119005,30474,,9386388,8541221,7726711,1629020,814510,
2021-05-31,99197,79804,19202,,9485585,8620855,7787207,1667296,833648,
2021-06-01,124168,90594,33240,,9609753,8711254,7844441,1733626,866813,
2021-06-02,145282,102127,42907,,9755035,8813200,7903549,1819302,909651,
2021-06-03,155333,99891,55164,,9910368,8912906,7948162,1929488,964744,
2021-06-04,181687,115514,65903,,10092055,9028221,7997662,2061118,1030559,
2021-06-05,171988,103411,68301,,10264043,9131434,8032659,2197550,1098775,
2021-06-06,163365,91846,71239,,10427408,9223102,8053158,2339888,1169944,
2021-06-07,119549,63042,56290,,10546957,9285947,8059788,2452318,1226159,
2021-06-08,161877,72438,89001,,10708834,9358196,8043116,2630160,1315080,
2021-06-09,181446,70794,110187,,10890280,9428813,8003627,2850372,1425186,
2021-06-10,185558,66411,118660,,11075838,9495021,7951266,3087510,1543755,
2021-06-11,204755,67498,136505,,11280593,9562333,7882155,3360356,1680178,
2021-06-12,199699,62657,136445,,11480292,9624808,7808277,3633062,1816531,
2021-06-13,190302,58863,130913,,11670594,9683496,7736132,3894728,1947364,
2021-06-14,137675,38687,98593,,11808269,9721987,7676135,4091704,2045852,
2021-06-15,189188,42588,146250,,11997457,9764357,7572352,4384010,2192005,
2021-06-16,206106,42421,163045,,12203563,9806582,7451635,4709894,2354947,
2021-06-17,210388,37922,171888,,12413951,9844289,7317546,5053486,2526743,
2021-06-18,217126,35345,181180,,12631077,9879444,7171613,5415662,2707831,
2021-06-19,215840,35478,179693,,12846917,9914716,7027304,5774824,2887412,
2021-06-20,186243,35548,150119,,13033160,9950066,6912643,6074846,3037423,
2021-06-21,120418,20820,99099,,13153578,9970691,6834261,6272860,3136430,
2021-06-22,204902,27494,176657,,13358480,9997991,6685013,6625956,3312978,
2021-06-23,230498,28615,201147,,13588978,10026406,6512389,7028034,3514017,
2021-06-24,227661,26663,200249,,13816639,10052873,6338717,7428312,3714156,
2021-06-25,251081,27963,222373,,14067720,10080635,6144224,7872822,3936411,
2021-06-26,261264,29995,230568,,14328984,10110405,5943566,8333678,4166839,
2021-06-27,204980,27777,176600,,14533964,10138000,5794671,8686658,4343329,
2021-06-28,199233,20950,177724,,14733197,10158752,5637824,9041856,4520928,
2021-06-29,250092,24485,224880,,14983289,10182996,5437342,9491308,4745654,
2021-06-30,275512,24165,250781,,15258801,10206958,5210652,9992612,4996306,
2021-07-01,271950,25297,246101,,15530751,10232037,4989769,10484536,5242268,
2021-07-02,144706,11579,132903,,15675457,10243442,4868373,10750138,5375069,
2021-07-03,216878,19921,196725,,15892335,10263141,4691496,11143290,5571645,
2021-07-04,196143,19399,176522,,16088478,10282354,4534306,11496096,5748048,
2021-07-05,148708,12435,136130,,16237186,10294600,4410549,11768102,5884051,
2021-07-06,220006,19981,199810,,16457192,10314365,4230650,12167430,6083715,
2021-07-07,246595,22962,223394,,16703787,10337101,4030140,12613922,6306961,
2021-07-08,231183,21342,209632,,16934970,10358237,3841779,13032916,6516458,
2021-07-09,226971,21498,205307,,17161941,10379533,3657900,13443266,6721633,
2021-07-10,209047,20533,188360,,17370988,10399862,3490006,13819712,6909856,
2021-07-11,171652,17566,153961,,17542640,10417227,3353557,14127340,7063670,
2021-07-12,123123,11443,111583,,17665763,10428481,3253365,14350232,7175116,
2021-07-13,178467,19016,159309,,17844230,10447275,3113005,14668540,7334270,
2021-07-14,180016,19295,160565,,18024246,10466355,2971683,14989344,7494672,
2021-07-15,167172,19578,147422,,18191418,10485722,2843792,15283860,7641930,
2021-07-16,169322,19888,149281,,18360740,10505408,2714350,15582116,7791058,
2021-07-17,172982,20255,152601,,18533722,10525414,2581947,15886934,7943467,
2021-07-18,133615,15923,117556,,18667337,10541153,2480278,16121750,8060875,
2021-07-19,91964,10411,81446,,18759301,10551351,2409205,16284292,8142146,
2021-07-20,133517,16939,116520,,18892818,10568050,2309560,16516980,8258490,
2021-07-21,140072,16978,123023,,19032890,10584813,2203462,16762702,8381351,
2021-07-22,125579,17631,107814,,19158469,10602220,2113232,16977976,8488988,
2021-07-23,120241,16980,103055,,19278710,10618959,2027115,17183688,8591844,
2021-07-24,126671,18324,108110,,19405381,10637080,1937289,17399582,8699791,
2021-07-25,103617,14854,88635,,19508998,10651710,1863465,17576490,8788245,
2021-07-26,66673,9880,56702,,19575671,10661372,1816606,17689532,8844766,
2021-07-27,92355,15312,76882,,19668026,10676423,1754992,17842862,8921431,
2021-07-28,93914,16447,77391,,19761940,10692635,1694004,17997262,8998631,
2021-07-29,89376,16695,72519,,19851316,10709098,1638136,18141924,9070962,
2021-07-30,84035,16090,67832,,19935351,10724960,1586354,18277212,9138606,
2021-07-31,83820,15697,67970,,20019171,10740439,1534053,18412772,9206386,
2021-08-01,61849,11308,50360,,20081020,10751521,1494966,18513110,9256555,
2021-08-02,42466,7402,34946,,20123486,10758725,1467390,18582670,9291335,
2021-08-03,33268,5945,27155,,20156754,10764437,1446157,18636560,9318280,
2021-08-04,61297,12364,48743,,20218051,10776566,1409741,18733650,9366825,
2021-08-05,59425,12526,46746,,20277476,10788884,1375477,18826814,9413407,
2021-08-06,56000,11847,43937,,20333476,10800471,1343356,18914230,9457115,
2021-08-07,62346,12121,50029,,20395822,10812331,1305405,19013852,9506926,
2021-08-08,48648,9250,39211,,20444470,10821353,1275421,19091864,9545932,
2021-08-09,30839,5929,24736,,20475309,10827068,1256587,19140962,9570481,
2021-08-10,49229,10495,38435,,20524538,10837283,1228613,19217340,9608670,
2021-08-11,48699,10757,37700,,20573237,10847793,1201639,19292308,9646154,
2021-08-12,49215,11180,37809,,20622452,10858722,1174968,19367508,9683754,
2021-08-13,49597,11718,37605,,20672049,10870199,1149051,19442296,9721148,
2021-08-14,51191,12121,38861,,20723240,10882070,1122285,19519570,9759785,
2021-08-15,41738,9840,31677,,20764978,10891708,1100418,19582580,9791290,
2021-08-16,26718,6172,20391,,20791696,10897657,1086173,19622968,9811484,
2021-08-17,40477,11045,29170,,20832173,10908452,1068024,19680856,9840428,
2021-08-18,41874,11959,29675,,20874047,10920169,1050276,19739786,9869893,
2021-08-19,45865,16516,29087,,20919912,10936434,1037677,19797514,9898757,
2021-08-20,46410,16272,29724,,20966322,10952450,1024198,19856504,9928252,
2021-08-21,47930,15136,32425,,21014252,10967326,1006876,19920900,9960450,
2021-08-22,34372,10800,23305,,21048624,10977880,994347,19967066,9983533,
2021-08-23,23214,7002,15996,,21071838,10984647,985332,19998630,9999315,
2021-08-24,37630,13361,23814,,21109468,10997754,974856,20045796,10022898,
2021-08-25,41311,14401,26303,,21150779,11011899,962935,20097928,10048964,
2021-08-26,39245,13548,24955,,21190024,11025171,951493,20147356,10073678,
2021-08-27,37645,12923,23678,,21227669,11037853,940711,20194284,10097142,
2021-08-28,40083,13407,25501,,21267752,11050981,928593,20244776,10122388,
2021-08-29,30521,10234,19933,,21298273,11060983,918875,20284216,10142108,
2021-08-30,18227,6137,11842,,21316500,11066872,913141,20307462,10153731,
2021-08-31,32694,11931,19614,,21349194,11078535,905430,20346210,10173105,
2021-09-01,36214,12933,21936,,21385408,11091235,896411,20389648,10194824,
2021-09-02,37748,15636,19651,,21423156,11106619,892371,20428496,10214248,
2021-09-03,46843,21069,22426,,21469999,11127440,890995,20472890,10236445,
2021-09-04,46858,20580,24767,,21516857,11147774,886785,20521978,10260989,
2021-09-05,33054,14199,18568,,21549911,11161729,882396,20558666,10279333,
2021-09-06,21693,9479,12026,,21571604,11170959,879832,20582254,10291127,
2021-09-07,14978,6715,8079,,21586582,11177417,878451,20597932,10298966,
2021-09-08,41123,17103,20926,,21627705,11194256,874610,20639292,10319646,
2021-09-09,41429,16965,19668,,21669134,11210944,871882,20678124,10339062,
2021-09-10,39615,15499,18983,,21708749,11226181,868380,20715602,10357801,
2021-09-11,42349,15926,23323,,21751098,11241828,860962,20761732,10380866,
2021-09-12,29948,11528,17859,,21781046,11253062,854601,20796922,10398461,
2021-09-13,16067,6398,9173,,21797113,11259226,851811,20814830,10407415,
2021-09-14,29887,11552,15282,,21827000,11270476,848054,20844844,10422422,
2021-09-15,39262,14019,19411,,21866262,11284236,842647,20883178,10441589,
2021-09-16,39327,13974,19238,,21905589,11297975,837360,20921230,10460615,
2021-09-17,38901,13600,19323,,21944490,11311332,831625,20959414,10479707,
2021-09-18,41202,14074,23506,,21985692,11325133,822172,21005922,10502961,
2021-09-19,30641,10823,18974,,22016333,11335697,814008,21043378,10521689,
2021-09-20,16727,6099,10173,,22033060,11341542,809911,21063262,10531631,
2021-09-21,31340,11208,16979,,22064400,11352485,804124,21096722,10548361,
2021-09-22,41794,14813,22915,,22106194,11367002,796001,21142002,10571001,
2021-09-23,47205,16130,26018,,22153399,11382869,786094,21193550,10596775,
2021-09-24,46281,15627,26636,,22199680,11398235,775066,21246338,10623169,
2021-09-25,48171,15247,29933,,22247851,11413229,760361,21305736,10652868,
2021-09-26,37479,12414,24474,,22285330,11425368,748280,21354176,10677088,
2021-09-27,19145,6527,12312,,22304475,11431641,742479,21378324,10689162,
2021-09-28,30933,11287,17865,,22335408,11442669,735889,21413560,10706780,
2021-09-29,37861,12468,21711,,22373269,11454866,726626,21456480,10728240,
2021-09-30,37318,11647,21360,,22410587,11466254,716894,21498720,10749360,
2021-10-01,30857,9805,18401,,22441444,11475833,708285,21535096,10767548,
2021-10-02,37117,11151,23575,,22478561,11486714,695843,21581742,10790871,
2021-10-03,27198,8161,18321,,22505759,11494634,685670,21617928,10808964,
2021-10-04,14864,4744,9801,,22520623,11499132,680595,21637074,10818537,
2021-10-05,26794,8584,15854,,22547417,11507455,673310,21668290,10834145,
2021-10-06,31642,9634,18494,,22579059,11516830,664442,21704776,10852388,
2021-10-07,30332,9389,17112,,22609391,11525968,656706,21738524,10869262,
2021-10-08,32818,10737,18840,,22642209,11536435,648590,21775690,10887845,
2021-10-09,34118,10652,21005,,22676327,11546824,638223,21817202,10908601,
2021-10-10,23393,7654,15075,,22699720,11554227,630790,21846874,10923437,
2021-10-11,11998,3838,7862,,22711718,11557815,626750,21862130,10931065,
2021-10-12,5095,1624,3257,,22716813,11559161,625102,21868118,10934059,
2021-10-13,29091,9188,18075,,22745904,11568059,616199,21903720,10951860,
2021-10-14,28998,8900,17738,,22774902,11576684,607351,21938666,10969333,
2021-10-15,29074,8819,18157,,22803976,11585240,598000,21974480,10987240,
2021-10-16,31127,8982,19865,,22835103,11593931,587105,22013652,11006826,
2021-10-17,23693,7256,15367,,22858796,11600933,578981,22043904,11021952,
2021-10-18,12303,3747,8145,,22871099,11604399,574571,22059656,11029828,
2021-10-19,21250,6619,12621,,22892349,11610736,568556,22084360,11042180,
2021-10-20,25636,7537,14902,,22917985,11618026,561178,22113696,11056848,
2021-10-21,23155,6674,13022,,22941140,11624431,554819,22139224,11069612,
2021-10-22,26100,7306,15101,,22967240,11631414,547008,22168812,11084406,
2021-10-23,28162,7600,17147,,22995402,11638752,537454,22202596,11101298,
2021-10-24,19339,5727,12593,,23014741,11644223,530576,22227294,11113647,
2021-10-25,9922,2710,6473,,23024663,11646664,526805,22239718,11119859,
2021-10-26,18890,5385,11089,,23043553,11651771,521092,22261358,11130679,
2021-10-27,22832,6072,13200,,23066385,11657588,513950,22287276,11143638,
2021-10-28,22291,5791,12636,,23088676,11663091,507094,22311994,11155997,
2021-10-29,22796,5728,13040,,23111472,11668517,499767,22337500,11168750,
2021-10-30,24085,6033,14598,,23135557,11674278,491190,22366176,11183088,
2021-10-31,16464,4593,10589,,23152021,11678577,485189,22386776,11193388,
2021-11-01,7864,2079,5053,,23159885,11680376,482202,22396348,11198174,
2021-11-02,15613,4362,7737,,23175498,11684447,478816,22411262,11205631,
2021-11-03,18608,5065,9599,,23194106,11689209,474272,22429874,11214937,
2021-11-04,19484,4867,10020,,23213590,11693800,469104,22449392,11224696,
2021-11-05,21444,4397,9512,,23235034,11697908,463975,22467866,11233933,
2021-11-06,25317,5201,12149,,23260351,11702840,457010,22491660,11245830,
2021-11-07,21434,4021,8912,,23281785,11706581,452107,22508948,11254474,
2021-11-08,11988,2110,4729,,23293773,11708396,449472,22517848,11258924,
2021-11-09,24102,3846,7635,,23317875,11711921,445673,22532496,11266248,
2021-11-10,28457,4504,8983,,23346332,11716148,441180,22549936,11274968,
2021-11-11,28739,4300,9086,,23375071,11720152,436385,22567534,11283767,
2021-11-12,26722,4161,8220,,23401793,11724022,432312,22583420,11291710,
2021-11-13,34292,5076,11399,,23436085,11728792,425980,22605624,11302812,
2021-11-14,23210,3898,8597,,23459295,11732427,421274,22622306,11311153,
2021-11-15,12695,2185,4490,,23471990,11734352,418961,22630782,11315391,
2021-11-16,26158,3926,7471,,23498148,11738021,415412,22645218,11322609,
2021-11-17,31145,4047,7798,,23529293,11741786,411651,22660270,11330135,
2021-11-18,32471,3855,7507,,23561764,11745335,407985,22674700,11337350,
2021-11-19,35446,3857,7741,,23597210,11748891,404089,22689604,11344802,
2021-11-20,40098,4379,8807,,23637308,11752990,399652,22706676,11353338,
2021-11-21,28104,3432,6941,,23665412,11756160,396129,22720062,11360031,
2021-11-22,14889,1949,3889,,23680301,11757833,394183,22727300,11363650,
2021-11-23,33042,3272,6002,,23713343,11760825,391445,22738760,11369380,
2021-11-24,42628,3751,6791,,23755971,11764272,388394,22751756,11375878,
2021-11-25,46021,3931,6558,,23801992,11767928,385764,22764328,11382164,
2021-11-26,52818,11342,6607,,23854810,11779000,390492,22777016,11388508,
2021-11-27,63495,22349,7024,,23918305,11801068,405807,22790522,11395261,
2021-11-28,51447,27738,5308,,23969752,11828514,428225,22800578,11400289,
2021-11-29,33517,18932,2876,,24003269,11847185,444270,22805830,11402915,
2021-11-30,55997,20669,5120,,24059266,11867573,459809,22815528,11407764,
2021-12-01,69522,26236,5627,,24128788,11893503,480404,22826198,11413099,
2021-12-02,71608,26486,5026,,24200396,11919691,501851,22835680,11417840,
2021-12-03,73391,25096,5156,,24273787,11944491,521785,22845412,11422706,
2021-12-04,81131,27783,6057,47271,24354918,11971981,543502,,11428479,807405
2021-12-05,62612,31926,4400,26266,24417530,12003612,571020,,11432592,833567
2021-12-06,38619,19141,2709,16753,24456149,12022464,587445,,11435019,850242
2021-12-07,60263,14846,4459,40945,24516412,12037038,597822,,11439216,891113
2021-12-08,73433,19054,4675,49701,24589845,12055815,612191,,11443624,940736
2021-12-09,74473,18271,4332,51851,24664318,12073777,626122,,11447655,992502
2021-12-10,77456,17587,4641,55220,24741774,12091083,639063,,11452020,1047641
2021-12-11,83157,20402,5818,56925,24824931,12111196,653633,,11457563,1104480
2021-12-12,60740,22696,4150,33852,24885671,12133612,672173,,11461439,1138243
2021-12-13,34922,11600,2406,20893,24920593,12144915,681357,,11463558,1159041
2021-12-14,101949,8998,3854,89054,25022542,12153603,686486,,11467117,1247975
2021-12-15,127666,12427,4501,110703,25150208,12165726,694402,,11471324,1358578
2021-12-16,139316,12453,4238,122612,25289524,12177893,702607,,11475286,1481091
2021-12-17,159147,12400,4508,142217,25448671,12190018,710490,,11479528,1623211
2021-12-18,175562,13523,4917,157079,25624233,12203247,719084,,11484163,1780195
2021-12-19,140413,18156,3927,118297,25764646,12221102,733305,,11487797,1898381
2021-12-20,106810,10305,2743,93717,25871456,12231139,740857,,11490282,1992000
2021-12-21,215208,12962,4309,197915,26086664,12243785,749503,,11494282,2189794
2021-12-22,237194,14418,5191,217700,26323858,12257904,758716,,11499188,2407376
2021-12-23,257404,11713,5078,240518,26581262,12269313,765345,,11503968,2647788
2021-12-24,223376,9443,4558,209313,26804638,12278459,770226,,11508233,2856985
2021-12-25,89691,3885,2501,83317,26894329,12282069,771605,,11510464,2940195
2021-12-26,11893,387,356,11140,26906222,12282164,771628,,11510536,2951205
2021-12-27,46927,1493,1112,44292,26953149,12283412,772002,,11511410,2995377
2021-12-28,144753,6100,3999,134595,27097902,12289218,774092,,11515126,3129841
2021-12-29,175448,9373,4573,161431,27273350,12298295,778888,,11519407,3291144
2021-12-30,200032,10128,5341,184521,27473382,12308120,783660,,11524460,3475531
2021-12-31,195180,10007,5793,179129,27668562,12317838,787865,,11529973,3654534
2022-01-01,96937,5379,3875,87358,27765499,12322908,789361,,11533547,3741743
2022-01-02,19436,939,924,17444,27784935,12323556,789367,,11534189,3759041
2022-01-03,88243,4772,4591,78799,27873178,12328018,789540,,11538478,3837687
2022-01-04,146348,5996,5312,135000,28019526,12333686,790211,,11543475,3972531
2022-01-05,177456,7618,7290,162376,28196982,12340950,790528,,11550422,4134747
2022-01-06,191497,7201,6781,176990,28388479,12347832,790937,,11556895,4311582
2022-01-07,191215,7953,6986,175465,28579694,12355441,791892,,11563549,4486874
2022-01-08,181629,8619,6630,165195,28761323,12363728,793868,,11569860,4651913
2022-01-09,131084,9863,7175,113953,28892407,12373269,796551,,11576718,4765706
2022-01-10,90553,5107,4489,80826,28982960,12378054,797159,,11580895,4846379
2022-01-11,138848,6151,6562,125429,29121808,12383858,796735,,11587123,4971618
2022-01-12,156993,8156,8047,138666,29278801,12391685,796839,,11594846,5110116
2022-01-13,162651,9205,9211,141526,29441452,12400528,796819,,11603709,5251459
2022-01-14,159839,10750,10372,136026,29601291,12410917,797192,,11613725,5387287
2022-01-15,161181,11009,11669,135869,29762472,12421555,796521,,11625034,5522963
2022-01-16,109769,9287,9671,89452,29872241,12430480,796130,,11634350,5612197
2022-01-17,65773,5934,6563,52636,29938014,12436079,795491,,11640588,5664648
2022-01-18,36094,2003,2126,31142,29974108,12437727,795357,,11642370,5695594
2022-01-19,101303,5579,6714,85948,30075411,12442906,794204,,11648702,5781315
2022-01-20,103578,6322,7000,85720,30178989,12448844,793518,,11655326,5866812
2022-01-21,102086,6232,8054,82486,30281075,12454672,791682,,11662990,5949070
2022-01-22,102561,8711,12068,78105,30383636,12462994,788318,,11674676,6026947
2022-01-23,76675,7305,13986,54784,30460311,12469956,781630,,11688326,6081509
2022-01-24,42257,3194,7934,30740,30502568,12472786,776872,,11695914,6112042
2022-01-25,62554,3756,8365,48114,30565122,12476164,772248,,11703916,6159938
2022-01-26,77873,4912,13166,55687,30642995,12480699,763989,,11716710,6215383
2022-01-27,78061,4895,13243,56038,30721056,12485222,755631,,11729591,6271184
2022-01-28,77268,4671,13671,53886,30798324,12489535,746618,,11742917,6324851
2022-01-29,84804,5529,17707,58106,30883128,12494700,734433,,11760267,6382712
2022-01-30,66490,5025,20621,40149,30949618,12499383,718823,,11780560,6422636
2022-01-31,34739,2175,9880,22345,30984357,12501239,711109,,11790130,6444792
2022-02-01,51341,3266,9659,36521,31035698,12504152,704706,,11799446,6481088
2022-02-02,57702,3844,12395,38677,31093400,12507666,696140,,11811526,6519566
2022-02-03,52572,3610,11506,34298,31145972,12510899,688232,,11822667,6553613
2022-02-04,43079,2947,10557,27278,31189051,12513536,680612,,11832924,6580697
2022-02-05,58705,3739,14469,37557,31247756,12516943,669870,,11847073,6618041
2022-02-06,49854,3639,16114,29571,31297610,12520259,657390,,11862869,6647388
2022-02-07,23227,1690,7807,13438,31320837,12521623,651260,,11870363,6660602
2022-02-08,33376,2354,7240,21966,31354213,12523647,646367,,11877280,6682335
2022-02-09,38868,2781,8912,24406,31393081,12526069,640230,,11885839,6706489
2022-02-10,37529,2763,8832,22549,31430610,12528496,634157,,11894339,6728808
2022-02-11,39436,2721,10287,23001,31470046,12530871,626582,,11904289,6751571
2022-02-12,42034,2953,11452,25312,31512080,12533490,618072,,11915418,6776659
2022-02-13,36311,2800,13139,19939,31548391,12536003,607730,,11928273,6796400
2022-02-14,16970,1175,6118,9469,31565361,12536903,602779,,11934124,6805669
2022-02-15,19344,1384,4745,11875,31584705,12537964,599408,,11938556,6817317
2022-02-16,26015,1765,7730,14945,31610720,12539432,593439,,11945993,6832061
2022-02-17,26754,1681,7518,14984,31637474,12540758,587593,,11953165,6846790
2022-02-18,23933,1353,6605,13674,31661407,12541794,582329,,11959465,6860255
2022-02-19,37830,1902,8335,26050,31699237,12543365,575891,,11967474,6886064
2022-02-20,32567,1495,7960,22803,31731804,12544560,569418,,11975142,6908663
2022-02-21,17499,913,3677,12755,31749303,12545178,566645,,11978533,6921207
2022-02-22,9099,428,1549,6953,31758402,12545317,565519,,11979798,6927950
2022-02-23,25326,1327,4790,17290,31783728,12546334,562049,,11984285,6945004
2022-02-24,24564,1400,5233,15476,31808292,12547413,558212,,11989201,6960237
2022-02-25,23092,1388,5135,14504,31831384,12548507,554458,,11994049,6974515
2022-02-26,25224,1383,5908,16554,31856608,12549580,549926,,11999654,6990843
2022-02-27,26948,1369,7365,17700,31883556,12550680,543919,,12006761,7008348
2022-02-28,10127,594,2529,6745,31893683,12551021,541976,,12009045,7014910
2022-03-01,13186,943,3148,8162,31906869,12551659,539761,,12011898,7022855
2022-03-02,15407,1163,3575,9614,31922276,12552561,537342,,12015219,7032292
2022-03-03,14292,1077,3224,8686,31936568,12553326,535187,,12018139,7040747
2022-03-04,14466,989,3442,8314,31951034,12553994,532730,,12021264,7048808
2022-03-05,18526,1276,4995,11182,31969560,12554961,529000,,12025961,7059766
2022-03-06,16508,1087,5522,9602,31986068,12555768,524559,,12031209,7069161
2022-03-07,5943,464,1858,3509,31992011,12555947,523158,,12032789,7072453
2022-03-08,7355,698,1937,4158,31999366,12556367,521912,,12034455,7076412
2022-03-09,11152,906,2735,6404,32010518,12556997,520077,,12036920,7082614
2022-03-10,12753,1044,3251,6835,32023271,12557764,517863,,12039901,7089236
2022-03-11,12884,904,3406,6864,32036155,12558379,515353,,12043026,7095884
2022-03-12,14678,1045,4179,8310,32050833,12559152,512216,,12046936,7103990
2022-03-13,14742,1090,4997,8330,32065575,12559951,508305,,12051646,7112083
2022-03-14,6329,448,2228,3497,32071904,12560129,506522,,12053607,7115366
2022-03-15,10195,791,2624,5972,32082099,12560630,504677,,12055953,7121124
2022-03-16,13053,933,3661,6950,32095152,12561275,501946,,12059329,7127844
2022-03-17,13180,1047,3957,6756,32108332,12562035,499029,,12063006,7134381
2022-03-18,11902,911,3145,6432,32120234,12562643,496785,,12065858,7140589
2022-03-19,14434,1002,4161,7899,32134668,12563366,493624,,12069742,7148270
2022-03-20,11738,989,3955,6368,32146406,12564084,490653,,12073431,7154430
2022-03-21,5056,414,1589,2813,32151462,12564239,489474,,12074765,7157040
2022-03-22,6701,552,1556,3886,32158163,12564504,488465,,12076039,7160710
2022-03-23,9965,785,2296,5193,32168128,12564974,486951,,12078023,7165662
2022-03-24,9291,724,2375,4609,32177419,12565434,485291,,12080143,7170067
2022-03-25,9217,782,2151,4746,32186636,12565953,483914,,12082039,7174601
2022-03-26,10921,934,2832,5504,32197557,12566610,482014,,12084596,7179886
2022-03-27,10221,909,3537,5298,32207778,12567259,479382,,12087877,7184973
2022-03-28,3578,319,1107,1987,32211356,12567338,478591,,12088747,7186766
2022-03-29,5335,498,1209,2687,32216691,12567551,477874,,12089677,7189231
2022-03-30,7848,747,1833,4121,32224539,12568020,476783,,12091237,7193128
2022-03-31,8645,689,1924,4412,32233184,12568420,475542,,12092878,7197318
2022-04-01,9298,801,1911,4884,32242482,12568929,474423,,12094506,7201963
2022-04-02,10428,885,2208,5568,32252910,12569527,473088,,12096439,7207314
2022-04-03,9198,880,2567,5063,32262108,12570153,471395,,12098758,7212178
2022-04-04,4196,387,1005,2406,32266304,12570279,470774,,12099505,7214381
2022-04-05,6065,598,1035,3050,32272369,12570536,470331,,12100205,7217156
2022-04-06,8367,715,1477,4374,32280736,12570960,469564,,12101396,7221303
2022-04-07,10333,733,1686,4835,32291069,12571393,468606,,12102787,7225895
2022-04-08,23989,811,1581,4836,32315058,12571926,467830,,12104096,7230515
2022-04-09,30475,969,1972,5893,32345533,12572597,466818,,12105779,7236185
2022-04-10,24850,976,2388,5331,32370383,12573316,465400,,12107916,7241316
2022-04-11,12568,385,874,2432,32382951,12573452,464907,,12108545,7243547
2022-04-12,28110,692,1017,3535,32411061,12573841,464575,,12109266,7246850
2022-04-13,37776,853,1559,4928,32448837,12574395,463865,,12110530,7251548
2022-04-14,37886,762,1612,4910,32486723,12574846,463012,,12111834,7256206
2022-04-15,43393,1230,2101,6726,32530116,12575778,462137,,12113641,7262695
2022-04-16,8088,358,650,1736,32538204,12575876,461843,,12114033,7264215
2022-04-17,21006,870,1924,4315,32559210,12576462,460782,,12115680,7268307
2022-04-18,5457,305,462,1288,32564667,12576481,460620,,12115861,7269355
2022-04-19,22647,616,772,3100,32587314,12576816,460455,,12116361,7272236
2022-04-20,40326,1063,1395,4617,32627640,12577553,460120,,12117433,7276589
2022-04-21,38748,941,1602,4679,32666388,12578198,459450,,12118748,7281034
2022-04-22,35615,1013,1428,4266,32702003,12578938,459028,,12119910,7285081
2022-04-23,34642,1005,1734,4712,32736645,12579660,458296,,12121364,7289555
2022-04-24,20807,1021,1883,3777,32757452,12580431,457431,,12123000,7293138
2022-04-25,8299,453,691,1707,32765751,12580615,457192,,12123423,7294629
2022-04-26,24607,732,945,3140,32790358,12581055,456973,,12124082,7297532
2022-04-27,33593,955,1368,3935,32823951,12581734,456552,,12125182,7301250
2022-04-28,32830,927,1412,3929,32856781,12582388,456058,,12126330,7304956
2022-04-29,32053,1098,1378,3909,32888834,12583189,455771,,12127418,7308637
2022-04-30,30274,923,1536,4020,32919108,12583815,455151,,12128664,7312421
2022-05-01,16749,768,1579,2969,32935857,12584286,454335,,12129951,7315147
2022-05-02,5933,309,524,1097,32941790,12584299,454116,,12130183,7316017
2022-05-03,20922,588,829,2346,32962712,12584582,453869,,12130713,7318124
2022-05-04,29414,800,1091,3293,32992126,12585072,453573,,12131499,7321168
2022-05-05,29092,872,1161,3125,33021218,12585632,453274,,12132358,7324049
2022-05-06,29086,1147,1280,2984,33050304,12586492,453136,,12133356,7326807
2022-05-07,28483,868,1260,3112,33078787,12587070,452739,,12134331,7329695
2022-05-08,15996,896,1309,2322,33094783,12587709,452324,,12135385,7331816
2022-05-09,5896,292,474,943,33100679,12587735,452136,,12135599,7332549
2022-05-10,21221,696,718,2119,33121900,12588114,452107,,12136007,7334409
2022-05-11,28944,836,1080,2655,33150844,12588618,451859,,12136759,7336792
2022-05-12,28232,800,1083,2509,33179076,12589121,451572,,12137549,7339060
2022-05-13,27591,878,1117,2468,33206667,12589689,451329,,12138360,7341271
2022-05-14,25688,808,1096,2609,33232355,12590181,451034,,12139147,7343625
2022-05-15,14845,751,1274,2055,33247200,12590660,450504,,12140156,7345461
2022-05-16,6381,325,532,1047,33253581,12590748,450293,,12140455,7346322
2022-05-17,19594,585,775,1741,33273175,12591019,450096,,12140923,7347815
2022-05-18,26538,877,1097,2272,33299713,12591632,449871,,12141761,7349872
2022-05-19,24432,682,1155,2159,33324145,12592047,449391,,12142656,7351814
2022-05-20,24260,801,1136,2215,33348405,12592581,449052,,12143529,7353812
2022-05-21,22396,692,1167,2345,33370801,12592964,448568,,12144396,7355915
2022-05-22,10556,551,889,1486,33381357,12593254,448225,,12145029,7357184
2022-05-23,4562,241,462,785,33385919,12593236,448002,,12145234,7357761
2022-05-24,2614,119,177,433,33388533,12593102,447942,,12145160,7357985
2022-05-25,19357,655,947,1952,33407890,12593491,447640,,12145851,7359727
2022-05-26,20635,662,948,1908,33428525,12593880,447348,,12146532,7361413
2022-05-27,21754,816,1057,2075,33450279,12594409,447104,,12147305,7363256
2022-05-28,19399,721,1164,2145,33469678,12594860,446658,,12148202,7365187
2022-05-29,12107,761,1280,1725,33481785,12595386,446132,,12149254,7366720
2022-05-30,4580,311,550,751,33486365,12595451,445890,,12149561,7367273
2022-05-31,13545,572,749,1666,33499910,12595721,445707,,12150014,7368699
2022-06-01,16607,702,970,1877,33516517,12596119,445437,,12150682,7370322
2022-06-02,14598,556,866,1673,33531115,12596363,445120,,12151243,7371754
2022-06-03,16098,697,1095,1813,33547213,12596783,444716,,12152067,7373349
2022-06-04,13317,648,1164,1842,33560530,12597173,444195,,12152978,7374989
2022-06-05,7866,587,1109,1432,33568396,12597511,443669,,12153842,7376229
2022-06-06,3293,206,444,641,33571689,12597469,443428,,12154041,7376669
2022-06-07,11211,474,725,1368,33582900,12597644,443172,,12154472,7377793
2022-06-08,14060,667,1013,1608,33596960,12598052,442821,,12155231,7379183
2022-06-09,13368,662,922,1673,33610328,12598426,442556,,12155870,7380624
2022-06-10,13847,685,1066,1695,33624175,12598825,442167,,12156658,7382089
2022-06-11,12978,615,1031,1864,33637153,12599154,441749,,12157405,7383730
2022-06-12,8094,644,1236,1500,33645247,12599541,441153,,12158388,7385024
2022-06-13,3186,284,422,709,33648433,12599559,441010,,12158549,7385524
2022-06-14,10126,511,666,1263,33658559,12599781,440849,,12158932,7386549
2022-06-15,13500,470,829,1620,33672059,12599957,440488,,12159469,7387933
2022-06-16,12536,494,855,1616,33684595,12600146,440122,,12160024,7389302
2022-06-17,11687,480,816,1652,33696282,12600341,439779,,12160562,7390720
2022-06-18,11446,436,874,1860,33707728,12600506,439338,,12161168,7392356
2022-06-19,6999,482,896,1420,33714727,12600739,438923,,12161816,7393565
2022-06-20,2286,147,301,643,33717013,12600662,438763,,12161899,7394038
2022-06-21,9538,358,614,1381,33726551,12600733,438502,,12162231,7395171
2022-06-22,13606,406,724,1702,33740157,12600867,438177,,12162690,7396648
2022-06-23,13700,401,775,1681,33753857,12601002,437800,,12163202,7398116
2022-06-24,15361,435,811,1671,33769218,12601177,437420,,12163757,7399572
2022-06-25,14466,425,851,1712,33783684,12601342,436983,,12164359,7401076
2022-06-26,8156,432,885,1280,33791840,12601513,436523,,12164990,7402140
2022-06-27,3212,171,364,594,33795052,12601436,436326,,12165110,7402528
2022-06-28,9615,370,556,1223,33804667,12601521,436136,,12165385,7403519
2022-06-29,13307,413,728,1628,33817974,12601644,435819,,12165825,7404907
2022-06-30,12228,483,846,1578,33830202,12601843,435454,,12166389,7406252
2022-07-01,13035,548,970,1947,33843237,12602135,435027,,12167108,7407994
2022-07-02,1609,110,115,362,33844846,12601969,435020,,12166949,7408124
2022-07-03,5158,261,493,958,33850004,12601974,434779,,12167195,7408867
2022-07-04,2756,131,279,614,33852760,12601858,434630,,12167228,7409284
2022-07-05,11140,372,598,1572,33863900,12601933,434396,,12167537,7410608
2022-07-06,15955,545,857,2008,33879855,12602184,434078,,12168106,7412375
2022-07-07,15659,520,832,1923,33895514,12602417,433765,,12168652,7414046
2022-07-08,17879,554,870,2244,33913393,12602667,433448,,12169219,7416041
2022-07-09,14135,450,597,1841,33927528,12602843,433300,,12169543,7417648
2022-07-10,8742,475,752,1501,33936270,12603070,433022,,12170048,7418943
2022-07-11,4093,199,331,870,33940363,12603004,432887,,12170117,7419593
2022-07-12,12104,413,523,1653,33952467,12603118,432772,,12170346,7420992
2022-07-13,16711,562,770,2141,33969178,12603385,432558,,12170827,7422891
2022-07-14,16858,486,674,2023,33986036,12603566,432359,,12171207,7424675
2022-07-15,28888,600,822,2181,34014924,12603866,432136,,12171730,7426615
2022-07-16,30289,585,772,2324,34045213,12604138,431940,,12172198,7428688
2022-07-17,22923,538,636,1884,34068136,12604439,431839,,12172600,7430378
2022-07-18,11391,187,254,853,34079527,12604358,431767,,12172591,7431009
2022-07-19,28946,592,590,2133,34108473,12604675,431766,,12172909,7432910
2022-07-20,37631,842,923,2588,34146104,12605239,431680,,12173559,7435262
2022-07-21,36349,732,810,2804,34182453,12605685,431595,,12174090,7437827
2022-07-22,35793,827,888,2681,34218246,12606225,431528,,12174697,7440271
2022-07-23,35139,820,913,2826,34253385,12606734,431427,,12175307,7442843
2022-07-24,21731,602,805,1772,34275116,12607073,431221,,12175852,7444390
2022-07-25,11932,308,311,1080,34287048,12607099,431213,,12175886,7445242
2022-07-26,26085,621,602,2209,34313133,12607437,431231,,12176206,7447209
2022-07-27,32462,810,844,2647,34345595,12607990,431195,,12176795,7449646
2022-07-28,31533,725,884,2604,34377128,12608421,431032,,12177389,7452002
2022-07-29,29987,1791,876,2640,34407115,12609921,431943,,12177978,7454393
2022-07-30,25822,2525,745,2432,34432937,12612170,433721,,12178449,7456596
2022-07-31,14292,1067,541,1559,34447229,12612969,434243,,12178726,7457928
2022-08-01,5911,336,223,681,34453140,12613047,434354,,12178693,7458386
2022-08-02,4474,305,135,601,34457614,12613082,434520,,12178562,7458765
2022-08-03,22928,2635,737,2234,34480542,12615441,436414,,12179027,7460763
2022-08-04,22225,2480,677,2129,34502767,12617595,438211,,12179384,7462630
2022-08-05,21790,2756,743,2065,34524557,12620071,440216,,12179855,7464468
2022-08-06,19642,2877,658,1990,34544199,12622637,442429,,12180208,7466200
2022-08-07,12699,2235,620,1418,34556898,12624600,444038,,12180562,7467403
2022-08-08,4766,570,188,603,34561664,12624885,444413,,12180472,7467772
2022-08-09,14006,1466,557,1589,34575670,12626064,445316,,12180748,7469120
2022-08-10,19124,2364,717,1990,34594794,12628155,446961,,12181194,7470882
2022-08-11,17073,2043,718,1851,34611867,12629925,448284,,12181641,7472503
2022-08-12,16979,2048,734,1850,34628846,12631686,449597,,12182089,7474125
2022-08-13,15946,2222,762,1805,34644792,12633627,451055,,12182572,7475692
2022-08-14,9523,1621,618,1081,34654315,12634960,452054,,12182906,7476538
2022-08-15,3869,388,269,477,34658184,12635096,452170,,12182926,7476807
2022-08-16,10801,1073,514,1355,34668985,12635870,452727,,12183143,7477912
2022-08-17,16093,1834,738,1778,34685078,12637418,453822,,12183596,7479455
2022-08-18,14925,1640,748,1689,34700003,12638735,454710,,12184025,7480874
2022-08-19,15307,1846,747,1545,34715310,12640306,455805,,12184501,7482187
2022-08-20,14278,1640,739,1544,34729588,12641656,456700,,12184956,7483494
2022-08-21,9897,1532,659,1163,34739485,12642925,457569,,12185356,7484442
2022-08-22,4163,481,271,561,34743648,12643108,457776,,12185332,7484748
2022-08-23,11129,1248,554,1492,34754777,12644051,458467,,12185584,7485989
2022-08-24,14753,1808,869,2185,34769530,12645590,459406,,12186184,7487945
2022-08-25,14026,1718,780,2120,34783556,12647021,460337,,12186684,7489821
2022-08-26,13923,1687,815,2090,34797479,12648414,461202,,12187212,7491663
2022-08-27,12411,1484,877,1997,34809890,12649573,461803,,12187770,7493394
2022-08-28,7922,1258,620,1397,34817812,12650572,462439,,12188133,7494573
2022-08-29,3394,504,283,681,34821206,12650801,462655,,12188146,7495026
2022-08-30,9904,1169,649,1855,34831110,12651614,463169,,12188445,7496580
2022-08-31,13508,1627,946,2311,34844618,12652953,463846,,12189107,7498650
2022-09-01,12902,1721,911,2138,34857520,12654378,464651,,12189727,7500542
2022-09-02,15041,1615,991,4919,34872561,12655720,465267,,12190453,7505237
2022-09-03,14709,1525,920,5512,34887270,12656966,465869,,12191097,7510518
2022-09-04,8660,1010,675,3234,34895930,12657718,466196,,12191522,7513535
2022-09-05,3550,321,229,1383,34899480,12657775,466285,,12191490,7514696
2022-09-06,2462,157,113,1128,34901942,12657680,466326,,12191354,7515617
2022-09-07,10923,1018,587,3491,34912865,12658401,466753,,12191648,7518858
2022-09-08,10865,1021,524,2790,34923730,12659096,467247,,12191849,7521374
2022-09-09,9580,1012,488,2501,34933310,12659822,467766,,12192056,7523641
2022-09-10,10629,1266,551,3162,34943939,12660815,468474,,12192341,7526573
2022-09-11,9404,982,667,3734,34953343,12661551,468783,,12192768,7530099
2022-09-12,3124,294,204,1079,34956467,12661564,468867,,12192697,7530941
2022-09-13,6012,542,281,1132,34962479,12661824,469119,,12192705,7531834
2022-09-14,14478,797,433,1843,34976957,12662307,469479,,12192828,7533414
2022-09-15,15744,780,408,1533,34992701,12662768,469846,,12192922,7534677
2022-09-16,17749,766,445,1690,35010450,12663278,470161,,12193117,7536149
2022-09-17,17609,722,456,1665,35028059,12663698,470423,,12193275,7537561
2022-09-18,11208,776,451,1684,35039267,12664218,470746,,12193472,7539026
2022-09-19,4977,403,288,670,35044244,12664355,470857,,12193498,7539485
2022-09-20,13749,438,327,941,35057993,12664480,470966,,12193514,7540164
2022-09-21,23028,646,407,1496,35081021,12664823,471200,,12193623,7541410
2022-09-22,22903,637,398,1378,35103924,12665157,471433,,12193724,7542530
2022-09-23,22936,726,599,1417,35126860,12665587,471555,,12194032,7543696
2022-09-24,21681,736,689,1498,35148541,12666030,471598,,12194432,7544959
2022-09-25,11317,595,702,1355,35159858,12666351,471486,,12194865,7546083
2022-09-26,4561,192,218,594,35164419,12666259,471454,,12194805,7546437
2022-09-27,37649,498,365,1498,35202068,12666493,471583,,12194910,7547713
2022-09-28,50957,730,669,1902,35253025,12666956,471643,,12195313,7549391
2022-09-29,47991,637,739,1836,35301016,12667281,471534,,12195747,7550957
2022-09-30,47267,679,806,2001,35348283,12667639,471405,,12196234,7552682
2022-10-01,34438,527,632,1545,35382721,12667863,471298,,12196565,7553965
2022-10-02,24239,736,1028,1710,35406960,12668311,471003,,12197308,7555429
2022-10-03,10863,239,230,611,35417823,12668263,471008,,12197255,7555805
2022-10-04,32181,478,458,1168,35450004,12668427,471024,,12197403,7556701
2022-10-05,40417,625,740,1558,35490421,12668744,470904,,12197840,7558003
2022-10-06,38678,610,652,1567,35529099,12669055,470860,,12198195,7559314
2022-10-07,42231,660,852,1742,35571330,12669373,470660,,12198713,7560759
2022-10-08,37381,784,1145,2120,35608711,12669832,470293,,12199539,7562610
2022-10-09,18811,549,727,1557,35627522,12670108,470112,,12199996,7563934
2022-10-10,6862,170,370,567,35634384,12669984,469910,,12200074,7564244
2022-10-11,4986,124,111,318,35639370,12669819,469918,,12199901,7564325
2022-10-12,35100,579,685,1426,35674470,12670072,469810,,12200262,7565469
2022-10-13,36747,644,857,1621,35711217,12670358,469594,,12200764,7566789
2022-10-14,36961,621,752,1540,35748178,12670655,469460,,12201195,7568055
2022-10-15,35445,716,1013,1625,35783623,12671090,469160,,12201930,7569441
2022-10-16,20661,654,1024,1593,35804284,12671480,468784,,12202696,7570807
2022-10-17,7349,206,477,538,35811633,12671408,468512,,12202896,7571107
2022-10-18,36414,458,500,1397,35848047,12671552,468465,,12203087,7572237
2022-10-19,49876,619,729,1983,35897923,12671875,468352,,12203523,7573973
2022-10-20,51267,623,648,2048,35949190,12672191,468324,,12203867,7575763
2022-10-21,52835,699,618,1938,36002025,12672570,468402,,12204168,7577437
2022-10-22,50853,752,905,2308,36052878,12672999,468244,,12204755,7579475
2022-10-23,30625,579,783,2118,36083503,12673270,468034,,12205236,7581334
2022-10-24,14130,231,270,979,36097633,12673210,467990,,12205220,7582063
2022-10-25,41346,474,488,1816,36138979,12673346,467973,,12205373,7583591
2022-10-26,51618,619,660,2122,36190597,12673639,467928,,12205711,7585441
2022-10-27,50093,610,767,2163,36240690,12673931,467764,,12206167,7587339
2022-10-28,49775,590,675,2093,36290465,12674172,467675,,12206497,7589131
2022-10-29,50583,736,778,2218,36341048,12674570,467629,,12206941,7591059
2022-10-30,28388,664,930,2034,36369436,12674958,467359,,12207599,7592855
2022-10-31,12436,199,234,777,36381872,12674888,467321,,12207567,7593406
2022-11-01,33075,340,197,1220,36414947,12674892,467458,,12207434,7594340
2022-11-02,44270,576,622,1904,36459217,12675148,467408,,12207740,7595956
2022-11-03,44172,540,605,1856,36503389,12675374,467340,,12208034,7597538
2022-11-04,44624,652,528,2024,36548013,12675733,467457,,12208276,7599317
2022-11-05,45194,648,755,2370,36593207,12676090,467347,,12208743,7601429
2022-11-06,26012,560,771,2096,36619219,12676316,467133,,12209183,7603235
2022-11-07,10710,243,235,876,36629929,12676296,467138,,12209158,7603891
2022-11-08,33463,487,395,1584,36663392,12676507,467227,,12209280,7605241
2022-11-09,40523,605,570,1966,36703915,12676807,467260,,12209547,7606948
2022-11-10,39161,625,547,1927,36743076,12677123,467333,,12209790,7608608
2022-11-11,43327,638,641,2205,36786403,12677456,467329,,12210127,7610548
2022-11-12,36835,640,592,2185,36823238,12677781,467369,,12210412,7612459
2022-11-13,24258,559,770,2276,36847496,12678059,467152,,12210907,7614494
2022-11-14,10962,233,204,1023,36858458,12678012,467180,,12210832,7615271
2022-11-15,33583,484,379,1691,36892041,12678146,467281,,12210865,7616665
2022-11-16,43518,799,582,2370,36935559,12678662,467492,,12211170,7618798
2022-11-17,38316,674,646,2241,36973875,12679013,467516,,12211497,7620763
2022-11-18,40602,726,530,2327,37014477,12679409,467708,,12211701,7622801
2022-11-19,39641,1015,1031,3078,37054118,12680093,467688,,12212405,7625586
2022-11-20,22411,661,718,2440,37076529,12680491,467628,,12212863,7627807
2022-11-21,8918,197,192,970,37085447,12680437,467628,,12212809,7628582
2022-11-22,26429,479,368,1512,37111876,12680582,467735,,12212847,7629801
2022-11-23,32054,686,668,2068,37143930,12680951,467751,,12213200,7631600
2022-11-24,31892,663,750,2082,37175822,12681315,467662,,12213653,7633432
2022-11-25,30746,764,829,1949,37206568,12681786,467591,,12214195,7635134
2022-11-26,30271,907,1191,2696,37236839,12682376,467299,,12215077,7637558
2022-11-27,18670,611,944,2087,37255509,12682704,466961,,12215743,7639401
2022-11-28,7536,191,280,786,37263045,12682612,466865,,12215747,7639938
2022-11-29,21014,421,452,1291,37284059,12682721,466830,,12215891,7640961
2022-11-30,27881,647,648,1838,37311940,12683072,466827,,12216245,7642543
2022-12-01,24795,593,682,1691,37336735,12683361,466735,,12216626,7643969
2022-12-02,25044,524,630,1771,37361779,12683577,466623,,12216954,7645473
2022-12-03,25542,587,779,1943,37387321,12683859,466421,,12217438,7647170
2022-12-04,15246,499,606,1699,37402567,12684050,466310,,12217740,7648594
2022-12-05,6879,168,156,746,37409446,12683942,466317,,12217625,7649103
2022-12-06,20333,421,351,1376,37429779,12684021,466383,,12217638,7650188
2022-12-07,24756,553,608,1668,37454535,12684281,466324,,12217957,7651602
2022-12-08,23150,564,523,1760,37477685,12684551,466363,,12218188,7653103
2022-12-09,23316,636,575,1631,37501001,12684884,466421,,12218463,7654480
2022-12-10,22566,511,600,1627,37523567,12685105,466331,,12218774,7655853
2022-12-11,14197,549,785,1566,37537764,12685411,466093,,12219318,7657207
2022-12-12,5506,150,157,593,37543270,12685294,466081,,12219213,7657576
2022-12-13,17788,378,367,1125,37561058,12685372,466091,,12219281,7658444
2022-12-14,21309,511,547,1452,37582367,12685618,466049,,12219569,7659672
2022-12-15,21956,531,602,1578,37604323,12685838,465977,,12219861,7660980
2022-12-16,16280,378,450,1030,37620603,12685908,465902,,12220006,7661751
2022-12-17,18692,559,506,1273,37639295,12686176,465953,,12220223,7662762
2022-12-18,12634,529,794,1304,37651929,12686448,465687,,12220761,7663836
2022-12-19,4585,133,115,448,37656514,12686280,465701,,12220579,7664022
2022-12-20,16201,501,448,1105,37672715,12686492,465748,,12220744,7664879
2022-12-21,18464,547,551,1299,37691179,12686766,465741,,12221025,7665940
2022-12-22,18587,576,589,1743,37709766,12687073,465728,,12221345,7667447
2022-12-23,15636,580,598,1712,37725402,12687328,465705,,12221623,7668887
2022-12-24,5331,223,171,671,37730733,12687269,465756,,12221513,7669304
2022-12-25,2441,153,152,480,37733174,12687139,465749,,12221390,7669540
2022-12-26,262,12,7,48,37733436,12686883,465750,,12221133,7669356
2022-12-27,2091,99,36,305,37735527,12686728,465810,,12220918,7669447
2022-12-28,8316,337,167,975,37743843,12686781,465976,,12220805,7670171
2022-12-29,13158,584,524,1600,37757001,12687081,466032,,12221049,7671525
2022-12-30,15812,671,657,1877,37772813,12687473,466043,,12221430,7673152
2022-12-31,11228,462,387,1353,37784041,12687621,466114,,12221507,7674229
2023-01-01,3906,202,219,562,37787947,12687547,466097,,12221450,7674547
2023-01-02,651,37,14,96,37788598,12687329,466120,,12221209,7674419
2023-01-03,8190,298,151,898,37796788,12687369,466261,,12221108,7675101
2023-01-04,14714,575,547,1544,37811502,12687689,466283,,12221406,7676423
2023-01-05,16109,654,533,1795,37827611,12688078,466400,,12221678,7677987
2023-01-06,18818,718,609,2044,37846429,12688549,466506,,12222043,7679813
2023-01-07,18518,707,638,2052,37864947,12689008,466570,,12222438,7681651
2023-01-08,11609,582,608,1630,37876556,12689363,466542,,12222821,7683078
2023-01-09,5298,216,196,664,37881854,12689319,466560,,12222759,7683519
2023-01-10,12155,419,315,781,37894009,12689475,466664,,12222811,7684064
2023-01-11,15538,460,370,1092,37909547,12689668,466752,,12222916,7684925
2023-01-12,14060,448,407,972,37923607,12689846,466792,,12223054,7685661
2023-01-13,14161,424,345,1039,37937768,12690062,466869,,12223193,7686511
2023-01-14,13374,478,452,1076,37951142,12690297,466892,,12223405,7687367
2023-01-15,9043,466,507,1049,37960185,12690545,466850,,12223695,7688231
2023-01-16,3745,148,130,479,37963930,12690463,466868,,12223595,7688502
2023-01-17,8847,270,179,651,37972777,12690451,466958,,12223493,7688912
2023-01-18,10238,351,273,757,37983015,12690562,467036,,12223526,7689448
2023-01-19,10580,318,318,760,37993595,12690642,467032,,12223610,7690003
2023-01-20,9824,319,272,716,38003419,12690730,467078,,12223652,7690507
2023-01-21,11302,358,398,904,38014721,12690862,467038,,12223824,7691217
2023-01-22,7567,345,404,816,38022288,12690997,466977,,12224020,7691839
2023-01-23,3379,144,131,288,38025667,12690958,466990,,12223968,7691966
2023-01-24,8278,227,165,549,38033945,12690934,467050,,12223884,7692294
2023-01-25,10305,349,296,661,38044250,12691059,467102,,12223957,7692759
2023-01-26,6720,236,203,469,38050970,12691067,467135,,12223932,7693034
2023-01-27,6900,241,197,491,38057870,12691064,467178,,12223886,7693316
2023-01-28,9334,312,337,693,38067204,12691145,467149,,12223996,7693806
2023-01-29,5960,235,341,689,38073164,12691152,467038,,12224114,7694291
2023-01-30,1899,88,79,216,38075063,12691021,467045,,12223976,7694311
2023-01-31,5876,156,150,413,38080939,12690925,467049,,12223876,7694497
2023-02-01,7294,249,249,489,38088233,12690970,467049,,12223921,7694807
2023-02-02,6463,295,239,499,38094696,12691070,467103,,12223967,7695144
2023-02-03,6539,197,191,462,38101235,12691060,467107,,12223953,7695422
2023-02-04,6719,231,305,541,38107954,12691099,467028,,12224071,7695800
2023-02-05,4175,198,291,484,38112129,12691078,466934,,12224144,7696101
2023-02-06,1834,91,98,211,38113963,12690949,466925,,12224024,7696110
2023-02-07,4960,162,181,383,38118923,12690870,466904,,12223966,7696286
2023-02-08,5766,213,206,429,38124689,12690877,466910,,12223967,7696530
2023-02-09,6115,214,243,438,38130804,12690888,466881,,12224007,7696794
2023-02-10,5079,158,207,370,38135883,12690884,466830,,12224054,7697020
2023-02-11,6050,185,259,458,38141933,12690857,466752,,12224105,7697286
2023-02-12,4081,219,343,408,38146014,12690871,466625,,12224246,7697508
2023-02-13,1481,56,87,146,38147495,12690740,466593,,12224147,7697499
2023-02-14,3944,132,179,308,38151439,12690645,466545,,12224100,7697603
2023-02-15,4537,119,191,285,38155976,12690566,466473,,12224093,7697714
2023-02-16,4912,174,285,400,38160888,12690527,466360,,12224167,7697923
2023-02-17,4981,180,210,342,38165869,12690516,466329,,12224187,7698099
2023-02-18,5112,230,295,487,38170981,12690539,466262,,12224277,7698403
2023-02-19,3349,133,243,373,38174330,12690478,466150,,12224328,7698614
2023-02-20,1419,64,54,157,38175749,12690357,466158,,12224199,7698612
2023-02-21,912,25,14,107,38176661,12690213,466167,,12224046,7698566
2023-02-22,4133,130,213,370,38180794,12690164,466079,,12224085,7698789
2023-02-23,4273,163,231,390,38185067,12690104,466004,,12224100,7698982
2023-02-24,3028,138,229,273,38188095,12690060,465909,,12224151,7699090
2023-02-25,5018,215,540,384,38193113,12690084,465583,,12224501,7699315
2023-02-26,3472,146,681,384,38196585,12690043,465047,,12224996,7699536
2023-02-27,1074,37,57,97,38197659,12689906,465024,,12224882,7699489
2023-02-28,2721,97,163,232,38200380,12689787,464956,,12224831,7699525
2023-03-01,3845,138,428,333,38204225,12689710,464665,,12225045,7699661
2023-03-02,4586,159,496,327,38208811,12689657,464324,,12225333,7699811
2023-03-03,4364,160,357,333,38213175,12689621,464125,,12225496,7699967
2023-03-04,4962,207,623,349,38218137,12689647,463707,,12225940,7700157
2023-03-05,2532,110,449,251,38220669,12689573,463367,,12226206,7700246
2023-03-06,1156,48,37,114,38221825,12689448,463376,,12226072,7700207
2023-03-07,3212,90,171,221,38225037,12689331,463292,,12226039,7700251
2023-03-08,4311,133,412,283,38229348,12689288,463012,,12226276,7700376
2023-03-09,4607,170,451,312,38233955,12689274,462727,,12226547,7700532
2023-03-10,3939,101,138,255,38237894,12689210,462688,,12226522,7700643
2023-03-11,4046,141,169,284,38241940,12689203,462658,,12226545,7700792
2023-03-12,2882,109,234,301,38244822,12689140,462529,,12226611,7700941
2023-03-13,857,31,32,103,38245679,12689028,462526,,12226502,7700919
2023-03-14,3055,100,109,256,38248734,12688967,462517,,12226450,7701037
2023-03-15,4095,140,163,309,38252829,12688970,462494,,12226476,7701221
2023-03-16,4017,174,234,277,38256846,12688956,462432,,12226524,7701343
2023-03-17,4275,171,202,306,38261121,12688953,462398,,12226555,7701496
2023-03-18,4350,144,194,295,38265471,12688949,462348,,12226601,7701657
2023-03-19,2718,129,233,255,38268189,12688961,462244,,12226717,7701804
2023-03-20,774,32,19,73,38268963,12688846,462257,,12226589,7701746
2023-03-21,2886,69,84,199,38271849,12688771,462238,,12226533,7701820
2023-03-22,3884,130,131,248,38275733,12688766,462235,,12226531,7701949
2023-03-23,3798,118,171,224,38279531,12688746,462177,,12226569,7702055
2023-03-24,3677,103,115,236,38283208,12688721,462164,,12226557,7702175
2023-03-25,4251,107,172,246,38287459,12688713,462096,,12226617,7702321
2023-03-26,2469,113,211,200,38289928,12688707,461996,,12226711,7702413
2023-03-27,910,48,32,67,38290838,12688656,462012,,12226644,7702390
2023-03-28,3088,88,77,199,38293926,12688631,462021,,12226610,7702491
2023-03-29,4143,126,136,221,38298069,12688656,462009,,12226647,7702621
2023-03-30,3831,112,164,209,38301900,12688681,461957,,12226724,7702750
2023-03-31,3967,142,109,218,38305867,12688728,461990,,12226738,7702881
2023-04-01,4167,137,146,224,38310034,12688791,461980,,12226811,7703039
2023-04-02,2171,58,121,171,38312205,12688744,461917,,12226827,7703112
2023-04-03,769,25,12,52,38312974,12688688,461929,,12226759,7703093
2023-04-04,3391,73,73,167,38316365,12688692,461929,,12226763,7703196
2023-04-05,4310,98,106,243,38320675,12688736,461921,,12226815,7703394
2023-04-06,3671,109,107,184,38324346,12688821,461923,,12226898,7703556
2023-04-07,4557,110,115,238,38328903,12688915,461918,,12226997,7703780
2023-04-08,824,22,11,54,38329727,12688937,461929,,12227008,7703834
2023-04-09,2407,86,104,154,38332134,12689023,461911,,12227112,7703988
2023-04-10,342,10,6,19,38332476,12689033,461915,,12227118,7704007
2023-04-11,2730,37,28,117,38335206,12689070,461924,,12227146,7704124
2023-04-12,6174,105,94,184,38341380,12689175,461935,,12227240,7704308
2023-04-13,6697,109,123,195,38348077,12689284,461921,,12227363,7704503
