"report_date","previous_day_total_doses_administered","previous_day_at_least_one","previous_day_fully_vaccinated","previous_day_3doses","total_doses_administered","total_individuals_at_least_one","total_individuals_partially_vaccinated","total_doses_in_fully_vaccinated_individuals","total_individuals_fully_vaccinated","total_individuals_3doses"
2021-01-01,6252,6242,2,,32208,32153,32142,22,11,
2021-01-02,4615,4603,6,,36823,36704,36691,26,13,
2021-01-03,5396,5389,3,,42219,42093,42077,32,16,
2021-01-04,5995,5993,0,,48214,48085,48070,30,15,
2021-01-05,9687,9662,21,,57901,57745,57710,70,35,
2021-01-06,12793,12328,450,,70694,70070,69588,964,482,
2021-01-07,16219,15508,697,,86913,85577,84398,2358,1179,
2021-01-08,18038,17023,1002,,104951,102600,100419,4362,2181,
2021-01-09,19500,18423,1064,,124451,121022,117777,6490,3245,
2021-01-10,11372,11332,38,,135823,132346,129063,6566,3283,
2021-01-11,11712,11661,48,,147535,144007,140676,6662,3331,
2021-01-12,14468,14161,298,,162003,158160,154531,7258,3629,
2021-01-13,15437,13813,1594,,177440,171959,166738,10442,5221,
2021-01-14,19192,16740,2436,,196632,188693,181037,15312,7656,
2021-01-15,20076,18018,2038,,216708,206700,197006,19388,9694,
2021-01-16,17119,15935,1171,,233827,222619,211754,21730,10865,
2021-01-17,11260,10016,1237,,245087,232620,220520,24200,12100,
2021-01-18,6794,6712,72,,251881,239309,227140,24338,12169,
2021-01-19,11829,9721,2094,,263710,249009,234746,28526,14263,
2021-01-20,10804,7215,3572,,274514,256201,238367,35668,17834,
2021-01-21,10976,6856,4092,,285490,263041,241115,43852,21926,
2021-01-22,9038,4321,4697,,294528,267325,240704,53242,26621,
2021-01-23,7462,3044,4390,,301990,270339,239329,62020,31010,
2021-01-24,4388,1831,2536,,306378,272152,238606,67092,33546,
2021-01-25,5322,1049,4264,,311700,273169,235360,75618,37809,
2021-01-26,9394,2867,6499,,321094,276004,231697,88614,44307,
2021-01-27,9898,2866,7004,,330992,278841,227531,102620,51310,
2021-01-28,13120,5743,7335,,344112,284551,225906,117290,58645,
2021-01-29,10701,3288,7379,,354813,287808,221785,132046,66023,
2021-01-30,9192,2731,6424,,364005,290497,218053,144888,72444,
2021-01-31,3384,1570,1768,,367389,292033,217822,148422,74211,
2021-02-01,2125,488,1609,,369514,292487,216671,151632,75816,
2021-02-02,4418,1365,2996,,373932,293814,215006,157616,78808,
2021-02-03,6237,1717,4458,,380169,295490,212231,166518,83259,
2021-02-04,9093,1721,7293,,389262,297168,206622,181092,90546,
2021-02-05,8446,1468,6904,,397708,298596,201152,194888,97444,
2021-02-06,10669,1872,8737,,408377,300413,194241,212344,106172,
2021-02-07,7576,1729,5796,,415953,302102,190146,223912,111956,
2021-02-08,8221,3096,5081,,424174,305150,188126,234048,117024,
2021-02-09,15010,3860,11082,,439184,308968,180878,256180,128090,
2021-02-10,15512,4933,10518,,454696,313849,175266,277166,138583,
2021-02-11,16366,3899,12409,,471062,317696,166735,301922,150961,
2021-02-12,17677,2099,15527,,488739,319756,153288,332936,166468,
2021-02-13,16213,2446,13752,,504952,322157,141956,360402,180201,
2021-02-14,12882,924,11926,,517834,323033,130936,384194,192097,
2021-02-15,7862,486,7328,,525696,323471,124072,398798,199399,
2021-02-16,5995,1042,4903,,531691,324470,120191,408558,204279,
2021-02-17,10168,1609,8525,,541859,326035,113259,425552,212776,
2021-02-18,13872,2955,10873,,555731,328942,105323,447238,223619,
2021-02-19,18490,6213,12210,,574221,335103,99305,471596,235798,
2021-02-20,22630,11133,11444,,596851,346173,98969,494408,247204,
2021-02-21,17243,10386,6823,,614094,356499,102514,507970,253985,
2021-02-22,13588,8759,4777,,627682,365189,106476,517426,258713,
2021-02-23,17868,11126,6671,,645550,376259,110911,530696,265348,
2021-02-24,18577,13612,4884,,664127,389815,119625,540380,270190,
2021-02-25,20810,16489,4264,,684937,406238,131832,548812,274406,
2021-02-26,24906,21839,3006,,709843,428017,150642,554750,277375,
2021-02-27,27467,23584,3840,,737310,451537,170370,562334,281167,
2021-02-28,20585,19144,1406,,757895,470627,188096,565062,282531,
2021-03-01,18227,17030,1148,,776122,487595,203963,567264,283632,
2021-03-02,24692,22280,2327,,800814,509814,223901,571826,285913,
2021-03-03,30599,27966,2578,,831413,537729,249271,576916,288458,
2021-03-04,34696,32463,2147,,866109,570126,279571,581110,290555,
2021-03-05,40004,38169,1786,,906113,608247,315940,584614,292307,
2021-03-06,44156,41948,2170,,950269,650140,355704,588872,294436,
2021-03-07,32736,31557,1175,,983005,681623,386070,591106,295553,
2021-03-08,24038,22162,1861,,1007043,703717,406357,594720,297360,
2021-03-09,33296,29845,3423,,1040339,733496,432759,601474,300737,
2021-03-10,38346,34083,4218,,1078685,767505,462598,609814,304907,
2021-03-11,43983,40710,3234,,1122668,808149,500060,616178,308089,
2021-03-12,47714,46002,1689,,1170382,854087,544359,619456,309728,
2021-03-13,57935,55059,2849,,1228317,909075,596552,625046,312523,
2021-03-14,43422,42182,1222,,1271739,951174,637497,627354,313677,
2021-03-15,32814,31116,1682,,1304553,982231,666915,630632,315316,
2021-03-16,53958,51659,2282,,1358511,1033825,716270,635110,317555,
2021-03-17,61067,58526,2497,,1419578,1092285,772283,640004,320002,
2021-03-18,61554,59093,2433,,1481132,1151306,828924,644764,322382,
2021-03-19,64479,61147,3274,,1545611,1212375,886772,651206,325603,
2021-03-20,62573,59982,2559,,1608184,1272301,944187,656228,328114,
2021-03-21,44004,42478,1539,,1652188,1314714,985098,659232,329616,
2021-03-22,31002,30035,978,,1683190,1344661,1014123,661076,330538,
2021-03-23,54623,51849,2723,,1737813,1396415,1063217,666396,333198,
2021-03-24,76437,73255,3134,,1814250,1469580,1133305,672550,336275,
2021-03-25,82917,80336,2534,,1897167,1549837,1211085,677504,338752,
2021-03-26,87016,83486,3490,,1984183,1633242,1291052,684380,342190,
2021-03-27,80865,77911,2868,,2065048,1711050,1366057,689986,344993,
2021-03-28,66999,65409,1555,,2132047,1776369,1429878,692982,346491,
2021-03-29,51740,49050,2651,,2183787,1825339,1476243,698192,349096,
2021-03-30,73587,70175,3350,,2257374,1895437,1543032,704810,352405,
2021-03-31,93154,89502,3586,,2350528,1984841,1628903,711876,355938,
2021-04-01,89321,85442,3840,,2439849,2070185,1710460,719450,359725,
2021-04-02,93089,88863,4210,,2532938,2158962,1795079,727766,363883,
2021-04-03,61011,59331,1736,,2593949,2218202,1852634,731136,365568,
2021-04-04,72331,70677,1650,,2666280,2288768,1921608,734320,367160,
2021-04-05,53732,53261,470,,2720012,2341945,1974363,735164,367582,
2021-04-06,79583,77714,1887,,2799595,2419557,2050142,738830,369415,
2021-04-07,108012,104944,3056,,2907607,2524376,2151963,744826,372413,
2021-04-08,114079,110105,4028,,3021686,2634370,2257985,752770,376385,
2021-04-09,109854,105624,4301,,3131540,2739876,2359255,761242,380621,
2021-04-10,109250,105486,3854,,3240790,2845234,2460825,768818,384409,
2021-04-11,98630,95512,3259,,3339420,2940621,2553012,775218,387609,
2021-04-12,76070,75005,1158,,3415490,3015478,2626779,777398,388699,
2021-04-13,99477,96092,3402,,3514967,3111461,2719408,784106,392053,
2021-04-14,117050,113286,3649,,3632017,3224629,2828967,791324,395662,
2021-04-15,113562,109504,3897,,3745579,3334007,2934505,799004,399502,
2021-04-16,118089,113715,4194,,3863668,3447612,3043960,807304,403652,
2021-04-17,112422,107830,4452,,3976090,3555308,3147263,816090,408045,
2021-04-18,88748,86511,2102,,4064838,3641696,3231603,820186,410093,
2021-04-19,68976,67441,1453,,4133814,3709007,3297512,822990,411495,
2021-04-20,102114,98788,3120,,4235928,3807633,3393083,829100,414550,
2021-04-21,142051,137772,4043,,4377979,3945231,3526706,837050,418525,
2021-04-22,139506,135353,3911,,4517485,4080455,3658075,844760,422380,
2021-04-23,138222,131798,6176,,4655707,4212099,3783601,856996,428498,
2021-04-24,130297,126233,3889,,4786004,4338184,3905853,864662,432331,
2021-04-25,102021,98609,3180,,4888025,4436645,4001201,870888,435444,
2021-04-26,71008,69302,1558,,4959033,4505816,4068874,873884,436942,
2021-04-27,98517,95424,2900,,5057550,4601079,4161300,879558,439779,
2021-04-28,120581,115954,4434,,5178131,4716865,4272724,888282,444141,
2021-04-29,124489,119293,5047,,5302620,4835991,4386872,898238,449119,
2021-04-30,115829,110572,5015,,5418449,4946390,4492333,908114,454057,
2021-05-01,111308,107435,3652,,5529757,5053644,4596012,915264,457632,
2021-05-02,79144,76168,2863,,5608901,5129655,4669226,920858,460429,
2021-05-03,56794,55124,1597,,5665695,5184624,4722658,923932,461966,
2021-05-04,91933,88563,3282,,5757628,5273009,4807838,930342,465171,
2021-05-05,138004,133296,4620,,5895632,5406136,4936408,939456,469728,
2021-05-06,141840,136884,4817,,6037472,5542836,5068353,948966,474483,
2021-05-07,150289,145247,4837,,6187761,5687923,5208662,958522,479261,
2021-05-08,142473,137781,4440,,6330234,5825509,5341887,967244,483622,
2021-05-09,124815,121163,3482,,6455049,5946508,5459468,974080,487040,
2021-05-10,97814,95825,1884,,6552863,6042144,5553287,977714,488857,
2021-05-11,113544,108860,4496,,6666407,6150802,5657520,986564,493282,
2021-05-12,145057,138023,6886,,6811464,6288646,5788544,1000204,500102,
2021-05-13,142714,135321,7238,,6954178,6423792,5916526,1014532,507266,
2021-05-14,148870,138779,9920,,7103048,6562383,6045262,1034242,517121,
2021-05-15,159745,149697,9867,,7262793,6711893,6184980,1053826,526913,
2021-05-16,144362,136093,8062,,7407155,6847818,6312923,1069790,534895,
2021-05-17,114983,110885,3944,,7522138,6958514,6419751,1077526,538763,
2021-05-18,111346,100480,10664,,7633484,7058798,6509433,1098730,549365,
2021-05-19,149889,133474,16237,,7783373,7192120,6626592,1131056,565528,
2021-05-20,151575,131580,19777,,7934948,7323511,6738275,1170472,585236,
2021-05-21,165403,140894,24249,,8100351,7464224,6854816,1218816,609408,
2021-05-22,199450,172249,26973,,8299801,7636275,6999975,1272600,636300,
2021-05-23,139839,127469,12224,,8439640,7763566,7115104,1296924,648462,
2021-05-24,100299,93327,6827,,8539939,7856720,7201501,1310438,655219,
2021-05-25,90476,82990,7276,,8630415,7939547,7277119,1324856,662428,
2021-05-26,139791,113021,26506,,8770206,8052381,7363517,1377728,688864,
2021-05-27,152071,123050,28768,,8922277,8175274,7457711,1435126,717563,
2021-05-28,163877,132320,31249,,9086154,8307421,7558668,1497506,748753,
2021-05-29,153397,117135,36029,,9239551,8424406,7639680,1569452,784726,
2021-05-30,149732,119025,30479,,9389283,8543261,7728118,1630286,815143,
2021-05-31,99218,79823,19202,,9488501,8622914,7788633,1668562,834281,
2021-06-01,124209,90620,33250,,9612710,8713339,7845883,1734912,867456,
2021-06-02,145329,102162,42916,,9758039,8815320,7905017,1820606,910303,
2021-06-03,155379,99922,55176,,9913418,8915057,7949649,1930816,965408,
2021-06-04,181729,115544,65913,,10095147,9030402,7999169,2062466,1031233,
2021-06-05,172040,103441,68316,,10267187,9133645,8034181,2198928,1099464,
2021-06-06,163400,91873,71246,,10430587,9225340,8054700,2341280,1170640,
2021-06-07,119566,63060,56288,,10550153,9288203,8061350,2453706,1226853,
2021-06-08,161903,72459,89004,,10712056,9360473,8044696,2631554,1315777,
2021-06-09,181474,70813,110190,,10893530,9431109,8005223,2851772,1425886,
2021-06-10,185594,66430,118671,,11079124,9497336,7952870,3088932,1544466,
2021-06-11,204800,67524,136515,,11283924,9564674,7883775,3361798,1680899,
2021-06-12,199748,62685,136460,,11483672,9627177,7809910,3634534,1817267,
2021-06-13,190352,58899,130921,,11674024,9685901,7737793,3896216,1948108,
2021-06-14,137693,38700,98594,,11811717,9724405,7677808,4093194,2046597,
2021-06-15,189565,42624,146582,,12001282,9766810,7573728,4386164,2193082,
2021-06-16,206269,42439,163182,,12207551,9809053,7452892,4712322,2356161,
2021-06-17,210480,37946,171948,,12418031,9846784,7318767,5056034,2528017,
2021-06-18,217205,35366,181235,,12635236,9881960,7172800,5418320,2709160,
2021-06-19,215905,35505,179723,,12851141,9917259,7028488,5777542,2888771,
2021-06-20,186283,35575,150129,,13037424,9952636,6913844,6077584,3038792,
2021-06-21,120439,20831,99103,,13157863,9973272,6835469,6275606,3137803,
2021-06-22,204955,27529,176669,,13362818,10000607,6686244,6628726,3314363,
2021-06-23,230551,28638,201165,,13593369,10029045,6513625,7030840,3515420,
2021-06-24,227709,26681,200270,,13821078,10055530,6339950,7431160,3715580,
2021-06-25,251131,27999,222381,,14072209,10083327,6145485,7875684,3937842,
2021-06-26,261318,30018,230591,,14333527,10113119,5944827,8336584,4168292,
2021-06-27,205011,27794,176609,,14538538,10140731,5795940,8689582,4344791,
2021-06-28,199260,20957,177734,,14737798,10161490,5639090,9044800,4522400,
2021-06-29,250123,24497,224890,,14987921,10185746,5438610,9494272,4747136,
2021-06-30,275555,24182,250805,,15263476,10209725,5211913,9995624,4997812,
2021-07-01,271980,25313,246111,,15535456,10234820,4991036,10487568,5243784,
2021-07-02,144738,11594,132913,,15680194,10246240,4869645,10753190,5376595,
2021-07-03,216907,19937,196739,,15897101,10265955,4692770,11146370,5573185,
2021-07-04,196226,19463,176538,,16093327,10285232,4535628,11499208,5749604,
2021-07-05,148725,12448,136134,,16242052,10297490,4411880,11771220,5885610,
2021-07-06,220044,20000,199827,,16462096,10317274,4231983,12170582,6085291,
2021-07-07,246622,22972,223407,,16708718,10340020,4031470,12617100,6308550,
2021-07-08,231226,21369,209644,,16939944,10361183,3843124,13036118,6518059,
2021-07-09,227009,21515,205325,,17166953,10382496,3659244,13446504,6723252,
2021-07-10,209071,20542,188372,,17376024,10402834,3491347,13822974,6911487,
2021-07-11,171687,17589,153970,,17547711,10420222,3354912,14130620,7065310,
2021-07-12,123137,11445,111593,,17670848,10431478,3254712,14353532,7176766,
2021-07-13,178520,19036,159340,,17849368,10450292,3114341,14671902,7335951,
2021-07-14,180047,19307,160583,,18029415,10469384,2973013,14992742,7496371,
2021-07-15,167213,19589,147449,,18196628,10488762,2845106,15287312,7643656,
2021-07-16,169371,19917,149303,,18365999,10508477,2715671,15585612,7792806,
2021-07-17,173027,20274,152622,,18539026,10528502,2583266,15890472,7945236,
2021-07-18,133643,15940,117564,,18672669,10544258,2481606,16125304,8062652,
2021-07-19,91989,10421,81460,,18764658,10554466,2410529,16287874,8143937,
2021-07-20,133550,16958,116536,,18898208,10571184,2310887,16520594,8260297,
2021-07-21,140091,16988,123032,,19038299,10587957,2204790,16766334,8383167,
2021-07-22,125635,17657,107840,,19163934,10605390,2114560,16981660,8490830,
2021-07-23,120284,16998,103079,,19284218,10622147,2028437,17187420,8593710,
2021-07-24,126706,18337,108131,,19410924,10640281,1938603,17403356,8701678,
2021-07-25,103656,14870,88655,,19514580,10654927,1864775,17580304,8790152,
2021-07-26,66697,9892,56710,,19581277,10664601,1817920,17693362,8846681,
2021-07-27,92393,15322,76909,,19673670,10679662,1756289,17846746,8923373,
2021-07-28,93955,16474,77410,,19767625,10695901,1695309,18001184,9000592,
2021-07-29,89406,16707,72537,,19857031,10712376,1639435,18145882,9072941,
2021-07-30,84072,16105,67851,,19941103,10728253,1587649,18281208,9140604,
2021-07-31,83873,15735,67991,,20024976,10743770,1535365,18416810,9208405,
2021-08-01,61883,11324,50373,,20086859,10754868,1496281,18517174,9258587,
2021-08-02,42497,7420,34956,,20129356,10762090,1468713,18586754,9293377,
2021-08-03,33302,5960,27168,,20162658,10767817,1447482,18640670,9320335,
2021-08-04,61330,12377,48762,,20223988,10779959,1411060,18737798,9368899,
2021-08-05,59465,12553,46759,,20283453,10792304,1376810,18830988,9415494,
2021-08-06,56030,11859,43954,,20339483,10803903,1344684,18918438,9459219,
2021-08-07,62383,12137,50051,,20401866,10815779,1306727,19018104,9509052,
2021-08-08,48702,9279,39231,,20450568,10824830,1276752,19096156,9548078,
2021-08-09,30863,5940,24745,,20481431,10830556,1257920,19145272,9572636,
2021-08-10,49272,10518,38451,,20530703,10840794,1229953,19221682,9610841,
2021-08-11,48730,10768,37711,,20579433,10851315,1202979,19296672,9648336,
2021-08-12,49263,11206,37824,,20628696,10862270,1176319,19371902,9685951,
2021-08-13,49641,11737,37629,,20678337,10873766,1150397,19446738,9723369,
2021-08-14,51229,12139,38880,,20729566,10885655,1123630,19524050,9762025,
2021-08-15,41776,9856,31695,,20771342,10895309,1101761,19587096,9793548,
2021-08-16,26744,6189,20405,,20798086,10901275,1087519,19627512,9813756,
2021-08-17,40513,11061,29184,,20838599,10912086,1069372,19685428,9842714,
2021-08-18,41903,11975,29685,,20880502,10923819,1051630,19744378,9872189,
2021-08-19,45905,16541,29100,,20926407,10940109,1039043,19802132,9901066,
2021-08-20,46458,16299,29746,,20972865,10956152,1025569,19861166,9930583,
2021-08-21,47963,15152,32443,,21020828,10971044,1008245,19925598,9962799,
2021-08-22,34403,10810,23320,,21055231,10981608,995711,19971794,9985897,
2021-08-23,23223,7005,16000,,21078454,10988378,986695,20003366,10001683,
2021-08-24,37655,13375,23822,,21116109,11001499,976225,20050548,10025274,
2021-08-25,41366,14427,26328,,21157475,11015670,964305,20102730,10051365,
2021-08-26,39278,13557,24979,,21196753,11028951,952848,20152206,10076103,
2021-08-27,37681,12946,23689,,21234434,11041656,942078,20199156,10099578,
2021-08-28,40130,13426,25525,,21274564,11054803,929955,20249696,10124848,
2021-08-29,30565,10257,19947,,21305129,11064828,920246,20289164,10144582,
2021-08-30,18240,6141,11847,,21323369,11070721,914511,20312420,10156210,
2021-08-31,32718,11940,19624,,21356087,11082393,906799,20351188,10175594,
2021-09-01,36256,12950,21961,,21392343,11095110,897772,20394676,10197338,
2021-09-02,37788,15648,19673,,21430131,11110506,893722,20433568,10216784,
2021-09-03,46895,21099,22445,,21477026,11131356,892357,20477998,10238999,
2021-09-04,46885,20590,24779,,21523911,11151700,888145,20527110,10263555,
2021-09-05,33083,14208,18581,,21556994,11165664,883752,20563824,10281912,
2021-09-06,21721,9491,12038,,21578715,11174906,881188,20587436,10293718,
2021-09-07,15015,6728,8101,,21593730,11181377,879798,20603158,10301579,
2021-09-08,41152,17116,20938,,21634882,11198229,875958,20644542,10322271,
2021-09-09,41457,16980,19681,,21676339,11214932,873232,20683400,10341700,
2021-09-10,39661,15513,19013,,21716000,11230182,869714,20720936,10360468,
2021-09-11,42387,15936,23340,,21758387,11245839,862289,20767100,10383550,
2021-09-12,29974,11534,17872,,21788361,11257079,855921,20802316,10401158,
2021-09-13,16092,6406,9188,,21804453,11263251,853124,20820254,10410127,
2021-09-14,29915,11563,15295,,21834368,11274512,849365,20850294,10425147,
2021-09-15,39286,14025,19426,,21873654,11288277,843948,20888658,10444329,
2021-09-16,39353,13988,19250,,21913007,11302030,838663,20926734,10463367,
2021-09-17,38938,13613,19344,,21951945,11315400,832920,20964960,10482480,
2021-09-18,41261,14088,23549,,21993206,11329215,823438,21011554,10505777,
2021-09-19,30666,10829,18987,,22023872,11339785,815267,21049036,10524518,
2021-09-20,16734,6099,10177,,22040606,11345630,811166,21068928,10534464,
2021-09-21,31368,11217,16996,,22071974,11356582,805371,21102422,10551211,
2021-09-22,41819,14818,22930,,22113793,11371104,797238,21147732,10573866,
2021-09-23,47235,16138,26035,,22161028,11386977,787322,21199310,10599655,
2021-09-24,46319,15637,26658,,22207347,11402354,776282,21252144,10626072,
2021-09-25,48204,15258,29951,,22255551,11417359,761570,21311578,10655789,
2021-09-26,37517,12425,24497,,22293068,11429509,749477,21360064,10680032,
2021-09-27,19161,6531,12323,,22312229,11435786,743669,21384234,10692117,
2021-09-28,30962,11295,17884,,22343191,11446822,737068,21419508,10709754,
2021-09-29,37893,12477,21730,,22381084,11459028,727795,21462466,10731233,
2021-09-30,37349,11656,21376,,22418433,11470425,718056,21504738,10752369,
2021-10-01,30884,9811,18416,,22449317,11480010,709438,21541144,10770572,
2021-10-02,37144,11160,23591,,22486461,11490900,696989,21587822,10793911,
2021-10-03,27209,8165,18325,,22513670,11498824,686816,21624016,10812008,
2021-10-04,14869,4747,9803,,22528539,11503324,681742,21643164,10821582,
2021-10-05,26838,8599,15879,,22555377,11511662,674447,21674430,10837215,
2021-10-06,31672,9639,18517,,22587049,11521042,665561,21710962,10855481,
2021-10-07,30355,9400,17122,,22617404,11530191,657826,21744730,10872365,
2021-10-08,32846,10745,18855,,22650250,11540665,649702,21781926,10890963,
2021-10-09,34149,10668,21019,,22684399,11551070,639337,21823466,10911733,
2021-10-10,23419,7661,15091,,22707818,11558480,631895,21853170,10926585,
2021-10-11,12004,3839,7866,,22719822,11562069,627852,21868434,10934217,
2021-10-12,5118,1628,3273,,22724940,11563419,626192,21874454,10937227,
2021-10-13,29120,9192,18096,,22754060,11572321,617272,21910098,10955049,
2021-10-14,29022,8905,17752,,22783082,11580950,608415,21945070,10972535,
2021-10-15,29106,8832,18174,,22812188,11589519,599060,21980918,10990459,
2021-10-16,31144,8988,19873,,22843332,11598216,588163,22020106,11010053,
2021-10-17,23719,7264,15383,,22867051,11605226,580031,22050390,11025195,
2021-10-18,12310,3747,8150,,22879361,11608692,575616,22066152,11033076,
2021-10-19,21285,6631,12641,,22900646,11615040,569593,22090894,11045447,
2021-10-20,25676,7541,14926,,22926322,11622334,562195,22120278,11060139,
2021-10-21,23184,6684,13034,,22949506,11628749,555834,22145830,11072915,
2021-10-22,26132,7316,15121,,22975638,11635742,548013,22175458,11087729,
2021-10-23,28191,7606,17164,,23003829,11643086,538448,22209276,11104638,
2021-10-24,19355,5729,12604,,23023184,11648559,531561,22233996,11116998,
2021-10-25,9932,2710,6477,,23033116,11651000,527786,22246428,11123214,
2021-10-26,18926,5393,11106,,23052042,11656115,522064,22268102,11134051,
2021-10-27,22863,6081,13218,,23074905,11661941,514913,22294056,11147028,
2021-10-28,22309,5791,12648,,23097214,11667444,508045,22318798,11159399,
2021-10-29,22819,5733,13053,,23120033,11672875,500710,22344330,11172165,
2021-10-30,24122,6047,14620,,23144155,11678650,492125,22373050,11186525,
2021-10-31,16489,4596,10606,,23160644,11682952,486110,22393684,11196842,
2021-11-01,7872,2081,5056,,23168516,11684753,483122,22403262,11201631,
2021-11-02,15629,4364,7748,,23184145,11688828,479727,22418202,11209101,
2021-11-03,18635,5070,9607,,23202780,11693595,475180,22436830,11218415,
2021-11-04,19510,4875,10035,,23222290,11698194,470005,22456378,11228189,
2021-11-05,21474,4405,9525,,23243764,11702310,464871,22474878,11237439,
2021-11-06,25340,5209,12156,,23269104,11707250,457907,22498686,11249343,
2021-11-07,21455,4025,8926,,23290559,11710994,452994,22516000,11258000,
2021-11-08,11992,2111,4732,,23302551,11712810,450357,22524906,11262453,
2021-11-09,24133,3853,7654,,23326684,11716342,446546,22539592,11269796,
2021-11-10,28479,4508,8997,,23355163,11720574,442043,22557062,11278531,
2021-11-11,28769,4310,9101,,23383932,11724587,437243,22574688,11287344,
2021-11-12,26750,4166,8244,,23410682,11728462,433151,22590622,11295311,
2021-11-13,34319,5081,11416,,23445001,11733237,426807,22612860,11306430,
2021-11-14,23226,3900,8610,,23468227,11736874,422090,22629568,11314784,
2021-11-15,12702,2185,4495,,23480929,11738799,419772,22638054,11319027,
2021-11-16,26185,3934,7486,,23507114,11742477,416216,22652522,11326261,
2021-11-17,31176,4046,7826,,23538290,11746241,412426,22667630,11333815,
2021-11-18,32511,3868,7531,,23570801,11749803,408749,22682108,11341054,
2021-11-19,35483,3865,7759,,23606284,11753367,404843,22697048,11348524,
2021-11-20,40119,4382,8822,,23646403,11757468,400394,22714148,11357074,
2021-11-21,28127,3439,6952,,23674530,11760645,396867,22727556,11363778,
2021-11-22,14900,1951,3894,,23689430,11762319,394918,22734802,11367401,
2021-11-23,33057,3278,6011,,23722487,11765317,392177,22746280,11373140,
2021-11-24,42669,3762,6809,,23765156,11768775,389119,22759312,11379656,
2021-11-25,46048,3934,6577,,23811204,11772434,386473,22771922,11385961,
2021-11-26,52869,11348,6617,,23864073,11783511,391197,22784628,11392314,
2021-11-27,63525,22356,7041,,23927598,11805586,406502,22798168,11399084,
2021-11-28,51462,27742,5318,,23979060,11833035,428914,22808242,11404121,
2021-11-29,33528,18933,2883,,24012588,11851707,444953,22813508,11406754,
2021-11-30,56047,20687,5138,,24068635,11872113,460492,22823242,11411621,
2021-12-01,69543,26243,5639,,24138178,11898050,481082,22833936,11416968,
2021-12-02,71639,26489,5040,,24209817,11924241,502518,22843446,11421723,
2021-12-03,73428,25096,5172,,24283245,11949041,522436,22853210,11426605,
2021-12-04,81164,27784,6078,47282,24364409,11976532,544133,,11432399,807737
2021-12-05,62638,31932,4415,26269,24427047,12008169,571642,,11436527,833902
2021-12-06,38629,19144,2713,16757,24465676,12027024,588066,,11438958,850581
2021-12-07,60297,14852,4483,40948,24525973,12041604,598425,,11443179,891455
2021-12-08,73454,19056,4682,49713,24599427,12060383,612789,,11447594,941090
2021-12-09,74508,18275,4347,51866,24673935,12078349,626709,,11451640,992871
2021-12-10,77509,17589,4659,55250,24751444,12095657,639634,,11456023,1048040
2021-12-11,83195,20406,5838,56939,24834639,12115774,654188,,11461586,1104893
2021-12-12,60762,22699,4160,33860,24895401,12138193,672721,,11465472,1138664
2021-12-13,34939,11603,2413,20900,24930340,12149499,681901,,11467598,1159469
2021-12-14,101989,9002,3876,89067,25032329,12158190,687012,,11471178,1248416
2021-12-15,127704,12429,4515,110722,25160033,12170315,694916,,11475399,1359038
2021-12-16,139371,12468,4256,122631,25299404,12182497,703118,,11479379,1481570
2021-12-17,159184,12404,4526,142232,25458588,12194626,710987,,11483639,1623705
2021-12-18,175593,13523,4926,157098,25634181,12207855,719572,,11488283,1780708
2021-12-19,140445,18160,3935,118313,25774626,12225714,733789,,11491925,1898910
2021-12-20,106825,10305,2747,93726,25881451,12235751,741337,,11494414,1992538
2021-12-21,215403,12967,4323,198091,26096854,12248402,749974,,11498428,2190508
2021-12-22,237265,14427,5204,217751,26334119,12262529,759183,,11503346,2408141
2021-12-23,257786,11731,5091,240866,26591905,12273955,765817,,11508138,2648901
2021-12-24,223640,9465,4576,209532,26815545,12283123,770702,,11512421,2858317
2021-12-25,89734,3889,2513,83344,26905279,12286737,772073,,11514664,2941554
2021-12-26,11900,388,360,11142,26917179,12286833,772093,,11514740,2952566
2021-12-27,46945,1491,1116,44307,26964124,12288079,772461,,11515618,2996753
2021-12-28,144790,6100,4012,134615,27108914,12293885,774538,,11519347,3131237
2021-12-29,175476,9377,4586,161443,27284390,12302966,779325,,11523641,3292552
2021-12-30,200074,10135,5352,184545,27484464,12312798,784093,,11528705,3476963
2021-12-31,195219,10009,5808,179149,27679683,12322518,788285,,11534233,3655986
2022-01-01,96958,5384,3883,87364,27776641,12327593,789778,,11537815,3743201
2022-01-02,19451,943,930,17448,27796092,12328245,789782,,11538463,3760503
2022-01-03,88258,4773,4593,78811,27884350,12332708,789954,,11542754,3839161
2022-01-04,146377,6003,5319,135015,28030727,12338383,790625,,11547758,3974020
2022-01-05,177521,7635,7298,162414,28208248,12345664,790951,,11554713,4136274
2022-01-06,191549,7214,6790,177018,28399797,12352559,791364,,11561195,4313137
2022-01-07,191309,7969,7007,175519,28591106,12360184,792314,,11567870,4488483
2022-01-08,181690,8630,6643,165228,28772796,12368482,794288,,11574194,4653555
2022-01-09,131107,9868,7187,113959,28903903,12378028,796964,,11581064,4767354
2022-01-10,90563,5108,4489,80835,28994466,12382813,797573,,11585240,4848036
2022-01-11,138907,6163,6584,125454,29133373,12388629,797139,,11591490,4973300
2022-01-12,157045,8167,8060,138695,29290418,12396467,797241,,11599226,5111827
2022-01-13,162693,9216,9218,141549,29453111,12405321,797225,,11608096,5253193
2022-01-14,159903,10756,10386,136069,29613014,12415715,797590,,11618125,5389064
2022-01-15,161215,11014,11677,135890,29774229,12426357,796916,,11629441,5524761
2022-01-16,109791,9294,9678,89457,29884020,12435289,796525,,11638764,5614000
2022-01-17,65789,5939,6567,52642,29949809,12440892,795887,,11645005,5666457
2022-01-18,36124,2006,2138,31157,29985933,12442543,795744,,11646799,5697418
2022-01-19,101331,5586,6723,85962,30087264,12447729,794589,,11653140,5783153
2022-01-20,103613,6327,7008,85740,30190877,12453672,793900,,11659772,5868670
2022-01-21,102120,6235,8060,82513,30292997,12459503,792061,,11667442,5950955
2022-01-22,102594,8719,12076,78120,30395591,12467833,788697,,11679136,6028847
2022-01-23,76707,7308,14000,54800,30472298,12474798,781998,,11692800,6083425
2022-01-24,42268,3198,7935,30746,30514566,12477632,777243,,11700389,6113964
2022-01-25,62575,3759,8374,48121,30577141,12481011,772613,,11708398,6161866
2022-01-26,77895,4919,13172,55693,30655036,12485553,764355,,11721198,6217317
2022-01-27,78085,4898,13246,56055,30733121,12490079,755997,,11734082,6273135
2022-01-28,77294,4676,13677,53902,30810415,12494397,746983,,11747414,6326818
2022-01-29,84829,5531,17717,58118,30895244,12499564,734790,,11764774,6384691
2022-01-30,66514,5025,20632,40160,30961758,12504247,719169,,11785078,6424626
2022-01-31,34756,2178,9888,22351,30996514,12506106,711450,,11794656,6446788
2022-02-01,51355,3266,9665,36529,31047869,12509019,705041,,11803978,6483092
2022-02-02,57720,3850,12402,38681,31105589,12512538,696474,,11816064,6521573
2022-02-03,52587,3611,11513,34302,31158176,12515772,688560,,11827212,6555624
2022-02-04,43100,2946,10567,27286,31201276,12518407,680929,,11837478,6582716
2022-02-05,58732,3748,14474,37566,31260008,12521823,670191,,11851632,6620069
2022-02-06,49868,3643,16120,29574,31309876,12525143,657709,,11867434,6649419
2022-02-07,23243,1692,7812,13447,31333119,12526509,651576,,11874933,6662642
2022-02-08,33407,2360,7256,21973,31366526,12528539,646673,,11881866,6684382
2022-02-09,38891,2785,8923,24411,31405417,12530965,640529,,11890436,6708541
2022-02-10,37544,2765,8838,22555,31442961,12533393,634452,,11898941,6730865
2022-02-11,39454,2725,10296,23007,31482415,12535771,626871,,11908900,6753634
2022-02-12,42056,2959,11458,25321,31524471,12538396,618361,,11920035,6778731
2022-02-13,36329,2802,13148,19943,31560800,12540911,608012,,11932899,6798476
2022-02-14,16985,1176,6124,9475,31577785,12541812,603056,,11938756,6807751
2022-02-15,19370,1389,4758,11880,31597155,12542877,599677,,11943200,6819404
2022-02-16,26032,1767,7739,14949,31623187,12544347,593701,,11950646,6834152
2022-02-17,26771,1684,7527,14986,31649958,12545676,587849,,11957827,6848883
2022-02-18,23952,1353,6614,13681,31673910,12546712,582576,,11964136,6862355
2022-02-19,37840,1904,8340,26055,31711750,12548284,576135,,11972149,6888168
2022-02-20,32581,1499,7964,22807,31744331,12549482,569662,,11979820,6910770
2022-02-21,17505,914,3679,12758,31761836,12550100,566888,,11983212,6923316
2022-02-22,9113,430,1555,6958,31770949,12550240,565758,,11984482,6930063
2022-02-23,25342,1327,4797,17298,31796291,12551257,562281,,11988976,6947125
2022-02-24,24579,1401,5233,15485,31820870,12552336,558444,,11993892,6962367
2022-02-25,23112,1397,5138,14509,31843982,12553439,554696,,11998743,6976650
2022-02-26,25238,1386,5911,16560,31869220,12554515,550164,,12004351,6992984
2022-02-27,26962,1371,7372,17705,31896182,12555617,544152,,12011465,7010494
2022-02-28,10130,594,2531,6745,31906312,12555958,542207,,12013751,7017056
2022-03-01,13205,950,3152,8167,31919517,12556603,539995,,12016608,7025006
2022-03-02,15419,1164,3578,9620,31934936,12557505,537574,,12019931,7034448
2022-03-03,14304,1080,3228,8689,31949240,12558273,535418,,12022855,7042906
2022-03-04,14480,993,3446,8318,31963720,12558945,532961,,12025984,7050971
2022-03-05,18538,1278,4998,11186,31982258,12559913,529230,,12030683,7061933
2022-03-06,16521,1089,5526,9608,31998779,12560721,524787,,12035934,7071334
2022-03-07,5951,469,1862,3509,32004730,12560905,523387,,12037518,7074626
2022-03-08,7369,701,1944,4159,32012099,12561328,522137,,12039191,7078586
2022-03-09,11177,908,2739,6407,32023276,12561960,520300,,12041660,7084791
2022-03-10,12769,1046,3258,6842,32036045,12562729,518081,,12044648,7091420
2022-03-11,12894,905,3410,6867,32048939,12563345,515568,,12047777,7098071
2022-03-12,14693,1049,4190,8310,32063632,12564122,512424,,12051698,7106177
2022-03-13,14752,1091,4999,8336,32078384,12564922,508512,,12056410,7114276
2022-03-14,6335,450,2230,3499,32084719,12565101,506729,,12058372,7117561
2022-03-15,10200,793,2625,5974,32094919,12565604,504885,,12060719,7123321
2022-03-16,13069,935,3669,6954,32107988,12566249,502148,,12064101,7130044
2022-03-17,13201,1050,3964,6759,32121189,12567011,499227,,12067784,7136583
2022-03-18,11909,915,3147,6433,32133098,12567623,496985,,12070638,7142792
2022-03-19,14444,1005,4163,7903,32147542,12568348,493825,,12074523,7150476
2022-03-20,11753,992,3960,6373,32159295,12569069,490852,,12078217,7156641
2022-03-21,5059,415,1589,2814,32164354,12569225,489674,,12079551,7159252
2022-03-22,6717,552,1559,3894,32171071,12569489,488661,,12080828,7162930
2022-03-23,9973,787,2300,5195,32181044,12569960,487145,,12082815,7167884
2022-03-24,9298,723,2377,4614,32190342,12570419,485482,,12084937,7172294
2022-03-25,9233,782,2158,4754,32199575,12570938,484098,,12086840,7176836
2022-03-26,10931,937,2837,5506,32210506,12571598,482196,,12089402,7182123
2022-03-27,10228,911,3539,5301,32220734,12572249,479564,,12092685,7187213
2022-03-28,3584,322,1109,1987,32224318,12572330,478774,,12093556,7189005
2022-03-29,5352,500,1217,2692,32229670,12572545,478051,,12094494,7191475
2022-03-30,7858,748,1839,4124,32237528,12573014,476955,,12096059,7195374
2022-03-31,8656,689,1926,4415,32246184,12573414,475712,,12097702,7199567
2022-04-01,9315,802,1917,4889,32255499,12573924,474588,,12099336,7204217
2022-04-02,10447,886,2215,5573,32265946,12574523,473247,,12101276,7209573
2022-04-03,9212,880,2569,5067,32275158,12575146,471552,,12103594,7214438
2022-04-04,4204,388,1006,2407,32279362,12575272,470931,,12104341,7216641
2022-04-05,6082,601,1037,3054,32285444,12575533,470489,,12105044,7219420
2022-04-06,8382,715,1479,4384,32293826,12575957,469720,,12106237,7223577
2022-04-07,10349,733,1688,4837,32304175,12576390,468760,,12107630,7228171
2022-04-08,23998,812,1584,4837,32328173,12576924,467982,,12108942,7232792
2022-04-09,30499,970,1975,5894,32358672,12577596,466968,,12110628,7238463
2022-04-10,24870,976,2393,5336,32383542,12578313,465545,,12112768,7243597
2022-04-11,12575,386,877,2432,32396117,12578449,465050,,12113399,7245827
2022-04-12,28134,693,1021,3537,32424251,12578838,464715,,12114123,7249131
2022-04-13,37786,853,1562,4928,32462037,12579392,464002,,12115390,7253829
2022-04-14,37907,761,1618,4915,32499944,12579840,463142,,12116698,7258491
2022-04-15,43405,1234,2104,6726,32543349,12580776,462268,,12118508,7264980
2022-04-16,8095,357,650,1741,32551444,12580873,461973,,12118900,7266505
2022-04-17,21027,871,1925,4319,32572471,12581460,460912,,12120548,7270601
2022-04-18,5463,306,463,1290,32577934,12581479,460750,,12120729,7271650
2022-04-19,22658,615,774,3103,32600592,12581811,460582,,12121229,7274533
2022-04-20,40344,1063,1402,4620,32640936,12582548,460240,,12122308,7278889
2022-04-21,38757,943,1600,4683,32679693,12583195,459574,,12123621,7283338
2022-04-22,35639,1017,1437,4270,32715332,12583940,459147,,12124793,7287390
2022-04-23,34659,1005,1740,4714,32749991,12584661,458409,,12126252,7291865
2022-04-24,20817,1021,1890,3777,32770808,12585432,457537,,12127895,7295448
2022-04-25,8299,453,691,1707,32779107,12585616,457298,,12128318,7296939
2022-04-26,24624,733,948,3145,32803731,12586057,457077,,12128980,7299847
2022-04-27,33605,956,1370,3939,32837336,12586736,456655,,12130081,7303568
2022-04-28,32845,929,1420,3931,32870181,12587392,456155,,12131237,7307276
2022-04-29,32063,1098,1380,3909,32902244,12588192,455866,,12132326,7310956
2022-04-30,30291,925,1538,4025,32932535,12588819,455246,,12133573,7314745
2022-05-01,16757,770,1581,2970,32949292,12589291,454430,,12134861,7317471
2022-05-02,5936,309,526,1098,32955228,12589304,454209,,12135095,7318342
2022-05-03,20932,588,834,2347,32976160,12589587,453957,,12135630,7320450
2022-05-04,29418,800,1093,3290,33005578,12590077,453659,,12136418,7323491
2022-05-05,29101,872,1166,3125,33034679,12590636,453355,,12137281,7326371
2022-05-06,29101,1147,1287,2987,33063780,12591495,453210,,12138285,7329131
2022-05-07,28493,870,1266,3113,33092273,12592075,452809,,12139266,7332020
2022-05-08,16001,895,1309,2323,33108274,12592713,452393,,12140320,7334142
2022-05-09,5897,293,474,943,33114171,12592739,452205,,12140534,7334875
2022-05-10,21232,698,724,2120,33135403,12593119,452172,,12140947,7336735
2022-05-11,28955,837,1087,2656,33164358,12593624,451918,,12141706,7339120
2022-05-12,28244,799,1086,2515,33192602,12594126,451627,,12142499,7341394
2022-05-13,27598,878,1119,2469,33220200,12594693,451381,,12143312,7343606
2022-05-14,25694,807,1100,2610,33245894,12595186,451081,,12144105,7345962
2022-05-15,14851,751,1276,2058,33260745,12595665,450549,,12145116,7347801
2022-05-16,6387,326,533,1048,33267132,12595753,450338,,12145415,7348662
2022-05-17,19607,590,781,1743,33286739,12596027,450140,,12145887,7350156
2022-05-18,26548,877,1101,2277,33313287,12596639,449911,,12146728,7352217
2022-05-19,24447,684,1159,2164,33337734,12597056,449429,,12147627,7354164
2022-05-20,24271,801,1140,2218,33362005,12597586,449086,,12148500,7356162
2022-05-21,22407,692,1168,2351,33384412,12597968,448601,,12149367,7358270
2022-05-22,10561,549,891,1489,33394973,12598256,448254,,12150002,7359542
2022-05-23,4574,242,465,793,33399547,12598238,448029,,12150209,7360126
2022-05-24,2629,120,182,442,33402176,12598102,447965,,12150137,7360357
2022-05-25,19369,656,949,1954,33421545,12598491,447662,,12150829,7362100
2022-05-26,20650,664,951,1913,33442195,12598881,447369,,12151512,7363790
2022-05-27,21766,818,1062,2078,33463961,12599411,447122,,12152289,7365635
2022-05-28,19418,722,1167,2152,33483379,12599862,446674,,12153188,7367572
2022-05-29,12113,760,1283,1726,33495492,12600387,446144,,12154243,7369106
2022-05-30,4580,311,550,751,33500072,12600452,445902,,12154550,7369659
2022-05-31,13553,573,754,1667,33513625,12600723,445715,,12155008,7371086
2022-06-01,16616,704,974,1879,33530241,12601125,445443,,12155682,7372712
2022-06-02,14613,558,869,1678,33544854,12601371,445125,,12156246,7374149
2022-06-03,16112,699,1096,1818,33560966,12601790,444722,,12157068,7375747
2022-06-04,13325,647,1166,1845,33574291,12602179,444198,,12157981,7377390
2022-06-05,7870,587,1113,1432,33582161,12602517,443668,,12158849,7378630
2022-06-06,3295,207,446,641,33585456,12602475,443426,,12159049,7379069
2022-06-07,11225,476,728,1372,33596681,12602651,443169,,12159482,7380197
2022-06-08,14070,668,1013,1612,33610751,12603058,442819,,12160239,7381589
2022-06-09,13382,663,927,1676,33624133,12603433,442550,,12160883,7383033
2022-06-10,13856,686,1069,1698,33637989,12603832,442158,,12161674,7384501
2022-06-11,12986,616,1031,1846,33650975,12604162,441741,,12162421,7386124
2022-06-12,8098,643,1236,1504,33659073,12604547,441144,,12163403,7387421
2022-06-13,3190,284,422,713,33662263,12604563,441001,,12163562,7387924
2022-06-14,10131,512,666,1265,33672394,12604786,440841,,12163945,7388951
2022-06-15,13513,474,833,1622,33685907,12604964,440480,,12164484,7390335
2022-06-16,12552,497,858,1619,33698459,12605154,440113,,12165041,7391707
2022-06-17,11694,479,819,1653,33710153,12605346,439766,,12165580,7393124
2022-06-18,11455,437,876,1861,33721608,12605512,439324,,12166188,7394761
2022-06-19,7005,484,899,1420,33728613,12605743,438908,,12166835,7395966
2022-06-20,2287,147,301,643,33730900,12605666,438748,,12166918,7396439
2022-06-21,9547,358,616,1386,33740447,12605737,438485,,12167252,7397577
2022-06-22,13616,407,728,1705,33754063,12605872,438157,,12167715,7399057
2022-06-23,13705,402,775,1683,33767768,12606007,437781,,12168226,7400526
2022-06-24,15367,436,812,1675,33783135,12606183,437401,,12168782,7401986
2022-06-25,14473,427,852,1714,33797608,12606348,436965,,12169383,7403490
2022-06-26,8159,432,886,1280,33805767,12606518,436504,,12170014,7404553
2022-06-27,3213,171,365,594,33808980,12606440,436306,,12170134,7404940
2022-06-28,9621,370,559,1226,33818601,12606524,436113,,12170411,7405933
2022-06-29,13321,415,731,1633,33831922,12606649,435795,,12170854,7407326
2022-06-30,12234,482,848,1581,33844156,12606846,435427,,12171419,7408673
2022-07-01,13041,549,972,1949,33857197,12607137,434999,,12172138,7410416
2022-07-02,1619,111,117,366,33858816,12606972,434991,,12171981,7410550
2022-07-03,5165,260,494,962,33863981,12606974,434748,,12172226,7411296
2022-07-04,2758,132,279,615,33866739,12606859,434600,,12172259,7411714
2022-07-05,11147,372,600,1576,33877886,12606933,434364,,12172569,7413042
2022-07-06,15962,549,860,2010,33893848,12607186,434047,,12173139,7414809
2022-07-07,15670,521,832,1927,33909518,12607418,433735,,12173683,7416483
2022-07-08,17889,555,870,2246,33927407,12607668,433419,,12174249,7418480
2022-07-09,14152,451,597,1851,33941559,12607840,433272,,12174568,7420093
2022-07-10,8751,475,755,1505,33950310,12608065,432991,,12175074,7421390
2022-07-11,4094,199,331,871,33954404,12607998,432856,,12175142,7422040
2022-07-12,12111,410,525,1659,33966515,12608109,432736,,12175373,7423445
2022-07-13,16721,564,773,2144,33983236,12608375,432521,,12175854,7425344
2022-07-14,16861,483,675,2024,34000097,12608552,432318,,12176234,7427128
2022-07-15,28903,598,824,2187,34029000,12608850,432091,,12176759,7429074
2022-07-16,30302,586,774,2328,34059302,12609121,431894,,12177227,7431149
2022-07-17,22937,538,636,1895,34082239,12609420,431793,,12177627,7432848
2022-07-18,11398,189,255,857,34093637,12609341,431722,,12177619,7433483
2022-07-19,28961,593,592,2138,34122598,12609658,431720,,12177938,7435389
2022-07-20,37647,839,924,2598,34160245,12610216,431630,,12178586,7437748
2022-07-21,36361,734,812,2810,34196606,12610661,431545,,12179116,7440316
2022-07-22,35808,824,894,2688,34232414,12611195,431468,,12179727,7442766
2022-07-23,35157,821,913,2837,34267571,12611701,431368,,12180333,7445347
2022-07-24,21740,599,804,1779,34289311,12612037,431160,,12180877,7446901
2022-07-25,11939,308,311,1082,34301250,12612059,431152,,12180907,7447751
2022-07-26,26099,621,605,2215,34327349,12612395,431167,,12181228,7449722
2022-07-27,32478,808,849,2653,34359827,12612944,431124,,12181820,7452163
2022-07-28,31547,724,884,2612,34391374,12613370,430960,,12182410,7454523
2022-07-29,29999,1790,876,2648,34421373,12614867,431870,,12182997,7456920
2022-07-30,25839,2525,747,2440,34447212,12617110,433646,,12183464,7459126
2022-07-31,14319,1067,541,1571,34461531,12617907,434168,,12183739,7460468
2022-08-01,5917,337,223,684,34467448,12617984,434280,,12183704,7460929
2022-08-02,4488,306,138,607,34471936,12618019,434444,,12183575,7461313
2022-08-03,22947,2640,739,2242,34494883,12620382,436341,,12184041,7463319
2022-08-04,22238,2481,681,2135,34517121,12622535,438135,,12184400,7465190
2022-08-05,21800,2755,747,2071,34538921,12625008,440135,,12184873,7467032
2022-08-06,19651,2875,657,1999,34558572,12627571,442347,,12185224,7468772
2022-08-07,12709,2236,621,1423,34571281,12629532,443956,,12185576,7469977
2022-08-08,4766,570,188,603,34576047,12629813,444331,,12185482,7470342
2022-08-09,14020,1467,560,1597,34590067,12630991,445232,,12185759,7471697
2022-08-10,19133,2364,716,1996,34609200,12633080,446878,,12186202,7473463
2022-08-11,17083,2041,718,1860,34626283,12634845,448199,,12186646,7475090
2022-08-12,16986,2048,735,1852,34643269,12636604,449511,,12187093,7476713
2022-08-13,15956,2223,766,1809,34659225,12638540,450966,,12187574,7478279
2022-08-14,9531,1621,619,1087,34668756,12639871,451964,,12187907,7479130
2022-08-15,3875,388,271,481,34672631,12640003,452078,,12187925,7479401
2022-08-16,10810,1075,516,1356,34683441,12640776,452635,,12188141,7480505
2022-08-17,16105,1834,739,1785,34699546,12642321,453729,,12188592,7482053
2022-08-18,14936,1640,751,1697,34714482,12643636,454614,,12189022,7483478
2022-08-19,15319,1847,749,1552,34729801,12645204,455708,,12189496,7484796
2022-08-20,14286,1640,740,1547,34744087,12646552,456602,,12189950,7486104
2022-08-21,9907,1533,660,1165,34753994,12647820,457471,,12190349,7487052
2022-08-22,4166,481,271,563,34758160,12647996,457678,,12190318,7487355
2022-08-23,11141,1248,556,1500,34769301,12648935,458366,,12190569,7488602
2022-08-24,14763,1808,871,2188,34784064,12650471,459303,,12191168,7490558
2022-08-25,14028,1716,780,2123,34798092,12651897,460232,,12191665,7492434
2022-08-26,13929,1687,816,2094,34812021,12653286,461096,,12192190,7494278
2022-08-27,12420,1487,878,2001,34824441,12654445,461699,,12192746,7496012
2022-08-28,7926,1259,622,1398,34832367,12655442,462334,,12193108,7497189
2022-08-29,3400,502,286,684,34835767,12655662,462545,,12193117,7497638
2022-08-30,9908,1169,652,1855,34845675,12656473,463056,,12193417,7499190
2022-08-31,13515,1626,946,2315,34859190,12657805,463732,,12194073,7501259
2022-09-01,12908,1720,913,2143,34872098,12659229,464534,,12194695,7503156
2022-09-02,15045,1616,991,4917,34887143,12660569,465151,,12195418,7507846
2022-09-03,14721,1525,924,5517,34901864,12661807,465749,,12196058,7513126
2022-09-04,8667,1009,676,3237,34910531,12662549,466072,,12196477,7516141
2022-09-05,3556,321,229,1387,34914087,12662603,466161,,12196442,7517305
2022-09-06,2469,157,116,1132,34916556,12662503,466199,,12196304,7518227
2022-09-07,10927,1019,587,3493,34927483,12663222,466627,,12196595,7521467
2022-09-08,10871,1022,527,2791,34938354,12663915,467119,,12196796,7523981
2022-09-09,9583,1011,488,2504,34947937,12664637,467637,,12197000,7526248
2022-09-10,10636,1264,552,3168,34958573,12665621,468342,,12197279,7529180
2022-09-11,9412,980,667,3739,34967985,12666350,468649,,12197701,7532708
2022-09-12,3128,295,205,1080,34971113,12666361,468732,,12197629,7533550
2022-09-13,6019,545,284,1132,34977132,12666616,468984,,12197632,7534436
2022-09-14,14482,797,434,1844,34991614,12667094,469343,,12197751,7536014
2022-09-15,15758,781,411,1533,35007372,12667554,469708,,12197846,7537275
2022-09-16,17760,766,448,1693,35025132,12668058,470020,,12198038,7538745
2022-09-17,17622,722,458,1669,35042754,12668474,470280,,12198194,7540158
2022-09-18,11214,773,451,1688,35053968,12668985,470600,,12198385,7541622
2022-09-19,4979,404,288,670,35058947,12669115,470711,,12198404,7542077
2022-09-20,13772,442,332,948,35072719,12669242,470819,,12198423,7542762
2022-09-21,23044,647,410,1500,35095763,12669577,471051,,12198526,7544005
2022-09-22,22918,636,398,1381,35118681,12669903,471283,,12198620,7545123
2022-09-23,22952,727,604,1418,35141633,12670326,471401,,12198925,7546283
2022-09-24,21691,737,689,1499,35163324,12670768,471445,,12199323,7547546
2022-09-25,11320,595,702,1357,35174644,12671080,471332,,12199748,7548665
2022-09-26,4564,192,219,594,35179208,12670980,471299,,12199681,7549014
2022-09-27,37653,497,365,1497,35216861,12671206,471427,,12199779,7550283
2022-09-28,50969,730,670,1902,35267830,12671667,471486,,12200181,7551959
2022-09-29,48010,637,741,1837,35315840,12671981,471374,,12200607,7553518
2022-09-30,47271,677,806,2003,35363111,12672330,471243,,12201087,7555239
2022-10-01,34455,527,633,1549,35397566,12672547,471135,,12201412,7556520
2022-10-02,24246,736,1028,1712,35421812,12672985,470840,,12202145,7557978
2022-10-03,10871,238,231,613,35432683,12672930,470843,,12202087,7558352
2022-10-04,32199,477,460,1170,35464882,12673085,470856,,12202229,7559243
2022-10-05,40440,632,741,1561,35505322,12673393,470740,,12202653,7560537
2022-10-06,38695,610,653,1567,35544017,12673698,470695,,12203003,7561842
2022-10-07,42243,661,852,1741,35586260,12674012,470496,,12203516,7563282
2022-10-08,37397,782,1145,2120,35623657,12674461,470127,,12204334,7565126
2022-10-09,18814,549,727,1556,35642471,12674731,469946,,12204785,7566443
2022-10-10,6865,168,370,565,35649336,12674599,469741,,12204858,7566746
2022-10-11,4994,124,111,318,35654330,12674427,469749,,12204678,7566825
2022-10-12,35118,579,685,1429,35689448,12674670,469641,,12205029,7567962
2022-10-13,36762,643,859,1620,35726210,12674944,469421,,12205523,7569271
2022-10-14,36977,621,753,1541,35763187,12675229,469285,,12205944,7570530
2022-10-15,35454,714,1013,1628,35798641,12675650,468983,,12206667,7571908
2022-10-16,20663,654,1024,1593,35819304,12676032,468607,,12207425,7573269
2022-10-17,7356,206,477,541,35826660,12675951,468334,,12207617,7573569
2022-10-18,36430,454,502,1402,35863090,12676083,468281,,12207802,7574697
2022-10-19,49903,618,730,1983,35912993,12676398,468165,,12208233,7576429
2022-10-20,51294,621,650,2050,35964287,12676703,468133,,12208570,7578212
2022-10-21,52852,695,619,1937,36017139,12677069,468203,,12208866,7579880
2022-10-22,50865,750,904,2311,36068004,12677486,468044,,12209442,7581914
2022-10-23,30641,571,786,2122,36098645,12677739,467822,,12209917,7583771
2022-10-24,14134,232,271,978,36112779,12677666,467778,,12209888,7584489
2022-10-25,41374,473,489,1820,36154153,12677785,467759,,12210026,7586008
2022-10-26,51658,615,660,2124,36205811,12678063,467710,,12210353,7587850
2022-10-27,50119,603,768,2164,36255930,12678336,467537,,12210799,7589740
2022-10-28,49806,591,675,2095,36305736,12678565,467448,,12211117,7591525
2022-10-29,50605,734,779,2222,36356341,12678946,467399,,12211547,7593443
2022-10-30,28404,662,930,2038,36384745,12679319,467127,,12212192,7595234
2022-10-31,12440,200,234,777,36397185,12679236,467090,,12212146,7595774
2022-11-01,33094,338,197,1220,36430279,12679227,467225,,12212002,7596701
2022-11-02,44291,574,625,1903,36474570,12679465,467170,,12212295,7598301
2022-11-03,44194,540,606,1856,36518764,12679673,467100,,12212573,7599869
2022-11-04,44647,648,528,2030,36563411,12680015,467213,,12212802,7601644
2022-11-05,45208,646,753,2368,36608619,12680357,467103,,12213254,7603743
2022-11-06,26020,558,771,2097,36634639,12680571,466887,,12213684,7605540
2022-11-07,10711,242,235,877,36645350,12680518,466891,,12213627,7606173
2022-11-08,33489,486,397,1587,36678839,12680711,466977,,12213734,7607513
2022-11-09,40529,605,571,1964,36719368,12680991,467009,,12213982,7609201
2022-11-10,39178,620,547,1929,36758546,12681288,467076,,12214212,7610852
2022-11-11,43349,636,642,2209,36801895,12681604,467069,,12214535,7612784
2022-11-12,36851,638,592,2185,36838746,12681915,467107,,12214808,7614684
2022-11-13,24269,558,770,2277,36863015,12682173,466889,,12215284,7616704
2022-11-14,10967,232,204,1024,36873982,12682107,466916,,12215191,7617468
2022-11-15,33630,483,380,1694,36907612,12682222,467013,,12215209,7618851
2022-11-16,43541,798,583,2370,36951153,12682714,467222,,12215492,7620964
2022-11-17,38341,674,647,2241,36989494,12683044,467245,,12215799,7622912
2022-11-18,40629,726,531,2332,37030123,12683420,467436,,12215984,7624941
2022-11-19,39659,1005,1031,3060,37069782,12684075,467403,,12216672,7627694
2022-11-20,22424,658,718,2445,37092206,12684449,467339,,12217110,7629905
2022-11-21,8921,196,193,967,37101127,12684377,467337,,12217040,7630662
2022-11-22,26440,481,369,1513,37127567,12684489,467444,,12217045,7631853
2022-11-23,32088,685,668,2069,37159655,12684837,467458,,12217379,7633638
2022-11-24,31913,663,752,2086,37191568,12685179,467367,,12217812,7635456
2022-11-25,30753,763,827,1953,37222321,12685625,467297,,12218328,7637142
2022-11-26,30292,908,1193,2698,37252613,12686187,467003,,12219184,7639544
2022-11-27,18676,608,943,2087,37271289,12686482,466662,,12219820,7641368
2022-11-28,7540,190,282,787,37278829,12686367,466562,,12219805,7641889
2022-11-29,21026,421,454,1292,37299855,12686452,466525,,12219927,7642898
2022-11-30,27892,643,649,1842,37327747,12686768,466517,,12220251,7644456
2022-12-01,24807,593,682,1692,37352554,12687026,466424,,12220602,7645857
2022-12-02,25058,523,630,1776,37377612,12687213,466311,,12220902,7647344
2022-12-03,25559,588,781,1945,37403171,12687470,466108,,12221362,7649018
2022-12-04,15252,494,606,1702,37418423,12687622,465990,,12221632,7650421
2022-12-05,6877,167,157,746,37425300,12687491,465995,,12221496,7650914
2022-12-06,20351,419,352,1379,37445651,12687535,466056,,12221479,7651977
2022-12-07,24784,553,610,1673,37470435,12687762,465991,,12221771,7653372
2022-12-08,23162,563,520,1766,37493597,12688001,466032,,12221969,7654855
2022-12-09,23330,636,575,1632,37516927,12688300,466089,,12222211,7656207
2022-12-10,22580,508,602,1631,37539507,12688482,465992,,12222490,7657555
2022-12-11,14205,548,786,1567,37553712,12688754,465751,,12223003,7658886
2022-12-12,5507,149,156,595,37559219,12688605,465739,,12222866,7659237
2022-12-13,17798,375,371,1125,37577017,12688651,465741,,12222910,7660083
2022-12-14,21325,511,547,1454,37598342,12688859,465699,,12223160,7661285
2022-12-15,21976,530,603,1579,37620318,12689038,465624,,12223414,7662562
2022-12-16,16292,378,451,1031,37636610,12689087,465548,,12223539,7663316
2022-12-17,18701,555,509,1277,37655311,12689313,465592,,12223721,7664304
2022-12-18,12643,530,794,1306,37667954,12689554,465327,,12224227,7665351
2022-12-19,4587,131,116,450,37672541,12689345,465338,,12224007,7665512
2022-12-20,16215,498,449,1110,37688756,12689519,465379,,12224140,7666351
2022-12-21,18476,541,552,1303,37707232,12689751,465364,,12224387,7667385
2022-12-22,18604,574,591,1747,37725836,12690021,465347,,12224674,7668868
2022-12-23,15654,577,602,1716,37741490,12690235,465317,,12224918,7670283
2022-12-24,5339,224,172,674,37746829,12690141,465368,,12224773,7670671
2022-12-25,2445,153,154,480,37749274,12689980,465357,,12224623,7670881
2022-12-26,262,12,7,48,37749536,12689688,465357,,12224331,7670672
2022-12-27,2099,98,37,307,37751635,12689493,465414,,12224079,7670737
2022-12-28,8321,337,168,975,37759956,12689511,465578,,12223933,7671436
2022-12-29,13166,583,529,1601,37773122,12689756,465628,,12224128,7672746
2022-12-30,15825,667,658,1881,37788947,12690108,465634,,12224474,7674346
2022-12-31,11238,459,389,1356,37800185,12690205,465700,,12224505,7675390
2023-01-01,3909,201,219,562,37804094,12690085,465681,,12224404,7675671
2023-01-02,652,36,14,97,37804746,12689830,465702,,12224128,7675517
2023-01-03,8197,297,151,902,37812943,12689837,465842,,12223995,7676174
2023-01-04,14723,574,547,1547,37827666,12690121,465863,,12224258,7677467
2023-01-05,16119,643,535,1796,37843785,12690457,465963,,12224494,7678996
2023-01-06,18836,715,613,2046,37862621,12690868,466062,,12224806,7680779
2023-01-07,18524,701,639,2057,37881145,12691283,466119,,12225164,7682587
2023-01-08,11612,580,608,1632,37892757,12691603,466088,,12225515,7683992
2023-01-09,5299,215,196,664,37898056,12691506,466104,,12225402,7684393
2023-01-10,12163,415,317,786,37910219,12691610,466200,,12225410,7684909
2023-01-11,15545,458,370,1096,37925764,12691741,466284,,12225457,7685729
2023-01-12,14084,444,409,973,37939848,12691872,466318,,12225554,7686435
2023-01-13,14175,419,344,1040,37954023,12692030,466390,,12225640,7687246
2023-01-14,13391,472,451,1079,37967414,12692189,466405,,12225784,7688051
2023-01-15,9046,459,508,1055,37976460,12692362,466355,,12226007,7688864
2023-01-16,3746,146,130,479,37980206,12692231,466371,,12225860,7689097
2023-01-17,8855,267,179,654,37989061,12692154,466455,,12225699,7689461
2023-01-18,10268,349,273,762,37999329,12692201,466528,,12225673,7689954
2023-01-19,10593,315,318,761,38009922,12692215,466520,,12225695,7690460
2023-01-20,9837,318,272,717,38019759,12692239,466564,,12225675,7690917
2023-01-21,11308,354,399,904,38031067,12692287,466518,,12225769,7691563
2023-01-22,7570,343,405,819,38038637,12692364,466453,,12225911,7692147
2023-01-23,3380,143,131,288,38042017,12692265,466464,,12225801,7692221
2023-01-24,8291,226,166,553,38050308,12692175,466522,,12225653,7692498
2023-01-25,10307,346,297,663,38060615,12692246,466567,,12225679,7692931
2023-01-26,6726,236,204,469,38067341,12692185,466596,,12225589,7693149
2023-01-27,6912,237,197,498,38074253,12692111,466633,,12225478,7693382
2023-01-28,9352,313,339,695,38083605,12692131,466602,,12225529,7693824
2023-01-29,5971,234,341,694,38089576,12692083,466490,,12225593,7694267
2023-01-30,1900,88,80,215,38091476,12691882,466496,,12225386,7694229
2023-01-31,5884,156,151,414,38097360,12691727,466498,,12225229,7694366
2023-02-01,7303,248,249,494,38104663,12691718,466494,,12225224,7694639
2023-02-02,6484,296,240,503,38111147,12691737,466547,,12225190,7694917
2023-02-03,6551,197,194,463,38117698,12691669,466546,,12225123,7695148
2023-02-04,6731,233,307,544,38124429,12691631,466466,,12225165,7695461
2023-02-05,4178,199,291,485,38128607,12691547,466369,,12225178,7695712
2023-02-06,1834,90,98,212,38130441,12691338,466358,,12224980,7695661
2023-02-07,4965,160,182,385,38135406,12691187,466333,,12224854,7695786
2023-02-08,5770,212,206,430,38141176,12691120,466336,,12224784,7695972
2023-02-09,6124,211,244,439,38147300,12691058,466302,,12224756,7696180
2023-02-10,5092,159,208,372,38152392,12690984,466249,,12224735,7696350
2023-02-11,6054,186,260,458,38158446,12690878,466171,,12224707,7696544
2023-02-12,4085,220,342,409,38162531,12690844,466045,,12224799,7696728
2023-02-13,1483,57,87,146,38164014,12690645,466013,,12224632,7696659
2023-02-14,3947,131,179,310,38167961,12690489,465963,,12224526,7696712
2023-02-15,4540,119,191,286,38172501,12690332,465888,,12224444,7696763
2023-02-16,4916,175,284,400,38177417,12690228,465775,,12224453,7696922
2023-02-17,4983,179,210,344,38182400,12690152,465740,,12224412,7697049
2023-02-18,5118,232,294,487,38187518,12690110,465676,,12224434,7697303
2023-02-19,3354,132,244,373,38190872,12689973,465559,,12224414,7697451
2023-02-20,1424,63,54,158,38192296,12689778,465565,,12224213,7697391
2023-02-21,914,27,14,107,38193210,12689554,465574,,12223980,7697275
2023-02-22,4136,131,212,370,38197346,12689424,465487,,12223937,7697432
2023-02-23,4282,162,231,392,38201628,12689311,465411,,12223900,7697587
2023-02-24,3034,136,231,274,38204662,12689186,465312,,12223874,7697625
2023-02-25,5024,213,541,386,38209686,12689144,464983,,12224161,7697797
2023-02-26,3472,146,681,384,38213158,12689017,464444,,12224573,7697954
2023-02-27,1075,37,57,97,38214233,12688807,464419,,12224388,7697846
2023-02-28,2730,99,163,232,38216963,12688618,464353,,12224265,7697822
2023-03-01,3850,137,428,336,38220813,12688446,464056,,12224390,7697882
2023-03-02,4595,158,494,330,38225408,12688288,463709,,12224579,7697952
2023-03-03,4368,159,356,334,38229776,12688168,463509,,12224659,7698037
2023-03-04,4970,208,623,350,38234746,12688089,463091,,12224998,7698140
2023-03-05,2537,110,450,251,38237283,12687896,462750,,12225146,7698127
2023-03-06,1157,48,37,114,38238440,12687685,462758,,12224927,7698015
2023-03-07,3221,87,172,225,38241661,12687453,462669,,12224784,7697973
2023-03-08,4319,133,412,284,38245980,12687286,462388,,12224898,7697989
2023-03-09,4623,173,453,312,38250603,12687168,462102,,12225066,7698052
2023-03-10,3942,100,139,254,38254545,12687017,462061,,12224956,7698092
2023-03-11,4064,139,171,286,38258609,12686915,462026,,12224889,7698167
2023-03-12,2893,109,236,301,38261502,12686748,461890,,12224858,7698230
2023-03-13,862,29,32,106,38262364,12686529,461883,,12224646,7698120
2023-03-14,3079,100,109,257,38265443,12686353,461874,,12224479,7698141
2023-03-15,4099,138,163,313,38269542,12686233,461847,,12224386,7698228
2023-03-16,4026,176,234,277,38273568,12686084,461780,,12224304,7698238
2023-03-17,4291,168,202,310,38277859,12685947,461742,,12224205,7698276
2023-03-18,4362,144,194,298,38282221,12685813,461691,,12224122,7698331
2023-03-19,2722,128,233,256,38284943,12685711,461584,,12224127,7698378
2023-03-20,774,31,19,74,38285717,12685472,461594,,12223878,7698219
2023-03-21,2899,69,86,201,38288616,12685280,461572,,12223708,7698197
2023-03-22,3894,130,133,248,38292510,12685120,461566,,12223554,7698186
2023-03-23,3811,118,172,226,38296321,12684950,461506,,12223444,7698166
2023-03-24,3694,102,116,238,38300015,12684797,461490,,12223307,7698188
2023-03-25,4274,108,171,252,38304289,12684641,461420,,12223221,7698212
2023-03-26,2480,112,213,202,38306769,12684495,461313,,12223182,7698195
2023-03-27,915,48,32,68,38307684,12684314,461328,,12222986,7698060
2023-03-28,3106,87,78,203,38310790,12684119,461329,,12222790,7698023
2023-03-29,4172,127,136,224,38314962,12683965,461316,,12222649,7698005
2023-03-30,3838,108,164,211,38318800,12683800,461259,,12222541,7697968
2023-03-31,3987,140,109,222,38322787,12683664,461289,,12222375,7697957
2023-04-01,4195,135,147,225,38326982,12683538,461274,,12222264,7697964
2023-04-02,2181,59,122,172,38329163,12683308,461207,,12222101,7697888
2023-04-03,781,24,12,53,38329944,12683086,461217,,12221869,7697725
2023-04-04,3418,74,74,169,38333362,12682908,461216,,12221692,7697666
2023-04-05,4372,94,109,249,38337734,12682722,461198,,12221524,7697678
2023-04-06,3703,108,109,190,38341437,12682576,461195,,12221381,7697647
2023-04-07,4599,105,115,243,38346036,12682417,461182,,12221235,7697663
2023-04-08,835,22,11,54,38346871,12682196,461189,,12221007,7697507
2023-04-09,2441,81,103,161,38349312,12682059,461164,,12220895,7697482
2023-04-10,360,9,6,20,38349672,12681820,461161,,12220659,7697300
2023-04-11,2771,34,28,121,38352443,12681583,461166,,12220417,7697177
2023-04-12,6347,105,96,188,38358790,12681442,461170,,12220272,7697162
2023-04-13,6997,105,128,207,38365787,12681286,461140,,12220146,7697142
2023-04-14,6514,88,103,206,38372301,12681118,461118,,12220000,7697135
2023-04-15,6949,107,149,230,38379250,12680975,461074,,12219901,7697153
2023-04-16,3275,83,144,165,38382525,12680793,461010,,12219783,7697089
2023-04-17,864,12,13,49,38383389,12680585,461006,,12219579,7696953
2023-04-18,4785,101,77,160,38388174,12680426,461028,,12219398,7696885
2023-04-19,6567,117,98,177,38394741,12680284,461045,,12219239,7696836
2023-04-20,6390,101,153,210,38401131,12680148,460991,,12219157,7696840
2023-04-21,5773,85,75,133,38406904,12679986,460999,,12218987,7696759
2023-04-22,6391,95,91,180,38413295,12679845,461000,,12218845,7696740
2023-04-23,3301,119,147,170,38416596,12679740,460971,,12218769,7696713
2023-04-24,955,4,12,59,38417551,12679524,460961,,12218563,7696590
2023-04-25,4809,69,70,187,38422360,12679363,460960,,12218403,7696571
2023-04-26,6592,108,93,208,38428952,12679250,460975,,12218275,7696583
2023-04-27,6899,118,152,207,38435851,12679133,460937,,12218196,7696585
2023-04-28,6638,86,86,185,38442489,12678988,460935,,12218053,7696560
2023-04-29,6533,123,111,197,38449022,12678895,460946,,12217949,7696566
2023-04-30,2642,94,129,145,38451664,12678785,460910,,12217875,7696530
2023-05-01,1030,20,17,30,38452694,12678596,460911,,12217685,7696372
2023-05-02,4348,68,55,105,38457042,12678439,460919,,12217520,7696281
2023-05-03,5608,108,107,176,38462650,12678328,460917,,12217411,7696270
2023-05-04,8086,87,85,134,38470736,12678189,460918,,12217271,7696214
2023-05-05,13049,90,98,168,38483785,12678070,460907,,12217163,7696195
2023-05-06,15642,114,96,155,38499427,12677985,460923,,12217062,7696170
2023-05-07,6066,56,95,106,38505493,12677840,460880,,12216960,7696100
2023-05-08,2165,16,4,37,38507658,12677666,460890,,12216776,7695969
2023-05-09,12561,55,49,129,38520219,12677511,460893,,12216618,7695921
2023-05-10,14768,70,79,157,38534987,12677372,460882,,12216490,7695894
2023-05-11,13363,77,72,154,38548350,12677254,460886,,12216368,7695876
2023-05-12,13491,86,79,176,38561841,12677143,460891,,12216252,7695871
2023-05-13,11447,80,75,147,38573288,12676995,460893,,12216102,7695816
2023-05-14,4185,67,95,93,38577473,12676860,460864,,12215996,7695742
2023-05-15,1055,9,6,38,38578528,12676682,460861,,12215821,7695623
2023-05-16,8948,56,47,93,38587476,12676523,460865,,12215658,7695530
2023-05-17,11123,99,83,141,38598599,12676395,460878,,12215517,7695459
2023-05-18,10838,81,69,144,38609437,12676251,460889,,12215362,7695404
2023-05-19,10515,96,96,153,38619952,12676124,460885,,12215239,7695356
2023-05-20,9406,91,88,165,38629358,12675988,460887,,12215101,7695312
2023-05-21,3084,48,86,95,38632442,12675855,460847,,12215008,7695245
2023-05-22,970,14,11,30,38633412,12675668,460850,,12214818,7695098
2023-05-23,754,8,3,16,38634166,12675477,460854,,12214623,7694942
2023-05-24,8033,57,80,105,38642199,12675306,460830,,12214476,7694840
2023-05-25,9344,74,93,163,38651543,12675167,460809,,12214358,7694816
2023-05-26,7996,67,70,123,38659539,12675034,460806,,12214228,7694760
2023-05-27,8231,108,76,126,38667770,12674930,460836,,12214094,7694709
2023-05-28,2905,56,72,101,38670675,12674801,460817,,12213984,7694643
2023-05-29,972,13,11,30,38671647,12674608,460816,,12213792,7694486
2023-05-30,6072,61,50,112,38677719,12674450,460826,,12213624,7694401
2023-05-31,8173,91,94,122,38685892,12674315,460820,,12213495,7694332
2023-06-01,7403,70,91,124,38693295,12674170,460797,,12213373,7694265
2023-06-02,6338,50,48,121,38699633,12674008,460798,,12213210,7694192
2023-06-03,5492,70,63,123,38705125,12673859,460804,,12213055,7694122
2023-06-04,2051,47,78,77,38707176,12673720,460770,,12212950,7694031
2023-06-05,600,11,6,18,38707776,12673550,460773,,12212777,7693886
2023-06-06,4465,39,38,79,38712241,12673381,460771,,12212610,7693780
2023-06-07,5816,63,65,121,38718057,12673271,460766,,12212505,7693753
2023-06-08,5756,58,68,112,38723813,12673164,460753,,12212411,7693724
2023-06-09,6192,78,81,122,38730005,12673040,460749,,12212291,7693667
2023-06-10,5348,77,95,115,38735353,12672901,460727,,12212174,7693590
2023-06-11,2010,55,62,105,38737363,12672779,460715,,12212064,7693542
2023-06-12,691,11,7,38,38738054,12672632,460718,,12211914,7693440
2023-06-13,4229,55,58,103,38742283,12672492,460714,,12211778,7693380
2023-06-14,5469,72,83,117,38747752,12672355,460702,,12211653,7693318
2023-06-15,5107,70,75,121,38752859,12672210,460694,,12211516,7693248
2023-06-16,5689,70,64,120,38758548,12672084,460697,,12211387,7693197
2023-06-17,4117,63,61,113,38762665,12671952,460699,,12211253,7693138
2023-06-18,1560,41,61,98,38764225,12671810,460678,,12211132,7693075
2023-06-19,373,6,2,16,38764598,12671640,460680,,12210960,7692938
2023-06-20,3205,52,42,88,38767803,12671492,460687,,12210805,7692851
2023-06-21,3689,42,57,88,38771492,12671359,460668,,12210691,7692781
2023-06-22,3981,75,73,118,38775473,12671255,460668,,12210587,7692743
2023-06-23,4509,56,44,88,38779982,12671152,460679,,12210473,7692689
2023-06-24,3697,49,61,73,38783679,12670996,460665,,12210331,7692588
2023-06-25,1518,31,50,93,38785197,12670867,460644,,12210223,7692539
2023-06-26,510,12,9,23,38785707,12670736,460644,,12210092,7692430
2023-06-27,3108,80,45,91,38788815,12670635,460677,,12209958,7692365
2023-06-28,4074,71,59,90,38792889,12670542,460689,,12209853,7692304
2023-06-29,3971,63,72,83,38796860,12670458,460675,,12209783,7692258
2023-06-30,3830,74,61,128,38800690,12670376,460685,,12209691,7692242
2023-07-01,3217,52,88,117,38803907,12670257,460648,,12209609,7692212
2023-07-02,269,10,4,15,38804176,12670116,460653,,12209463,7692097
2023-07-03,379,6,5,26,38804555,12669990,460653,,12209337,7692009
2023-07-04,1237,19,14,48,38805792,12669857,460658,,12209199,7691919
2023-07-05,2383,56,40,70,38808175,12669781,460672,,12209109,7691880
2023-07-06,2532,38,69,85,38810707,12669658,460639,,12209019,7691827
2023-07-07,2822,53,46,71,38813529,12669585,460644,,12208941,7691791
2023-07-08,2398,63,43,92,38815927,12669500,460664,,12208836,7691751
2023-07-09,915,31,44,37,38816842,12669399,460651,,12208748,7691668
2023-07-10,289,4,2,15,38817131,12669251,460652,,12208599,7691547
2023-07-11,1788,34,20,59,38818919,12669145,460665,,12208480,7691486
2023-07-12,2315,53,52,84,38821234,12669064,460666,,12208398,7691450
2023-07-13,2278,52,68,67,38823512,12668994,460650,,12208344,7691413
2023-07-14,1933,65,48,59,38825445,12668950,460665,,12208285,7691380
2023-07-15,1935,53,56,77,38827380,12668895,460661,,12208234,7691366
2023-07-16,802,36,28,43,38828182,12668806,460669,,12208137,7691299
2023-07-17,192,5,1,11,38828374,12668725,460671,,12208054,7691233
2023-07-18,1302,42,44,56,38829676,12668666,460669,,12207997,7691199
2023-07-19,1770,55,50,56,38831446,12668635,460673,,12207962,7691181
2023-07-20,1578,77,57,60,38833024,12668621,460692,,12207929,7691156
2023-07-21,1719,55,40,49,38834743,12668582,460703,,12207879,7691121
2023-07-22,1501,39,62,75,38836244,12668547,460680,,12207867,7691125
2023-07-23,695,29,29,47,38836939,12668514,460680,,12207834,7691114
2023-07-24,235,12,2,14,38837174,12668469,460689,,12207780,7691076
2023-07-25,1076,48,25,50,38838250,12668442,460712,,12207730,7691056
2023-07-26,1332,51,48,41,38839582,12668432,460715,,12207717,7691042
2023-07-27,1269,69,45,55,38840851,12668468,460739,,12207729,7691066
2023-07-28,1429,46,47,58,38842280,12668502,460738,,12207764,7691112
2023-07-29,1281,50,49,69,38843561,12668548,460739,,12207809,7691178
2023-07-30,623,29,19,27,38844184,12668575,460749,,12207826,7691203
2023-07-31,226,6,4,15,38844410,12668581,460751,,12207830,7691218
2023-08-01,1085,48,31,33,38845495,12668624,460768,,12207856,7691247
2023-08-02,1395,72,54,56,38846890,12668696,460786,,12207910,7691303
2023-08-03,1016,61,37,42,38847906,12668757,460810,,12207947,7691345
