"report_date","previous_day_total_doses_administered","previous_day_at_least_one","previous_day_fully_vaccinated","previous_day_3doses","total_doses_administered","total_individuals_at_least_one","total_individuals_partially_vaccinated","total_doses_in_fully_vaccinated_individuals","total_individuals_fully_vaccinated","total_individuals_3doses"
2021-01-01,6252,6242,2,,32204,32149,32138,22,11,
2021-01-02,4614,4602,6,,36818,36699,36686,26,13,
2021-01-03,5395,5388,3,,42213,42087,42071,32,16,
2021-01-04,5995,5993,0,,48208,48079,48064,30,15,
2021-01-05,9687,9662,21,,57895,57739,57704,70,35,
2021-01-06,12793,12328,450,,70688,70064,69582,964,482,
2021-01-07,16219,15508,697,,86907,85571,84392,2358,1179,
2021-01-08,18038,17023,1002,,104945,102594,100413,4362,2181,
2021-01-09,19500,18423,1064,,124445,121016,117771,6490,3245,
2021-01-10,11372,11332,38,,135817,132340,129057,6566,3283,
2021-01-11,11710,11660,48,,147527,144000,140669,6662,3331,
2021-01-12,14467,14160,298,,161994,158152,154523,7258,3629,
2021-01-13,15436,13813,1593,,177430,171951,166731,10440,5220,
2021-01-14,19191,16739,2436,,196621,188684,181029,15310,7655,
2021-01-15,20070,18012,2038,,216691,206685,196992,19386,9693,
2021-01-16,17119,15935,1171,,233810,222604,211740,21728,10864,
2021-01-17,11259,10015,1237,,245069,232604,220505,24198,12099,
2021-01-18,6794,6712,72,,251863,239293,227125,24336,12168,
2021-01-19,11829,9721,2094,,263692,248993,234731,28524,14262,
2021-01-20,10804,7215,3572,,274496,256185,238352,35666,17833,
2021-01-21,10975,6855,4092,,285471,263024,241099,43850,21925,
2021-01-22,9037,4320,4697,,294508,267307,240687,53240,26620,
2021-01-23,7458,3042,4388,,301966,270319,239312,62014,31007,
2021-01-24,4385,1828,2536,,306351,272129,238586,67086,33543,
2021-01-25,5322,1049,4264,,311673,273146,235340,75612,37806,
2021-01-26,9394,2867,6499,,321067,275981,231677,88608,44304,
2021-01-27,9898,2866,7004,,330965,278818,227511,102614,51307,
2021-01-28,13117,5740,7335,,344082,284525,225883,117284,58642,
2021-01-29,10696,3283,7379,,354778,287777,221757,132040,66020,
2021-01-30,9191,2730,6424,,363969,290465,218024,144882,72441,
2021-01-31,3383,1570,1768,,367352,292001,217793,148416,74208,
2021-02-01,2124,487,1609,,369476,292454,216641,151626,75813,
2021-02-02,4415,1362,2995,,373891,293778,214974,157608,78804,
2021-02-03,6236,1716,4458,,380127,295453,212198,166510,83255,
2021-02-04,9081,1710,7292,,389208,297120,206579,181082,90541,
2021-02-05,8445,1467,6904,,397653,298547,201108,194878,97439,
2021-02-06,10665,1869,8736,,408318,300361,194195,212332,106166,
2021-02-07,7576,1729,5796,,415894,302050,190100,223900,111950,
2021-02-08,8220,3096,5081,,424114,305098,188080,234036,117018,
2021-02-09,15010,3860,11082,,439124,308916,180832,256168,128084,
2021-02-10,15510,4931,10518,,454634,313795,175218,277154,138577,
2021-02-11,16366,3899,12409,,471000,317642,166687,301910,150955,
2021-02-12,17671,2098,15523,,488671,319701,153243,332916,166458,
2021-02-13,16212,2446,13751,,504883,322102,141912,360380,180190,
2021-02-14,12879,922,11925,,517762,322976,130891,384170,192085,
2021-02-15,7862,486,7328,,525624,323414,124027,398774,199387,
2021-02-16,5994,1041,4903,,531618,324412,120145,408534,204267,
2021-02-17,10168,1609,8525,,541786,325977,113213,425528,212764,
2021-02-18,13870,2955,10871,,555656,328884,105279,447210,223605,
2021-02-19,18489,6213,12209,,574145,335045,99262,471566,235783,
2021-02-20,22629,11132,11444,,596774,346114,98925,494378,247189,
2021-02-21,17240,10384,6822,,614014,356438,102469,507938,253969,
2021-02-22,13586,8759,4775,,627600,365128,106433,517390,258695,
2021-02-23,17866,11126,6669,,645466,376198,110870,530656,265328,
2021-02-24,18576,13611,4884,,664042,389753,119583,540340,270170,
2021-02-25,20809,16489,4263,,684851,406176,131791,548770,274385,
2021-02-26,24899,21836,3002,,709750,427952,150602,554700,277350,
2021-02-27,27464,23582,3840,,737214,451470,170328,562284,281142,
2021-02-28,20584,19143,1406,,757798,470559,188053,565012,282506,
2021-03-01,18224,17027,1148,,776022,487524,203917,567214,283607,
2021-03-02,24687,22277,2325,,800709,509740,223854,571772,285886,
2021-03-03,30597,27965,2578,,831306,537654,249223,576862,288431,
2021-03-04,34690,32460,2144,,865996,570048,279523,581050,290525,
2021-03-05,39999,38165,1785,,905995,608165,315889,584552,292276,
2021-03-06,44155,41947,2170,,950150,650057,355652,588810,294405,
2021-03-07,32734,31555,1175,,982884,681538,386016,591044,295522,
2021-03-08,24038,22162,1861,,1006922,703632,406303,594658,297329,
2021-03-09,33295,29844,3423,,1040217,733410,432704,601412,300706,
2021-03-10,38343,34081,4217,,1078560,767417,462542,609750,304875,
2021-03-11,43979,40706,3234,,1122539,808057,500000,616114,308057,
2021-03-12,47713,46001,1689,,1170252,853994,544298,619392,309696,
2021-03-13,57928,55052,2849,,1228180,908975,596484,624982,312491,
2021-03-14,43417,42179,1220,,1271597,951071,637428,627286,313643,
2021-03-15,32812,31114,1682,,1304409,982126,666844,630564,315282,
2021-03-16,53957,51658,2282,,1358366,1033719,716198,635042,317521,
2021-03-17,61062,58521,2497,,1419428,1092174,772206,639936,319968,
2021-03-18,61551,59093,2430,,1480979,1151195,828850,644690,322345,
2021-03-19,64474,61142,3274,,1545453,1212259,886693,651132,325566,
2021-03-20,62567,59977,2559,,1608020,1272180,944103,656154,328077,
2021-03-21,43998,42475,1537,,1652018,1314590,985013,659154,329577,
2021-03-22,31002,30035,978,,1683020,1344537,1014038,660998,330499,
2021-03-23,54622,51849,2722,,1737642,1396291,1063133,666316,333158,
2021-03-24,76432,73251,3133,,1814074,1469452,1133218,672468,336234,
2021-03-25,82914,80334,2533,,1896988,1549707,1210997,677420,338710,
2021-03-26,87013,83483,3490,,1984001,1633109,1290961,684296,342148,
2021-03-27,80860,77907,2868,,2064861,1710913,1365962,689902,344951,
2021-03-28,66994,65405,1554,,2131855,1776228,1429780,692896,346448,
2021-03-29,51735,49047,2651,,2183590,1825195,1476142,698106,349053,
2021-03-30,73582,70171,3350,,2257172,1895289,1542927,704724,352362,
2021-03-31,93152,89500,3586,,2350324,1984691,1628796,711790,355895,
2021-04-01,89317,85439,3840,,2439641,2070032,1710350,719364,359682,
2021-04-02,93084,88860,4208,,2532725,2158806,1794968,727676,363838,
2021-04-03,61008,59329,1736,,2593733,2218044,1852521,731046,365523,
2021-04-04,72330,70677,1650,,2666063,2288610,1921495,734230,367115,
2021-04-05,53731,53260,470,,2719794,2341786,1974249,735074,367537,
2021-04-06,79581,77713,1887,,2799375,2419397,2050027,738740,369370,
2021-04-07,108008,104942,3055,,2907383,2524214,2151847,744734,372367,
2021-04-08,114078,110105,4027,,3021461,2634208,2257870,752676,376338,
2021-04-09,109848,105621,4298,,3131309,2739711,2359140,761142,380571,
2021-04-10,109240,105478,3852,,3240549,2845061,2460704,768714,384357,
2021-04-11,98627,95510,3259,,3339176,2940446,2552889,775114,387557,
2021-04-12,76067,75003,1157,,3415243,3015301,2626655,777292,388646,
2021-04-13,99471,96089,3399,,3514714,3111281,2719284,783994,391997,
2021-04-14,117049,113285,3650,,3631763,3224448,2828841,791214,395607,
2021-04-15,113559,109503,3898,,3745322,3333825,2934377,798896,399448,
2021-04-16,118087,113713,4194,,3863409,3447428,3043830,807196,403598,
2021-04-17,112419,107828,4451,,3975828,3555122,3147132,815980,407990,
2021-04-18,88745,86508,2103,,4064573,3641507,3231468,820078,410039,
2021-04-19,68973,67441,1452,,4133546,3708818,3297378,822880,411440,
2021-04-20,102095,98772,3118,,4235641,3807428,3392935,828986,414493,
2021-04-21,142042,137764,4042,,4377683,3945018,3526551,836934,418467,
2021-04-22,139500,135349,3910,,4517183,4080238,3657917,844642,422321,
2021-04-23,138218,131797,6174,,4655401,4211881,3783444,856874,428437,
2021-04-24,130291,126229,3887,,4785692,4337962,3905694,864536,432268,
2021-04-25,102017,98607,3179,,4887709,4436421,4001041,870760,435380,
2021-04-26,71004,69298,1558,,4958713,4505588,4068710,873756,436878,
2021-04-27,98508,95420,2896,,5057221,4600847,4161136,879422,439711,
2021-04-28,120578,115953,4433,,5177799,4716632,4272560,888144,444072,
2021-04-29,124486,119291,5046,,5302285,4835756,4386707,898098,449049,
2021-04-30,115821,110567,5012,,5418106,4946150,4492166,907968,453984,
2021-05-01,111300,107432,3648,,5529406,5053401,4595846,915110,457555,
2021-05-02,79142,76166,2863,,5608548,5129410,4669058,920704,460352,
2021-05-03,56793,55123,1597,,5665341,5184378,4722489,923778,461889,
2021-05-04,91928,88559,3281,,5757269,5272759,4807666,930186,465093,
2021-05-05,137999,133292,4620,,5895268,5405882,4936232,939300,469650,
2021-05-06,141835,136880,4816,,6037103,5542578,5068174,948808,474404,
2021-05-07,150288,145247,4836,,6187391,5687665,5208484,958362,479181,
2021-05-08,142464,137776,4437,,6329855,5825246,5341707,967078,483539,
2021-05-09,124809,121159,3480,,6454664,5946241,5459286,973910,486955,
2021-05-10,97807,95822,1881,,6552471,6041874,5553105,977538,488769,
2021-05-11,113536,108855,4493,,6666007,6150527,5657336,986382,493191,
2021-05-12,145045,138018,6880,,6811052,6288366,5788361,1000010,500005,
2021-05-13,142710,135320,7236,,6953762,6423511,5916344,1014334,507167,
2021-05-14,148867,138776,9920,,7102629,6562099,6045077,1034044,517022,
2021-05-15,159738,149692,9865,,7262367,6711604,6184792,1053624,526812,
2021-05-16,144358,136091,8060,,7406725,6847527,6312735,1069584,534792,
2021-05-17,114978,110882,3943,,7521703,6958220,6419561,1077318,538659,
2021-05-18,111332,100465,10665,,7633035,7058489,6509227,1098524,549262,
2021-05-19,149880,133468,16235,,7782915,7191805,6626382,1130846,565423,
2021-05-20,151573,131580,19777,,7934488,7323196,6738065,1170262,585131,
2021-05-21,165392,140886,24247,,8099880,7463901,6854600,1218602,609301,
2021-05-22,199440,172244,26968,,8299320,7635947,6999759,1272376,636188,
2021-05-23,139831,127462,12224,,8439151,7763231,7114881,1296700,648350,
2021-05-24,100297,93325,6827,,8539448,7856383,7201276,1310214,655107,
2021-05-25,90470,82985,7276,,8629918,7939205,7276889,1324632,662316,
2021-05-26,139784,113015,26505,,8769702,8052033,7363282,1377502,688751,
2021-05-27,152064,123044,28766,,8921766,8174920,7457472,1434896,717448,
2021-05-28,163869,132314,31248,,9085635,8307061,7558424,1497274,748637,
2021-05-29,153387,117125,36029,,9239022,8424036,7639426,1569220,784610,
2021-05-30,149722,119016,30479,,9388744,8542882,7727855,1630054,815027,
2021-05-31,99216,79822,19201,,9487960,8622534,7788370,1668328,834164,
2021-06-01,124201,90612,33250,,9612161,8712951,7845612,1734678,867339,
2021-06-02,145322,102155,42916,,9757483,8814925,7904739,1820372,910186,
2021-06-03,155372,99916,55175,,9912855,8914656,7949366,1930580,965290,
2021-06-04,181720,115536,65912,,10094575,9029993,7998879,2062228,1031114,
2021-06-05,172029,103436,68310,,10266604,9133231,8033892,2198678,1099339,
2021-06-06,163394,91869,71245,,10429998,9224922,8054408,2341028,1170514,
2021-06-07,119560,63054,56288,,10549558,9287779,8061052,2453454,1226727,
2021-06-08,161892,72450,89003,,10711450,9360040,8044390,2631300,1315650,
2021-06-09,181469,70811,110188,,10892919,9430674,8004917,2851514,1425757,
2021-06-10,185580,66423,118666,,11078499,9496894,7952562,3088664,1544332,
2021-06-11,204792,67518,136514,,11283291,9564226,7883462,3361528,1680764,
2021-06-12,199737,62679,136457,,11483028,9626723,7809594,3634258,1817129,
2021-06-13,190343,58891,130921,,11673371,9685439,7737469,3895940,1947970,
2021-06-14,137691,38698,98594,,11811062,9723941,7677482,4092918,2046459,
2021-06-15,189543,42619,146568,,12000605,9766341,7573411,4385860,2192930,
2021-06-16,206250,42434,163175,,12206855,9808579,7452577,4712004,2356002,
2021-06-17,210472,37945,171941,,12417327,9846309,7318458,5055702,2527851,
2021-06-18,217194,35361,181229,,12634521,9881480,7172492,5417976,2708988,
2021-06-19,215897,35499,179722,,12850418,9916773,7028175,5777196,2888598,
2021-06-20,186276,35570,150127,,13036694,9952145,6913528,6077234,3038617,
2021-06-21,120434,20830,99102,,13157128,9972780,6835153,6275254,3137627,
2021-06-22,204946,27522,176667,,13362074,10000108,6685923,6628370,3314185,
2021-06-23,230542,28634,201161,,13592616,10028542,6513304,7030476,3515238,
2021-06-24,227699,26675,200267,,13820315,10055021,6339626,7430790,3715395,
2021-06-25,251122,27992,222380,,14071437,10082812,6145155,7875314,3937657,
2021-06-26,261306,30010,230589,,14332743,10112596,5944491,8336210,4168105,
2021-06-27,204999,27786,176606,,14537742,10140200,5795599,8689202,4344601,
2021-06-28,199253,20955,177729,,14736995,10160957,5638752,9044410,4522205,
2021-06-29,250115,24494,224887,,14987110,10185210,5438272,9493876,4746938,
2021-06-30,275542,24177,250797,,15262652,10209184,5211578,9995212,4997606,
2021-07-01,271975,25310,246110,,15534627,10234276,4990699,10487154,5243577,
2021-07-02,144734,11594,132912,,15679361,10245696,4869309,10752774,5376387,
2021-07-03,216900,19933,196736,,15896261,10265407,4692433,11145948,5572974,
2021-07-04,196209,19447,176538,,16092470,10284668,4535275,11498786,5749393,
2021-07-05,148721,12444,136134,,16241191,10296922,4411523,11770798,5885399,
2021-07-06,220041,19999,199826,,16461232,10316705,4231626,12170158,6085079,
2021-07-07,246615,22967,223406,,16707847,10339446,4031109,12616674,6308337,
2021-07-08,231213,21359,209640,,16939060,10360599,3842757,13035684,6517842,
2021-07-09,227001,21511,205321,,17166061,10381908,3658877,13446062,6723031,
2021-07-10,209063,20539,188366,,17375124,10402243,3490983,13822520,6911260,
2021-07-11,171683,17586,153969,,17546807,10419628,3354546,14130164,7065082,
2021-07-12,123137,11445,111593,,17669944,10430884,3254346,14353076,7176538,
2021-07-13,178513,19030,159339,,17848457,10449692,3113970,14671444,7335722,
2021-07-14,180043,19306,160580,,18028500,10468783,2972644,14992278,7496139,
2021-07-15,167209,19586,147448,,18195709,10488158,2844735,15286846,7643423,
2021-07-16,169357,19907,149299,,18365066,10507863,2715294,15585138,7792569,
2021-07-17,173013,20267,152617,,18538079,10527881,2582887,15889988,7944994,
2021-07-18,133634,15935,117561,,18671713,10543632,2481225,16124814,8062407,
2021-07-19,91983,10420,81455,,18763696,10553839,2410152,16287374,8143687,
2021-07-20,133543,16953,116533,,18897239,10570552,2310508,16520088,8260044,
2021-07-21,140088,16986,123032,,19037327,10587323,2204409,16765828,8382914,
2021-07-22,125622,17648,107836,,19162949,10604747,2114174,16981146,8490573,
2021-07-23,120277,16993,103076,,19283226,10621499,2028049,17186900,8593450,
2021-07-24,126698,18333,108127,,19409924,10639629,1938215,17402828,8701414,
2021-07-25,103643,14866,88646,,19513567,10654271,1864392,17579758,8789879,
2021-07-26,66693,9889,56709,,19580260,10663942,1817535,17692814,8846407,
2021-07-27,92387,15319,76906,,19672647,10679000,1755904,17846192,8923096,
2021-07-28,93949,16469,77409,,19766596,10695234,1694920,18000628,9000314,
2021-07-29,89400,16705,72533,,19855996,10711707,1639048,18145318,9072659,
2021-07-30,84068,16105,67848,,19940064,10727584,1587265,18280638,9140319,
2021-07-31,83857,15724,67984,,20023921,10743090,1534977,18416226,9208113,
2021-08-01,61875,11322,50369,,20085796,10754186,1495895,18516582,9258291,
2021-08-02,42495,7419,34956,,20128291,10761407,1468326,18586162,9293081,
2021-08-03,33297,5957,27167,,20161588,10767131,1447093,18640076,9320038,
2021-08-04,61323,12374,48759,,20222911,10779270,1410671,18737198,9368599,
2021-08-05,59457,12548,46757,,20282368,10791610,1376418,18830384,9415192,
2021-08-06,56023,11858,43949,,20338391,10803208,1344296,18917824,9458912,
2021-08-07,62378,12135,50048,,20400769,10815082,1306340,19017484,9508742,
2021-08-08,48692,9274,39227,,20449461,10824128,1276364,19095528,9547764,
2021-08-09,30857,5937,24742,,20480318,10829851,1257532,19144638,9572319,
2021-08-10,49259,10511,38446,,20529577,10840082,1229563,19221038,9610519,
2021-08-11,48728,10767,37711,,20578305,10850602,1202588,19296028,9648014,
2021-08-12,49252,11198,37824,,20627557,10861549,1175920,19371258,9685629,
2021-08-13,49630,11731,37623,,20677187,10873039,1149998,19446082,9723041,
2021-08-14,51222,12133,38879,,20728409,10884922,1123226,19523392,9761696,
2021-08-15,41770,9853,31694,,20770179,10894573,1101355,19586436,9793218,
2021-08-16,26738,6184,20404,,20796917,10900534,1087109,19626850,9813425,
2021-08-17,40502,11057,29178,,20837419,10911341,1068964,19684754,9842377,
2021-08-18,41897,11971,29682,,20879316,10923070,1051221,19743698,9871849,
2021-08-19,45897,16535,29099,,20925213,10939354,1038629,19801450,9900725,
2021-08-20,46451,16293,29744,,20971664,10955391,1025151,19860480,9930240,
2021-08-21,47952,15145,32439,,21019616,10970276,1007824,19924904,9962452,
2021-08-22,34394,10806,23317,,21054010,10980836,995289,19971094,9985547,
2021-08-23,23220,7004,15999,,21077230,10987605,986273,20002664,10001332,
2021-08-24,37650,13374,23820,,21114880,11000725,975804,20049842,10024921,
2021-08-25,41348,14420,26318,,21156228,11014889,963887,20102004,10051002,
2021-08-26,39270,13554,24975,,21195498,11028167,952431,20151472,10075736,
2021-08-27,37671,12939,23687,,21233169,11040865,941656,20198418,10099209,
2021-08-28,40122,13423,25520,,21273291,11054009,929535,20248948,10124474,
2021-08-29,30554,10249,19944,,21303845,11064026,919821,20288410,10144205,
2021-08-30,18235,6139,11845,,21322080,11069917,914086,20311662,10155831,
2021-08-31,32715,11939,19622,,21354795,11081588,906375,20350426,10175213,
2021-09-01,36247,12947,21956,,21391042,11094302,897350,20393904,10196952,
2021-09-02,37775,15645,19664,,21428817,11109695,893306,20432778,10216389,
2021-09-03,46886,21094,22441,,21475703,11130540,891940,20477200,10238600,
2021-09-04,46879,20588,24775,,21522582,11150882,887730,20526304,10263152,
2021-09-05,33074,14203,18577,,21555656,11164841,883336,20563010,10281505,
2021-09-06,21716,9489,12035,,21577372,11174081,880773,20586616,10293308,
2021-09-07,15009,6728,8096,,21592381,11180552,879388,20602328,10301164,
2021-09-08,41147,17115,20934,,21633528,11197403,875551,20643704,10321852,
2021-09-09,41449,16975,19678,,21674977,11214101,872823,20682556,10341278,
2021-09-10,39651,15508,19010,,21714628,11229346,869303,20720086,10360043,
2021-09-11,42382,15934,23339,,21757010,11245001,861877,20766248,10383124,
2021-09-12,29967,11532,17868,,21786977,11256239,855511,20801456,10400728,
2021-09-13,16090,6406,9187,,21803067,11262411,852715,20819392,10409696,
2021-09-14,29905,11559,15289,,21832972,11273668,848958,20849420,10424710,
2021-09-15,39281,14024,19422,,21872253,11287432,843544,20887776,10443888,
2021-09-16,39350,13987,19248,,21911603,11301184,838260,20925848,10462924,
2021-09-17,38930,13611,19338,,21950533,11314552,832521,20964062,10482031,
2021-09-18,41251,14085,23542,,21991784,11328364,823043,21010642,10505321,
2021-09-19,30663,10829,18984,,22022447,11338934,814875,21048118,10524059,
2021-09-20,16729,6098,10176,,22039176,11344778,810774,21068008,10534004,
2021-09-21,31361,11213,16993,,22070537,11355726,804978,21101496,10550748,
2021-09-22,41813,14814,22928,,22112350,11370244,796843,21146802,10573401,
2021-09-23,47230,16138,26031,,22159580,11386119,786931,21198376,10599188,
2021-09-24,46311,15636,26651,,22205891,11401495,775897,21251196,10625598,
2021-09-25,48195,15255,29945,,22254086,11416497,761188,21310618,10655309,
2021-09-26,37503,12419,24491,,22291589,11428641,749095,21359092,10679546,
2021-09-27,19158,6530,12321,,22310747,11434917,743288,21383258,10691629,
2021-09-28,30959,11294,17882,,22341706,11445952,736688,21418528,10709264,
2021-09-29,37889,12475,21729,,22379595,11458156,727414,21461484,10730742,
2021-09-30,37345,11654,21374,,22416940,11469551,717675,21503752,10751876,
2021-10-01,30879,9810,18413,,22447819,11479135,709059,21540152,10770076,
2021-10-02,37141,11159,23588,,22484960,11490024,696612,21586824,10793412,
2021-10-03,27204,8163,18323,,22512164,11497946,686439,21623014,10811507,
2021-10-04,14867,4746,9802,,22527031,11502445,681365,21642160,10821080,
2021-10-05,26830,8596,15874,,22553861,11510780,674072,21673416,10836708,
2021-10-06,31663,9637,18510,,22585524,11520158,665191,21709934,10854967,
2021-10-07,30349,9396,17120,,22615873,11529303,657454,21743698,10871849,
2021-10-08,32841,10741,18854,,22648714,11539773,649327,21780892,10890446,
2021-10-09,34141,10663,21016,,22682855,11550173,638960,21822426,10911213,
2021-10-10,23411,7661,15083,,22706266,11557583,631526,21852114,10926057,
2021-10-11,12004,3839,7866,,22718270,11561172,627483,21867378,10933689,
2021-10-12,5110,1626,3267,,22723380,11562520,625827,21873386,10936693,
2021-10-13,29109,9191,18086,,22752489,11571421,616916,21909010,10954505,
2021-10-14,29013,8904,17748,,22781502,11580049,608062,21943974,10971987,
2021-10-15,29101,8832,18169,,22810603,11588618,598712,21979812,10989906,
2021-10-16,31138,8985,19871,,22841741,11597312,587814,22018996,11009498,
2021-10-17,23712,7263,15377,,22865453,11604321,579687,22049268,11024634,
2021-10-18,12305,3746,8146,,22877758,11607786,575275,22065022,11032511,
2021-10-19,21273,6627,12633,,22899031,11614131,569256,22089750,11044875,
2021-10-20,25669,7540,14922,,22924700,11621424,561861,22119126,11059563,
2021-10-21,23180,6683,13031,,22947880,11627838,555502,22144672,11072336,
2021-10-22,26123,7312,15116,,22974003,11634827,547682,22174290,11087145,
2021-10-23,28183,7605,17160,,23002186,11642170,538120,22208100,11104050,
2021-10-24,19350,5728,12600,,23021536,11647642,531236,22232812,11116406,
2021-10-25,9930,2710,6476,,23031466,11650083,527462,22245242,11122621,
2021-10-26,18912,5390,11100,,23050378,11655195,521743,22266904,11133452,
2021-10-27,22855,6080,13212,,23073233,11661020,514597,22292846,11146423,
2021-10-28,22303,5791,12643,,23095536,11666523,507734,22317578,11158789,
2021-10-29,22813,5731,13049,,23118349,11671952,500401,22343102,11171551,
2021-10-30,24116,6046,14615,,23142465,11677726,491820,22371812,11185906,
2021-10-31,16481,4595,10599,,23158946,11682027,485811,22392432,11196216,
2021-11-01,7871,2081,5055,,23166817,11683828,482824,22402008,11201004,
2021-11-02,15627,4364,7747,,23182444,11687903,479430,22416946,11208473,
2021-11-03,18626,5068,9603,,23201070,11692668,474885,22435566,11217783,
2021-11-04,19507,4875,10031,,23220577,11697267,469714,22455106,11227553,
2021-11-05,21468,4405,9521,,23242045,11701383,464584,22473598,11236799,
2021-11-06,25334,5206,12156,,23267379,11706320,457617,22497406,11248703,
2021-11-07,21451,4024,8923,,23288830,11710063,452706,22514714,11257357,
2021-11-08,11991,2110,4732,,23300821,11711878,450068,22523620,11261810,
2021-11-09,24126,3851,7649,,23324947,11715408,446260,22538296,11269148,
2021-11-10,28475,4508,8994,,23353422,11719639,441760,22555758,11277879,
2021-11-11,28763,4308,9099,,23382185,11723651,436960,22573382,11286691,
2021-11-12,26747,4165,8242,,23408932,11727525,432869,22589312,11294656,
2021-11-13,34314,5080,11413,,23443246,11732299,426527,22611544,11305772,
2021-11-14,23221,3898,8607,,23466467,11735934,421811,22628246,11314123,
2021-11-15,12701,2184,4495,,23479168,11737858,419492,22636732,11318366,
2021-11-16,26177,3931,7483,,23505345,11741533,415936,22651194,11325597,
2021-11-17,31172,4047,7822,,23536517,11745298,412151,22666294,11333147,
2021-11-18,32506,3866,7528,,23569023,11748858,408475,22680766,11340383,
2021-11-19,35474,3863,7754,,23604497,11752420,404572,22695696,11347848,
2021-11-20,40113,4381,8817,,23644610,11756521,400127,22712788,11356394,
2021-11-21,28117,3435,6946,,23672727,11759694,396602,22726184,11363092,
2021-11-22,14898,1950,3894,,23687625,11761367,394652,22733430,11366715,
2021-11-23,33052,3276,6008,,23720677,11764363,391912,22744902,11372451,
2021-11-24,42660,3759,6806,,23763337,11767818,388854,22757928,11378964,
2021-11-25,46044,3932,6575,,23809381,11771475,386208,22770534,11385267,
2021-11-26,52866,11348,6614,,23862247,11782553,390935,22783236,11391618,
2021-11-27,63521,22355,7038,,23925768,11804627,406242,22796770,11398385,
2021-11-28,51456,27740,5314,,23977224,11832075,428656,22806838,11403419,
2021-11-29,33527,18933,2882,,24010751,11850747,444696,22812102,11406051,
2021-11-30,56039,20685,5135,,24066790,11871151,460236,22821830,11410915,
2021-12-01,69541,26243,5637,,24136331,11897088,480828,22832520,11416260,
2021-12-02,71633,26488,5037,,24207964,11923278,502266,22842024,11421012,
2021-12-03,73422,25096,5171,,24281386,11948078,522185,22851786,11425893,
2021-12-04,81157,27784,6072,47281,24362543,11975569,543888,,11431681,807696
2021-12-05,62631,31929,4412,26268,24425174,12007203,571397,,11435806,833860
2021-12-06,38627,19143,2713,16756,24463801,12026057,587820,,11438237,850538
2021-12-07,60289,14852,4476,40947,24524090,12040637,598186,,11442451,891411
2021-12-08,73452,19055,4681,49713,24597542,12059415,612550,,11446865,941046
2021-12-09,74500,18273,4346,51861,24672042,12077379,626469,,11450910,992822
2021-12-10,77501,17590,4657,55243,24749543,12094688,639397,,11455291,1047984
2021-12-11,83185,20405,5829,56939,24832728,12114804,653959,,11460845,1104837
2021-12-12,60755,22697,4157,33858,24893483,12137221,672493,,11464728,1138606
2021-12-13,34937,11603,2411,20900,24928420,12148527,681675,,11466852,1159411
2021-12-14,101984,9001,3871,89068,25030404,12157217,686790,,11470427,1248359
2021-12-15,127700,12428,4513,110720,25158104,12169341,694695,,11474646,1358979
2021-12-16,139361,12464,4251,122630,25297465,12181519,702898,,11478621,1481510
2021-12-17,159176,12403,4521,142230,25456641,12193647,710771,,11482876,1623643
2021-12-18,175588,13523,4923,157096,25632229,12206876,719359,,11487517,1780644
2021-12-19,140439,18159,3930,118313,25772668,12224734,733580,,11491154,1898846
2021-12-20,106822,10305,2745,93725,25879490,12234771,741130,,11493641,1992473
2021-12-21,215389,12962,4315,198090,26094879,12247417,749770,,11497647,2190442
2021-12-22,237262,14427,5203,217748,26332141,12261544,758980,,11502564,2408072
2021-12-23,257773,11722,5088,240865,26589914,12272961,765608,,11507353,2648831
2021-12-24,223614,9458,4572,209516,26813528,12282122,770490,,11511632,2858231
2021-12-25,89730,3889,2510,83343,26903258,12285736,771864,,11513872,2941467
2021-12-26,11898,388,360,11140,26915156,12285832,771884,,11513948,2952477
2021-12-27,46945,1491,1116,44307,26962101,12287078,772252,,11514826,2996664
2021-12-28,144785,6100,4012,134610,27106886,12292884,774329,,11518555,3131143
2021-12-29,175467,9377,4581,161439,27282353,12301965,779121,,11522844,3292454
2021-12-30,200066,10133,5348,184543,27482419,12311795,783891,,11527904,3476863
2021-12-31,195210,10007,5803,179147,27677629,12321513,788086,,11533427,3655884
2022-01-01,96955,5383,3882,87363,27774584,12326587,789579,,11537008,3743098
2022-01-02,19446,942,929,17446,27794030,12327238,789583,,11537655,3760398
2022-01-03,88254,4773,4592,78808,27882284,12331701,789756,,11541945,3839053
2022-01-04,146369,6001,5319,135009,28028653,12337374,790425,,11546949,3973906
2022-01-05,177514,7630,7297,162413,28206167,12344650,790747,,11553903,4136159
2022-01-06,191537,7208,6789,177013,28397704,12351539,791155,,11560384,4313017
2022-01-07,191296,7965,7003,175514,28589000,12359160,792105,,11567055,4488358
2022-01-08,181680,8628,6641,165223,28770680,12367456,794079,,11573377,4653425
2022-01-09,131102,9866,7184,113959,28901782,12377000,796756,,11580244,4767224
2022-01-10,90558,5107,4489,80831,28992340,12381785,797364,,11584421,4847902
2022-01-11,138892,6158,6579,125449,29131232,12387596,796930,,11590666,4973161
2022-01-12,157031,8160,8055,138693,29288263,12395427,797030,,11598397,5111686
2022-01-13,162685,9212,9216,141547,29450948,12404277,797012,,11607265,5253050
2022-01-14,159893,10756,10383,136062,29610841,12414671,797380,,11617291,5388914
2022-01-15,161207,11012,11675,135886,29772048,12425312,796706,,11628606,5524607
2022-01-16,109787,9294,9676,89456,29881835,12434244,796317,,11637927,5613845
2022-01-17,65787,5937,6567,52642,29947622,12439845,795677,,11644168,5666302
2022-01-18,36114,2004,2132,31154,29983736,12441494,795538,,11645956,5697260
2022-01-19,101323,5582,6720,85960,30085059,12446676,794382,,11652294,5782993
2022-01-20,103604,6325,7006,85735,30188663,12452617,793693,,11658924,5868505
2022-01-21,102112,6231,8059,82509,30290775,12458444,791851,,11666593,5950786
2022-01-22,102580,8712,12075,78114,30393355,12466767,788481,,11678286,6028672
2022-01-23,76703,7307,13998,54799,30470058,12473731,781783,,11691948,6083249
2022-01-24,42266,3196,7935,30746,30512324,12476563,777026,,11699537,6113788
2022-01-25,62566,3757,8371,48119,30574890,12479941,772397,,11707544,6161688
2022-01-26,77893,4917,13172,55693,30652783,12484481,764137,,11720344,6217139
2022-01-27,78078,4895,13244,56052,30730861,12489004,755778,,11733226,6272954
2022-01-28,77289,4674,13676,53899,30808150,12493320,746763,,11746557,6326634
2022-01-29,84826,5529,17715,58119,30892976,12498485,734570,,11763915,6384508
2022-01-30,66508,5024,20631,40158,30959484,12503167,718949,,11784218,6424441
2022-01-31,34749,2174,9885,22351,30994233,12505022,711229,,11793793,6446603
2022-02-01,51351,3265,9664,36527,31045584,12507934,704820,,11803114,6482905
2022-02-02,57710,3847,12397,38680,31103294,12511450,696255,,11815195,6521385
2022-02-03,52581,3610,11510,34301,31155875,12514683,688343,,11826340,6555435
2022-02-04,43097,2945,10565,27286,31198972,12517317,680713,,11836604,6582527
2022-02-05,58727,3746,14473,37566,31257699,12520731,669974,,11850757,6619880
2022-02-06,49859,3641,16116,29572,31307558,12524049,657494,,11866555,6649228
2022-02-07,23235,1690,7811,13441,31330793,12525413,651360,,11874053,6662445
2022-02-08,33398,2355,7253,21972,31364191,12527438,646455,,11880983,6684184
2022-02-09,38887,2784,8922,24410,31403078,12529863,640311,,11889552,6708342
2022-02-10,37539,2765,8837,22552,31440617,12532292,634235,,11898057,6730664
2022-02-11,39449,2724,10293,23005,31480066,12534670,626657,,11908013,6753431
2022-02-12,42049,2958,11456,25318,31522115,12537294,618148,,11919146,6778525
2022-02-13,36322,2800,13144,19943,31558437,12539807,607801,,11932006,6798270
2022-02-14,16982,1176,6123,9474,31575419,12540708,602846,,11937862,6807544
2022-02-15,19360,1385,4755,11879,31594779,12541769,599466,,11942303,6819196
2022-02-16,26023,1767,7732,14949,31620802,12543239,593497,,11949742,6833944
2022-02-17,26768,1684,7526,14985,31647570,12544568,587646,,11956922,6848674
2022-02-18,23946,1354,6611,13678,31671516,12545605,582377,,11963228,6862143
2022-02-19,37835,1903,8338,26052,31709351,12547177,575937,,11971240,6887954
2022-02-20,32577,1498,7963,22806,31741928,12548374,569464,,11978910,6910555
2022-02-21,17502,913,3678,12757,31759430,12548991,566690,,11982301,6923100
2022-02-22,9112,430,1555,6957,31768542,12549131,565560,,11983571,6929846
2022-02-23,25338,1326,4796,17297,31793880,12550147,562083,,11988064,6946907
2022-02-24,24576,1401,5233,15485,31818456,12551226,558246,,11992980,6962149
2022-02-25,23110,1396,5137,14509,31841566,12552328,554498,,11997830,6976432
2022-02-26,25235,1386,5910,16558,31866801,12553404,549967,,12003437,6992764
2022-02-27,26960,1371,7371,17704,31893761,12554506,543956,,12010550,7010273
2022-02-28,10130,594,2531,6745,31903891,12554847,542011,,12012836,7016835
2022-03-01,13202,948,3152,8167,31917093,12555490,539797,,12015693,7024785
2022-03-02,15418,1164,3578,9619,31932511,12556393,537376,,12019017,7034227
2022-03-03,14299,1077,3227,8689,31946810,12557158,535218,,12021940,7042685
2022-03-04,14478,993,3445,8317,31961288,12557830,532762,,12025068,7050749
2022-03-05,18533,1277,4998,11183,31979821,12558798,529030,,12029768,7061708
2022-03-06,16518,1088,5525,9607,31996339,12559605,524587,,12035018,7071108
2022-03-07,5950,469,1861,3509,32002289,12559789,523188,,12036601,7074400
2022-03-08,7364,699,1944,4158,32009653,12560210,521936,,12038274,7078359
2022-03-09,11160,908,2738,6406,32020813,12560842,520100,,12040742,7084563
2022-03-10,12768,1046,3258,6841,32033581,12561611,517881,,12043730,7091191
2022-03-11,12892,905,3410,6865,32046473,12562227,515368,,12046859,7097840
2022-03-12,14685,1047,4184,8310,32061158,12563002,512228,,12050774,7105946
2022-03-13,14748,1091,4999,8333,32075906,12563802,508316,,12055486,7114042
2022-03-14,6333,450,2228,3499,32082239,12563981,506535,,12057446,7117327
2022-03-15,10197,792,2625,5972,32092436,12564483,504690,,12059793,7123085
2022-03-16,13063,934,3667,6953,32105499,12565128,501954,,12063174,7129807
2022-03-17,13198,1048,3962,6758,32118697,12565888,499033,,12066855,7136345
2022-03-18,11907,914,3146,6433,32130604,12566499,496791,,12069708,7142554
2022-03-19,14443,1005,4163,7902,32145047,12567224,493631,,12073593,7150237
2022-03-20,11748,991,3958,6372,32156795,12567944,490659,,12077285,7156401
2022-03-21,5058,415,1589,2814,32161853,12568100,489481,,12078619,7159012
2022-03-22,6714,552,1559,3893,32168567,12568364,488468,,12079896,7162689
2022-03-23,9970,785,2299,5195,32178537,12568833,486951,,12081882,7167643
2022-03-24,9297,724,2377,4612,32187834,12569293,485289,,12084004,7172051
2022-03-25,9226,781,2155,4752,32197060,12569811,483907,,12085904,7176591
2022-03-26,10931,937,2837,5506,32207991,12570471,482005,,12088466,7181878
2022-03-27,10226,910,3538,5301,32218217,12571121,479373,,12091748,7186968
2022-03-28,3584,322,1109,1987,32221801,12571202,478583,,12092619,7188760
2022-03-29,5348,499,1213,2692,32227149,12571416,477863,,12093553,7191230
2022-03-30,7854,748,1837,4122,32235003,12571885,476769,,12095116,7195127
2022-03-31,8654,689,1925,4414,32243657,12572285,475527,,12096758,7199319
2022-04-01,9313,801,1916,4889,32252970,12572794,474403,,12098391,7203969
2022-04-02,10446,887,2215,5571,32263416,12573394,473063,,12100331,7209323
2022-04-03,9210,880,2569,5065,32272626,12574017,471368,,12102649,7214186
2022-04-04,4203,388,1006,2406,32276829,12574144,470747,,12103397,7216389
2022-04-05,6081,601,1036,3054,32282910,12574405,470306,,12104099,7219168
2022-04-06,8380,714,1478,4383,32291290,12574828,469537,,12105291,7223324
2022-04-07,10344,733,1687,4836,32301634,12575261,468578,,12106683,7227917
2022-04-08,23995,811,1583,4836,32325629,12575794,467800,,12107994,7232537
2022-04-09,30496,969,1974,5894,32356125,12576465,466786,,12109679,7238208
2022-04-10,24864,976,2390,5333,32380989,12577182,465366,,12111816,7243339
2022-04-11,12573,385,877,2431,32393562,12577317,464870,,12112447,7245568
2022-04-12,28129,693,1020,3537,32421691,12577706,464536,,12113170,7248872
2022-04-13,37783,853,1561,4927,32459474,12578260,463824,,12114436,7253569
2022-04-14,37905,761,1616,4914,32497379,12578708,462966,,12115742,7258230
2022-04-15,43402,1232,2104,6725,32540781,12579642,462090,,12117552,7264718
2022-04-16,8095,357,650,1741,32548876,12579739,461795,,12117944,7266243
2022-04-17,21025,871,1925,4319,32569901,12580326,460734,,12119592,7270339
2022-04-18,5459,306,463,1289,32575360,12580345,460572,,12119773,7271387
2022-04-19,22655,615,773,3103,32598015,12580677,460405,,12120272,7274270
2022-04-20,40340,1063,1399,4620,32638355,12581414,460066,,12121348,7278626
2022-04-21,38757,943,1600,4683,32677112,12582061,459400,,12122661,7283075
2022-04-22,35634,1017,1436,4268,32712746,12582806,458974,,12123832,7287125
2022-04-23,34657,1006,1737,4713,32747403,12583528,458240,,12125288,7291599
2022-04-24,20816,1021,1889,3777,32768219,12584299,457369,,12126930,7295182
2022-04-25,8299,453,691,1707,32776518,12584483,457130,,12127353,7296673
2022-04-26,24623,733,948,3145,32801141,12584924,456909,,12128015,7299581
2022-04-27,33602,955,1369,3938,32834743,12585603,456487,,12129116,7303302
2022-04-28,32838,928,1414,3931,32867581,12586258,455992,,12130266,7307010
2022-04-29,32061,1098,1379,3909,32899642,12587058,455704,,12131354,7310690
2022-04-30,30289,925,1537,4025,32929931,12587686,455085,,12132601,7314480
2022-05-01,16753,769,1579,2970,32946684,12588157,454270,,12133887,7317206
2022-05-02,5936,309,526,1098,32952620,12588170,454049,,12134121,7318077
2022-05-03,20928,588,831,2347,32973548,12588453,453800,,12134653,7320185
2022-05-04,29417,799,1092,3291,33002965,12588942,453502,,12135440,7323227
2022-05-05,29099,872,1164,3125,33032064,12589502,453200,,12136302,7326108
2022-05-06,29098,1147,1285,2987,33061162,12590361,453057,,12137304,7328868
2022-05-07,28493,870,1266,3113,33089655,12590941,452656,,12138285,7331757
2022-05-08,15998,895,1308,2323,33105653,12591579,452241,,12139338,7333879
2022-05-09,5897,293,474,943,33111550,12591606,452054,,12139552,7334612
2022-05-10,21228,696,720,2120,33132778,12591984,452023,,12139961,7336472
2022-05-11,28950,836,1084,2655,33161728,12592488,451771,,12140717,7338856
2022-05-12,28242,799,1086,2513,33189970,12592990,451480,,12141510,7341128
2022-05-13,27595,877,1118,2469,33217565,12593556,451234,,12142322,7343340
2022-05-14,25694,807,1100,2610,33243259,12594048,450934,,12143114,7345696
2022-05-15,14852,751,1276,2059,33258111,12594527,450402,,12144125,7347536
2022-05-16,6384,326,532,1047,33264495,12594615,450192,,12144423,7348396
2022-05-17,19605,590,780,1742,33284100,12594889,449995,,12144894,7349889
2022-05-18,26546,877,1101,2275,33310646,12595502,449766,,12145736,7351949
2022-05-19,24442,683,1155,2164,33335088,12595918,449287,,12146631,7353896
2022-05-20,24271,801,1140,2218,33359359,12596449,448944,,12147505,7355894
2022-05-21,22405,691,1167,2350,33381764,12596830,448459,,12148371,7358001
2022-05-22,10560,549,890,1489,33392324,12597118,448113,,12149005,7359273
2022-05-23,4574,242,465,793,33396898,12597100,447888,,12149212,7359857
2022-05-24,2627,120,181,441,33399525,12596965,447825,,12149140,7360087
2022-05-25,19368,656,949,1953,33418893,12597355,447522,,12149833,7361830
2022-05-26,20647,663,950,1912,33439540,12597744,447229,,12150515,7363519
2022-05-27,21763,818,1061,2078,33461303,12598274,446983,,12151291,7365364
2022-05-28,19412,722,1166,2150,33480715,12598725,446536,,12152189,7367299
2022-05-29,12111,760,1282,1726,33492826,12599250,446007,,12153243,7368833
2022-05-30,4580,311,550,751,33497406,12599315,445765,,12153550,7369386
2022-05-31,13552,573,753,1667,33510958,12599586,445579,,12154007,7370813
2022-06-01,16614,704,972,1879,33527572,12599988,445309,,12154679,7372439
2022-06-02,14609,557,867,1677,33542181,12600233,444992,,12155241,7373875
2022-06-03,16106,698,1096,1815,33558287,12600652,444588,,12156064,7375471
2022-06-04,13323,647,1165,1845,33571610,12601041,444065,,12156976,7377114
2022-06-05,7868,587,1111,1432,33579478,12601379,443537,,12157842,7378354
2022-06-06,3294,206,445,641,33582772,12601336,443295,,12158041,7378793
2022-06-07,11222,475,728,1370,33593994,12601511,443037,,12158474,7379919
2022-06-08,14068,667,1013,1611,33608062,12601918,442686,,12159232,7381311
2022-06-09,13377,663,925,1676,33621439,12602293,442419,,12159874,7382755
2022-06-10,13852,685,1068,1698,33635291,12602692,442028,,12160664,7384223
2022-06-11,12985,616,1031,1846,33648276,12603022,441611,,12161411,7385846
2022-06-12,8098,643,1236,1504,33656374,12603407,441014,,12162393,7387143
2022-06-13,3189,284,422,712,33659563,12603424,440871,,12162553,7387646
2022-06-14,10129,512,666,1264,33669692,12603647,440711,,12162936,7388672
2022-06-15,13510,472,832,1621,33683202,12603823,440349,,12163474,7390055
2022-06-16,12544,495,856,1617,33695746,12604012,439983,,12164029,7391425
2022-06-17,11693,479,818,1653,33707439,12604204,439637,,12164567,7392842
2022-06-18,11452,436,876,1860,33718891,12604369,439194,,12165175,7394478
2022-06-19,7004,483,899,1420,33725895,12604599,438777,,12165822,7395683
2022-06-20,2286,147,301,643,33728181,12604522,438617,,12165905,7396156
2022-06-21,9547,358,616,1386,33737728,12604593,438354,,12166239,7397294
2022-06-22,13612,407,725,1703,33751340,12604728,438029,,12166699,7398772
2022-06-23,13704,401,775,1683,33765044,12604862,437652,,12167210,7400241
2022-06-24,15365,435,811,1675,33780409,12605037,437272,,12167765,7401701
2022-06-25,14471,427,852,1713,33794880,12605203,436836,,12168367,7403205
2022-06-26,8159,432,886,1280,33803039,12605373,436375,,12168998,7404268
2022-06-27,3212,171,365,594,33806251,12605295,436177,,12169118,7404655
2022-06-28,9620,369,558,1226,33815871,12605378,435984,,12169394,7405648
2022-06-29,13317,415,731,1632,33829188,12605503,435666,,12169837,7407040
2022-06-30,12233,482,847,1581,33841421,12605700,435299,,12170401,7408387
2022-07-01,13040,550,972,1949,33854461,12605992,434872,,12171120,7410130
2022-07-02,1616,110,115,365,33856077,12605826,434865,,12170961,7410263
2022-07-03,5161,260,494,960,33861238,12605828,434622,,12171206,7411007
2022-07-04,2757,132,279,614,33863995,12605713,434474,,12171239,7411424
2022-07-05,11145,372,599,1576,33875140,12605787,434239,,12171548,7412752
2022-07-06,15961,549,859,2010,33891101,12606040,433923,,12172117,7414519
2022-07-07,15667,521,832,1927,33906768,12606272,433611,,12172661,7416193
2022-07-08,17887,555,869,2245,33924655,12606522,433296,,12173226,7418189
2022-07-09,14146,451,597,1848,33938801,12606695,433149,,12173546,7419799
2022-07-10,8750,475,755,1505,33947551,12606921,432868,,12174053,7421097
2022-07-11,4094,199,331,871,33951645,12606855,432733,,12174122,7421748
2022-07-12,12110,412,525,1656,33963755,12606968,432615,,12174353,7423150
2022-07-13,16722,564,773,2144,33980477,12607235,432400,,12174835,7425050
2022-07-14,16861,483,675,2024,33997338,12607412,432197,,12175215,7426834
2022-07-15,28898,599,822,2187,34026236,12607711,431973,,12175738,7428780
2022-07-16,30301,586,773,2328,34056537,12607982,431777,,12176205,7430855
2022-07-17,22933,538,636,1892,34079470,12608283,431676,,12176607,7432553
2022-07-18,11398,189,255,857,34090868,12608204,431605,,12176599,7433188
2022-07-19,28958,592,592,2137,34119826,12608521,431602,,12176919,7435093
2022-07-20,37641,839,923,2595,34157467,12609081,431513,,12177568,7437451
2022-07-21,36358,734,812,2809,34193825,12609527,431428,,12178099,7440019
2022-07-22,35804,824,892,2687,34229629,12610062,431353,,12178709,7442468
2022-07-23,35152,821,912,2835,34264781,12610568,431254,,12179314,7445047
2022-07-24,21738,599,804,1778,34286519,12610904,431046,,12179858,7446600
2022-07-25,11937,308,311,1081,34298456,12610927,431038,,12179889,7447450
2022-07-26,26092,619,604,2212,34324548,12611261,431052,,12180209,7449418
2022-07-27,32471,808,847,2650,34357019,12611811,431011,,12180800,7451857
2022-07-28,31542,724,884,2610,34388561,12612238,430847,,12181391,7454216
2022-07-29,29995,1790,875,2646,34418556,12613736,431758,,12181978,7456612
2022-07-30,25834,2525,747,2437,34444390,12615980,433534,,12182446,7458815
2022-07-31,14312,1068,541,1565,34458702,12616779,434057,,12182722,7460152
2022-08-01,5916,337,223,683,34464618,12616856,434169,,12182687,7460612
2022-08-02,4484,306,138,604,34469102,12616892,434333,,12182559,7460994
2022-08-03,22940,2637,738,2238,34492042,12619253,436228,,12183025,7462996
2022-08-04,22237,2482,681,2134,34514279,12621408,438023,,12183385,7464867
2022-08-05,21799,2755,747,2070,34536078,12623881,440023,,12183858,7466708
2022-08-06,19646,2875,657,1995,34555724,12626444,442235,,12184209,7468444
2022-08-07,12706,2236,620,1422,34568430,12628405,443845,,12184560,7469648
2022-08-08,4766,570,188,603,34573196,12628686,444220,,12184466,7470013
2022-08-09,14015,1468,558,1594,34587211,12629866,445124,,12184742,7471365
2022-08-10,19132,2364,718,1994,34606343,12631956,446768,,12185188,7473130
2022-08-11,17079,2041,718,1858,34623422,12633721,448089,,12185632,7474755
2022-08-12,16985,2048,734,1852,34640407,12635480,449402,,12186078,7476378
2022-08-13,15954,2223,765,1808,34656361,12637418,450858,,12186560,7477945
2022-08-14,9531,1621,619,1087,34665892,12638749,451856,,12186893,7478796
2022-08-15,3873,388,271,479,34669765,12638884,451970,,12186914,7479066
2022-08-16,10808,1074,516,1356,34680573,12639657,452526,,12187131,7480170
2022-08-17,16098,1834,739,1782,34696671,12641203,453620,,12187583,7481716
2022-08-18,14930,1641,748,1693,34711601,12642519,454509,,12188010,7483137
2022-08-19,15318,1846,749,1552,34726919,12644087,455602,,12188485,7484455
2022-08-20,14285,1641,740,1546,34741204,12645436,456497,,12188939,7485762
2022-08-21,9906,1533,660,1165,34751110,12646704,457366,,12189338,7486710
2022-08-22,4164,481,271,562,34755274,12646880,457573,,12189307,7487012
2022-08-23,11139,1248,556,1498,34766413,12647820,458261,,12189559,7488257
2022-08-24,14761,1808,871,2187,34781174,12649356,459198,,12190158,7490212
2022-08-25,14028,1716,780,2123,34795202,12650783,460127,,12190656,7492089
2022-08-26,13929,1687,816,2094,34809131,12652173,460991,,12191182,7493933
2022-08-27,12418,1486,876,2001,34821549,12653331,461595,,12191736,7495667
2022-08-28,7926,1259,622,1398,34829475,12654328,462230,,12192098,7496844
2022-08-29,3400,502,286,684,34832875,12654548,462441,,12192107,7497293
2022-08-30,9907,1169,651,1855,34842782,12655359,462953,,12192406,7498845
2022-08-31,13514,1626,946,2315,34856296,12656694,463629,,12193065,7500917
2022-09-01,12906,1721,912,2141,34869202,12658118,464433,,12193685,7502811
2022-09-02,15045,1616,991,4917,34884247,12659459,465050,,12194409,7507502
2022-09-03,14718,1525,923,5515,34898965,12660701,465649,,12195052,7512782
2022-09-04,8667,1009,676,3237,34907632,12661444,465973,,12195471,7515797
2022-09-05,3555,321,229,1386,34911187,12661498,466062,,12195436,7516960
2022-09-06,2469,157,116,1132,34913656,12661400,466100,,12195300,7517883
2022-09-07,10925,1019,587,3491,34924581,12662120,466528,,12195592,7521122
2022-09-08,10870,1022,527,2790,34935451,12662813,467020,,12195793,7523635
2022-09-09,9582,1011,488,2503,34945033,12663535,467538,,12195997,7525901
2022-09-10,10634,1264,552,3166,34955667,12664520,468243,,12196277,7528832
2022-09-11,9410,982,667,3736,34965077,12665252,468552,,12196700,7532358
2022-09-12,3125,294,204,1079,34968202,12665263,468635,,12196628,7533200
2022-09-13,6018,544,283,1132,34974220,12665520,468887,,12196633,7534089
2022-09-14,14483,798,434,1844,34988703,12665999,469247,,12196752,7535667
2022-09-15,15755,780,410,1533,35004458,12666459,469612,,12196847,7536929
2022-09-16,17759,766,447,1693,35022217,12666963,469925,,12197038,7538399
2022-09-17,17618,722,457,1668,35039835,12667380,470186,,12197194,7539812
2022-09-18,11214,773,451,1688,35051049,12667892,470506,,12197386,7541276
2022-09-19,4979,404,288,670,35056028,12668024,470617,,12197407,7541732
2022-09-20,13771,442,332,948,35069799,12668151,470725,,12197426,7542417
2022-09-21,23040,646,410,1498,35092839,12668486,470956,,12197530,7543659
2022-09-22,22916,636,398,1379,35115755,12668814,471188,,12197626,7544776
2022-09-23,22950,726,603,1418,35138705,12669240,471306,,12197934,7545939
2022-09-24,21691,737,689,1499,35160396,12669682,471350,,12198332,7547202
2022-09-25,11319,595,702,1356,35171715,12669995,471237,,12198758,7548321
2022-09-26,4563,192,218,594,35176278,12669897,471205,,12198692,7548672
2022-09-27,37651,497,365,1497,35213929,12670123,471333,,12198790,7549941
2022-09-28,50968,731,670,1901,35264897,12670585,471393,,12199192,7551616
2022-09-29,48006,637,740,1836,35312903,12670901,471282,,12199619,7553175
2022-09-30,47270,677,806,2003,35360173,12671250,471151,,12200099,7554896
2022-10-01,34449,527,633,1546,35394622,12671468,471043,,12200425,7556175
2022-10-02,24245,736,1028,1711,35418867,12671908,470748,,12201160,7557633
2022-10-03,10870,238,230,613,35429737,12671854,470752,,12201102,7558008
2022-10-04,32196,477,459,1169,35461933,12672012,470766,,12201246,7558901
2022-10-05,40439,631,740,1561,35502372,12672325,470650,,12201675,7560200
2022-10-06,38695,610,653,1567,35541067,12672630,470605,,12202025,7561505
2022-10-07,42243,661,852,1742,35583310,12672944,470406,,12202538,7562946
2022-10-08,37397,784,1145,2120,35620707,12673397,470039,,12203358,7564791
2022-10-09,18814,549,727,1556,35639521,12673667,469858,,12203809,7566108
2022-10-10,6865,168,370,565,35646386,12673535,469653,,12203882,7566411
2022-10-11,4994,124,111,318,35651380,12673363,469661,,12203702,7566490
2022-10-12,35116,579,685,1428,35686496,12673609,469553,,12204056,7567629
2022-10-13,36759,643,858,1620,35723255,12673886,469334,,12204552,7568940
2022-10-14,36977,621,753,1541,35760232,12674175,469199,,12204976,7570201
2022-10-15,35453,714,1013,1628,35795685,12674596,468897,,12205699,7571579
2022-10-16,20663,654,1024,1593,35816348,12674980,468521,,12206459,7572942
2022-10-17,7356,206,477,541,35823704,12674902,468248,,12206654,7573243
2022-10-18,36426,457,500,1398,35860130,12675039,468200,,12206839,7574368
2022-10-19,49901,619,730,1981,35910031,12675357,468086,,12207271,7576099
2022-10-20,51291,622,649,2050,35961322,12675665,468056,,12207609,7577884
2022-10-21,52850,696,619,1935,36014172,12676034,468127,,12207907,7579551
2022-10-22,50864,749,904,2311,36065036,12676454,467967,,12208487,7581589
2022-10-23,30640,571,785,2122,36095676,12676708,467746,,12208962,7583446
2022-10-24,14133,232,271,978,36109809,12676636,467702,,12208934,7584165
2022-10-25,41371,473,489,1819,36151180,12676758,467683,,12209075,7585686
2022-10-26,51658,615,660,2124,36202838,12677039,467634,,12209405,7587530
2022-10-27,50113,605,768,2163,36252951,12677319,467463,,12209856,7589423
2022-10-28,49798,590,675,2095,36302749,12677552,467373,,12210179,7591211
2022-10-29,50599,733,779,2221,36353348,12677936,467323,,12210613,7593131
2022-10-30,28400,661,930,2038,36381748,12678314,467050,,12211264,7594926
2022-10-31,12439,200,234,777,36394187,12678237,467013,,12211224,7595470
2022-11-01,33094,339,197,1220,36427281,12678233,467149,,12211084,7596398
2022-11-02,44290,575,625,1903,36471571,12678476,467095,,12211381,7598002
2022-11-03,44191,541,605,1856,36515762,12678689,467027,,12211662,7599574
2022-11-04,44644,647,528,2030,36560406,12679033,467139,,12211894,7601350
2022-11-05,45205,645,754,2368,36605611,12679378,467027,,12212351,7603452
2022-11-06,26019,558,771,2097,36631630,12679598,466811,,12212787,7605255
2022-11-07,10710,242,235,876,36642340,12679556,466815,,12212741,7605895
2022-11-08,33486,486,397,1586,36675826,12679754,466901,,12212853,7607238
2022-11-09,40530,605,571,1964,36716356,12680044,466933,,12213111,7608934
2022-11-10,39178,620,547,1929,36755534,12680342,467000,,12213342,7610586
2022-11-11,43345,635,641,2209,36798879,12680660,466993,,12213667,7612520
2022-11-12,36849,637,592,2184,36835728,12680973,467030,,12213943,7614421
2022-11-13,24269,558,770,2277,36859997,12681240,466812,,12214428,7616449
2022-11-14,10966,232,204,1024,36870963,12681177,466839,,12214338,7617215
2022-11-15,33626,483,380,1693,36904589,12681296,466936,,12214360,7618601
2022-11-16,43540,798,583,2370,36948129,12681796,467145,,12214651,7620721
2022-11-17,38341,674,647,2241,36986470,12682132,467168,,12214964,7622673
2022-11-18,40625,726,531,2329,37027095,12682514,467359,,12215155,7624703
2022-11-19,39658,1005,1031,3061,37066753,12683175,467327,,12215848,7627461
2022-11-20,22422,659,718,2442,37089175,12683555,467264,,12216291,7629674
2022-11-21,8921,197,193,967,37098096,12683488,467263,,12216225,7630434
2022-11-22,26440,481,369,1513,37124536,12683608,467371,,12216237,7631632
2022-11-23,32087,685,669,2069,37156623,12683964,467385,,12216579,7633422
2022-11-24,31912,664,752,2085,37188535,12684315,467295,,12217020,7635245
2022-11-25,30752,763,827,1952,37219287,12684767,467225,,12217542,7636935
2022-11-26,30290,908,1192,2698,37249577,12685336,466932,,12218404,7639344
2022-11-27,18674,608,942,2087,37268251,12685642,466593,,12219049,7641175
2022-11-28,7540,190,282,787,37275791,12685538,466493,,12219045,7641706
2022-11-29,21024,422,453,1292,37296815,12685631,466458,,12219173,7642720
2022-11-30,27892,643,650,1842,37324707,12685958,466449,,12219509,7644287
2022-12-01,24805,593,682,1692,37349512,12686225,466357,,12219868,7645695
2022-12-02,25057,523,630,1775,37374569,12686422,466244,,12220178,7647188
2022-12-03,25558,588,781,1945,37400127,12686691,466041,,12220650,7648873
2022-12-04,15252,494,606,1702,37415379,12686854,465924,,12220930,7650283
2022-12-05,6877,167,157,746,37422256,12686730,465929,,12220801,7650782
2022-12-06,20351,419,352,1379,37442607,12686782,465991,,12220791,7651849
2022-12-07,24781,553,609,1672,37467388,12687018,465928,,12221090,7653249
2022-12-08,23162,563,522,1764,37490550,12687270,465967,,12221303,7654739
2022-12-09,23328,636,575,1632,37513878,12687578,466024,,12221554,7656097
2022-12-10,22575,509,602,1631,37536453,12687770,465928,,12221842,7657451
2022-12-11,14204,548,786,1566,37550657,12688054,465687,,12222367,7658791
2022-12-12,5507,149,156,595,37556164,12687913,465675,,12222238,7659147
2022-12-13,17797,375,370,1124,37573961,12687968,465678,,12222290,7659999
2022-12-14,21322,511,547,1453,37595283,12688189,465636,,12222553,7661212
2022-12-15,21970,530,603,1579,37617253,12688377,465561,,12222816,7662496
2022-12-16,16288,378,451,1031,37633541,12688432,465485,,12222947,7663255
2022-12-17,18699,556,508,1276,37652240,12688665,465531,,12223134,7664246
2022-12-18,12641,529,794,1306,37664881,12688913,465265,,12223648,7665300
2022-12-19,4585,131,116,449,37669466,12688713,465276,,12223437,7665464
2022-12-20,16212,498,449,1110,37685678,12688895,465318,,12223577,7666308
2022-12-21,18474,541,552,1303,37704152,12689136,465303,,12223833,7667348
2022-12-22,18602,574,591,1747,37722754,12689413,465286,,12224127,7668835
2022-12-23,15648,576,600,1716,37738402,12689634,465257,,12224377,7670256
2022-12-24,5339,224,172,674,37743741,12689550,465308,,12224242,7670653
2022-12-25,2444,153,153,480,37746185,12689398,465299,,12224099,7670869
2022-12-26,262,12,7,48,37746447,12689115,465299,,12223816,7670666
2022-12-27,2097,98,36,307,37748544,12688928,465357,,12223571,7670736
2022-12-28,8320,337,168,975,37756864,12688957,465521,,12223436,7671442
2022-12-29,13165,582,529,1601,37770029,12689214,465570,,12223644,7672761
2022-12-30,15820,666,658,1881,37785849,12689577,465575,,12224002,7674372
2022-12-31,11235,460,389,1355,37797084,12689684,465642,,12224042,7675423
2023-01-01,3907,201,219,563,37800991,12689579,465623,,12223956,7675719
2023-01-02,652,36,14,97,37801643,12689331,465644,,12223687,7675569
2023-01-03,8196,297,151,902,37809839,12689348,465784,,12223564,7676234
2023-01-04,14723,574,547,1547,37824562,12689637,465805,,12223832,7677532
2023-01-05,16118,643,535,1796,37840680,12689981,465905,,12224076,7679069
2023-01-06,18833,715,612,2046,37859513,12690404,466005,,12224399,7680862
2023-01-07,18524,702,639,2056,37878037,12690823,466063,,12224760,7682672
2023-01-08,11612,580,608,1632,37889649,12691151,466032,,12225119,7684084
2023-01-09,5299,215,196,664,37894948,12691064,466049,,12225015,7684492
2023-01-10,12159,415,317,786,37907107,12691178,466145,,12225033,7685017
2023-01-11,15544,458,370,1095,37922651,12691316,466229,,12225087,7685841
2023-01-12,14066,444,409,973,37936717,12691453,466263,,12225190,7686552
2023-01-13,14174,421,344,1040,37950891,12691620,466337,,12225283,7687369
2023-01-14,13389,473,451,1078,37964280,12691789,466354,,12225435,7688179
2023-01-15,9046,459,508,1055,37973326,12691978,466304,,12225674,7689006
2023-01-16,3746,146,130,479,37977072,12691852,466320,,12225532,7689242
2023-01-17,8851,267,179,653,37985923,12691782,466404,,12225378,7689611
2023-01-18,10263,349,272,761,37996186,12691837,466478,,12225359,7690107
2023-01-19,10593,316,318,761,38006779,12691860,466471,,12225389,7690620
2023-01-20,9837,318,272,717,38016616,12691894,466515,,12225379,7691085
2023-01-21,11307,355,398,904,38027923,12691952,466471,,12225481,7691739
2023-01-22,7569,343,405,818,38035492,12692034,466407,,12225627,7692324
2023-01-23,3380,143,131,288,38038872,12691945,466418,,12225527,7692407
2023-01-24,8288,226,166,550,38047160,12691865,466476,,12225389,7692689
2023-01-25,10306,346,297,663,38057466,12691942,466521,,12225421,7693125
2023-01-26,6722,236,203,469,38064188,12691890,466552,,12225338,7693350
2023-01-27,6911,236,197,498,38071099,12691825,466588,,12225237,7693591
2023-01-28,9350,312,339,695,38080449,12691850,466556,,12225294,7694037
2023-01-29,5967,234,341,692,38086416,12691807,466444,,12225363,7694483
2023-01-30,1900,88,80,215,38088316,12691614,466450,,12225164,7694452
2023-01-31,5883,156,150,414,38094199,12691464,466453,,12225011,7694593
2023-02-01,7302,248,249,493,38101501,12691458,466449,,12225009,7694867
2023-02-02,6484,296,240,503,38107985,12691486,466502,,12224984,7695152
2023-02-03,6551,197,194,463,38114536,12691422,466501,,12224921,7695386
2023-02-04,6731,233,307,544,38121267,12691393,466421,,12224972,7695707
2023-02-05,4177,199,291,484,38125444,12691314,466324,,12224990,7695962
2023-02-06,1834,90,98,212,38127278,12691115,466313,,12224802,7695920
2023-02-07,4965,161,182,385,38132243,12690979,466290,,12224689,7696058
2023-02-08,5770,212,206,430,38138013,12690917,466294,,12224623,7696248
2023-02-09,6124,211,244,439,38144137,12690865,466260,,12224605,7696466
2023-02-10,5090,159,208,372,38149227,12690800,466209,,12224591,7696640
2023-02-11,6053,186,260,458,38155280,12690703,466131,,12224572,7696843
2023-02-12,4082,219,342,409,38159362,12690678,466005,,12224673,7697034
2023-02-13,1483,57,87,146,38160845,12690492,465973,,12224519,7696977
2023-02-14,3944,131,179,309,38164789,12690344,465923,,12224421,7697037
2023-02-15,4540,119,191,286,38169329,12690196,465848,,12224348,7697093
2023-02-16,4916,175,284,400,38174245,12690105,465735,,12224370,7697262
2023-02-17,4982,181,210,342,38179227,12690040,465703,,12224337,7697394
2023-02-18,5115,232,294,487,38184342,12690010,465639,,12224371,7697657
2023-02-19,3354,132,244,373,38187696,12689884,465523,,12224361,7697814
2023-02-20,1424,63,54,158,38189120,12689699,465529,,12224170,7697761
2023-02-21,913,26,14,107,38190033,12689489,465538,,12223951,7697656
2023-02-22,4135,131,212,370,38194168,12689367,465451,,12223916,7697818
2023-02-23,4282,162,231,392,38198450,12689266,465375,,12223891,7697981
2023-02-24,3034,136,231,274,38201484,12689154,465276,,12223878,7698032
2023-02-25,5024,213,541,386,38206508,12689121,464947,,12224174,7698211
2023-02-26,3472,146,681,384,38209980,12689012,464408,,12224604,7698379
2023-02-27,1074,37,57,97,38211054,12688819,464385,,12224434,7698282
2023-02-28,2729,99,163,232,38213783,12688638,464319,,12224319,7698262
2023-03-01,3849,137,428,335,38217632,12688484,464023,,12224461,7698336
2023-03-02,4589,158,494,328,38222221,12688348,463678,,12224670,7698419
2023-03-03,4367,159,357,334,38226588,12688247,463477,,12224770,7698518
2023-03-04,4968,208,623,350,38231556,12688189,463059,,12225130,7698638
2023-03-05,2536,110,449,251,38234092,12688019,462719,,12225300,7698641
2023-03-06,1156,48,37,114,38235248,12687822,462728,,12225094,7698542
2023-03-07,3221,87,172,225,38238469,12687610,462640,,12224970,7698515
2023-03-08,4316,133,412,284,38242785,12687465,462359,,12225106,7698548
2023-03-09,4615,173,453,312,38247400,12687369,462074,,12225295,7698630
2023-03-10,3942,100,139,254,38251342,12687240,462033,,12225207,7698687
2023-03-11,4064,139,171,286,38255406,12687159,461998,,12225161,7698780
2023-03-12,2883,109,234,301,38258289,12687016,461864,,12225152,7698858
2023-03-13,862,29,32,106,38259151,12686823,461857,,12224966,7698771
2023-03-14,3078,100,109,257,38262229,12686672,461848,,12224824,7698812
2023-03-15,4099,139,163,312,38266328,12686587,461822,,12224765,7698926
2023-03-16,4020,176,234,277,38270348,12686474,461759,,12224715,7698960
2023-03-17,4290,168,202,310,38274638,12686367,461721,,12224646,7699023
2023-03-18,4361,144,194,298,38278999,12686258,461670,,12224588,7699098
2023-03-19,2722,128,233,256,38281721,12686190,461565,,12224625,7699172
2023-03-20,774,31,19,74,38282495,12685984,461577,,12224407,7699042
2023-03-21,2898,70,86,200,38285393,12685826,461557,,12224269,7699045
2023-03-22,3893,130,132,248,38289286,12685712,461552,,12224160,7699074
2023-03-23,3808,118,171,226,38293094,12685596,461494,,12224102,7699097
2023-03-24,3693,102,116,238,38296787,12685483,461479,,12224004,7699150
2023-03-25,4273,108,171,251,38301060,12685365,461411,,12223954,7699204
2023-03-26,2472,112,212,202,38303532,12685268,461308,,12223960,7699223
2023-03-27,915,48,32,68,38304447,12685133,461324,,12223809,7699130
2023-03-28,3104,86,78,202,38307551,12684989,461326,,12223663,7699129
2023-03-29,4170,127,136,224,38311721,12684876,461314,,12223562,7699141
2023-03-30,3838,108,164,211,38315559,12684758,461257,,12223501,7699145
2023-03-31,3987,140,109,222,38319546,12684664,461287,,12223377,7699164
2023-04-01,4191,135,147,225,38323737,12684580,461274,,12223306,7699199
2023-04-02,2180,58,122,173,38325917,12684392,461206,,12223186,7699156
2023-04-03,781,24,12,53,38326698,12684204,461217,,12222987,7699024
2023-04-04,3418,75,73,169,38330116,12684061,461218,,12222843,7698993
2023-04-05,4368,94,108,249,38334484,12683923,461202,,12222721,7699044
2023-04-06,3701,107,109,190,38338185,12683815,461199,,12222616,7699040
2023-04-07,4598,105,115,243,38342783,12683686,461186,,12222500,7699082
2023-04-08,835,22,11,54,38343618,12683513,461193,,12222320,7698969
2023-04-09,2441,81,103,161,38346059,12683422,461169,,12222253,7698982
2023-04-10,360,9,6,20,38346419,12683233,461166,,12222067,7698838
2023-04-11,2771,34,28,121,38349190,12683022,461171,,12221851,7698738
2023-04-12,6344,104,96,188,38355534,12682924,461177,,12221747,7698755
2023-04-13,6996,105,128,207,38362530,12682808,461151,,12221657,7698764
2023-04-14,6514,88,103,206,38369044,12682684,461133,,12221551,7698788
2023-04-15,6949,107,149,230,38375993,12682580,461089,,12221491,7698836
2023-04-16,3274,83,144,165,38379267,12682445,461026,,12221419,7698812
2023-04-17,864,12,13,49,38380131,12682273,461022,,12221251,7698703
2023-04-18,4783,101,77,160,38384914,12682161,461044,,12221117,7698675
2023-04-19,6566,117,98,177,38391480,12682057,461062,,12220995,7698654
2023-04-20,6383,100,152,210,38397863,12681948,461009,,12220939,7698677
2023-04-21,5773,85,75,133,38403636,12681820,461017,,12220803,7698623
2023-04-22,6387,92,91,180,38410023,12681703,461015,,12220688,7698629
2023-04-23,3299,119,147,170,38413322,12681629,460987,,12220642,7698629
2023-04-24,955,4,12,59,38414277,12681453,460978,,12220475,7698539
2023-04-25,4809,69,70,187,38419086,12681321,460977,,12220344,7698542
2023-04-26,6566,107,93,208,38425652,12681238,460991,,12220247,7698582
2023-04-27,6874,118,152,207,38432526,12681147,460953,,12220194,7698606
2023-04-28,6623,86,86,184,38439149,12681018,460952,,12220066,7698593
2023-04-29,6529,125,109,197,38445678,12680939,460967,,12219972,7698611
2023-04-30,2641,94,128,145,38448319,12680848,460932,,12219916,7698592
2023-05-01,1030,20,17,30,38449349,12680674,460933,,12219741,7698448
2023-05-02,4332,67,55,105,38453681,12680541,460942,,12219599,7698376
2023-05-03,5606,108,107,176,38459287,12680449,460941,,12219508,7698380
2023-05-04,8084,87,85,134,38467371,12680327,460942,,12219385,7698340
2023-05-05,13048,90,98,168,38480419,12680220,460931,,12219289,7698331
2023-05-06,15637,112,96,154,38496056,12680156,460946,,12219210,7698324
2023-05-07,6066,56,95,106,38502122,12680026,460903,,12219123,7698266
2023-05-08,2165,16,4,37,38504287,12679869,460913,,12218956,7698150
2023-05-09,12558,55,49,129,38516845,12679733,460916,,12218817,7698119
2023-05-10,14764,70,79,157,38531609,12679620,460905,,12218715,7698113
2023-05-11,13356,77,71,154,38544965,12679528,460910,,12218618,7698121
2023-05-12,13480,86,79,176,38558445,12679434,460915,,12218519,7698129
2023-05-13,11443,80,74,146,38569888,12679303,460917,,12218386,7698088
2023-05-14,4183,67,95,93,38574071,12679194,460888,,12218306,7698030
2023-05-15,1053,9,6,38,38575124,12679030,460885,,12218145,7697923
2023-05-16,8945,56,47,93,38584069,12678894,460889,,12218005,7697852
2023-05-17,11119,99,83,141,38595188,12678792,460902,,12217890,7697807
2023-05-18,10835,81,69,144,38606023,12678675,460914,,12217761,7697772
2023-05-19,10407,95,96,151,38616430,12678577,460911,,12217666,7697749
2023-05-20,9352,90,88,163,38625782,12678464,460912,,12217552,7697725
2023-05-21,3084,48,86,95,38628866,12678352,460872,,12217480,7697673
2023-05-22,970,15,11,29,38629836,12678199,460876,,12217323,7697553
2023-05-23,754,8,3,16,38630590,12678039,460881,,12217158,7697422
2023-05-24,8016,57,80,105,38638606,12677904,460857,,12217047,7697351
2023-05-25,9343,74,93,163,38647949,12677803,460836,,12216967,7697359
2023-05-26,7993,68,69,123,38655942,12677714,460835,,12216879,7697341
2023-05-27,8127,108,76,125,38664069,12677661,460865,,12216796,7697329
2023-05-28,2905,56,72,101,38666974,12677572,460846,,12216726,7697297
2023-05-29,972,13,11,30,38667946,12677436,460846,,12216590,7697191
2023-05-30,5958,60,50,112,38673904,12677319,460855,,12216464,7697143
2023-05-31,8163,91,94,122,38682067,12677239,460850,,12216389,7697115
2023-06-01,7275,71,95,120,38689342,12677139,460824,,12216315,7697084
2023-06-02,6320,49,48,121,38695662,12677028,460824,,12216204,7697062
2023-06-03,5478,71,63,121,38701140,12676944,460832,,12216112,7697047
2023-06-04,2048,47,78,77,38703188,12676872,460800,,12216072,7697016
2023-06-05,598,11,6,18,38703786,12676745,460805,,12215940,7696911
2023-06-06,4445,38,38,78,38708231,12676643,460802,,12215841,7696860
2023-06-07,5772,62,65,120,38714003,12676582,460796,,12215786,7696873
2023-06-08,5716,57,68,111,38719719,12676536,460784,,12215752,7696898
2023-06-09,6165,76,81,122,38725884,12676482,460779,,12215703,7696904
2023-06-10,5274,72,94,114,38731158,12676423,460756,,12215667,7696899
2023-06-11,2001,55,62,105,38733159,12676368,460747,,12215621,7696907
2023-06-12,670,11,7,38,38733829,12676301,460750,,12215551,7696875
2023-06-13,4163,55,58,102,38737992,12676224,460746,,12215478,7696868
2023-06-14,5458,72,83,118,38743450,12676166,460734,,12215432,7696875
2023-06-15,5088,68,75,121,38748538,12676107,460726,,12215381,7696880
2023-06-16,5617,72,63,120,38754155,12676077,460733,,12215344,7696914
2023-06-17,4035,64,61,110,38758190,12676052,460736,,12215316,7696942
2023-06-18,1552,43,61,95,38759742,12675999,460717,,12215282,7696955
2023-06-19,366,6,2,13,38760108,12675936,460720,,12215216,7696907
2023-06-20,3128,52,42,88,38763236,12675893,460729,,12215164,7696910
2023-06-21,3569,40,56,86,38766805,12675861,460713,,12215148,7696932
2023-06-22,3891,75,72,116,38770696,12675873,460716,,12215157,7696996
2023-06-23,4403,62,45,84,38775099,12675881,460733,,12215148,7697035
2023-06-24,3632,49,61,72,38778731,12675865,460721,,12215144,7697049
2023-06-25,1490,34,50,87,38780221,12675873,460705,,12215168,7697113
2023-06-26,505,12,9,21,38780726,12675859,460708,,12215151,7697112
2023-06-27,2967,80,47,89,38783693,12675936,460741,,12215195,7697198
2023-06-28,3921,75,57,86,38787614,12676011,460759,,12215252,7697284
2023-06-29,3699,68,69,73,38791313,12676079,460758,,12215321,7697357
