"report_date","previous_day_total_doses_administered","previous_day_at_least_one","previous_day_fully_vaccinated","previous_day_3doses","total_doses_administered","total_individuals_at_least_one","total_individuals_partially_vaccinated","total_doses_in_fully_vaccinated_individuals","total_individuals_fully_vaccinated","total_individuals_3doses"
2021-01-01,6251,6241,2,,32180,32125,32114,22,11,
2021-01-02,4612,4600,6,,36792,36673,36660,26,13,
2021-01-03,5393,5386,3,,42185,42059,42043,32,16,
2021-01-04,5995,5993,0,,48180,48051,48036,30,15,
2021-01-05,9681,9657,19,,57861,57706,57673,66,33,
2021-01-06,12791,12326,450,,70652,70028,69549,958,479,
2021-01-07,16216,15504,697,,86868,85531,84355,2352,1176,
2021-01-08,18034,17019,1002,,104902,102550,100372,4356,2178,
2021-01-09,19499,18422,1064,,124401,120971,117729,6484,3242,
2021-01-10,11366,11327,37,,135767,132289,129011,6556,3278,
2021-01-11,11710,11661,48,,147477,143950,140624,6652,3326,
2021-01-12,14466,14160,297,,161943,158102,154479,7246,3623,
2021-01-13,15432,13811,1592,,177375,171899,166686,10426,5213,
2021-01-14,19180,16730,2435,,196555,188623,180976,15294,7647,
2021-01-15,20045,17989,2037,,216600,206601,196917,19368,9684,
2021-01-16,17115,15932,1170,,233715,222517,211663,21708,10854,
2021-01-17,11253,10010,1236,,244968,232512,220424,24176,12088,
2021-01-18,6788,6708,70,,251756,239197,227042,24310,12155,
2021-01-19,11822,9714,2094,,263578,248890,234641,28498,14249,
2021-01-20,10798,7209,3572,,274376,256076,238256,35640,17820,
2021-01-21,10965,6849,4089,,285341,262909,241000,43818,21909,
2021-01-22,9035,4318,4698,,294376,267190,240585,53210,26605,
2021-01-23,7445,3030,4387,,301821,270190,239199,61982,30991,
2021-01-24,4380,1824,2536,,306201,271996,238469,67054,33527,
2021-01-25,5317,1045,4263,,311518,273009,235220,75578,37789,
2021-01-26,9376,2853,6495,,320894,275830,231547,88566,44283,
2021-01-27,9893,2861,7004,,330787,278662,227376,102572,51286,
2021-01-28,13104,5730,7332,,343891,284359,225741,117236,58618,
2021-01-29,10682,3270,7378,,354573,287598,221603,131990,65995,
2021-01-30,9180,2721,6422,,363753,290277,217863,144828,72414,
2021-01-31,3370,1560,1767,,367123,291803,217623,148360,74180,
2021-02-01,2119,482,1609,,369242,292251,216466,151570,75785,
2021-02-02,4402,1349,2995,,373644,293562,214786,157552,78776,
2021-02-03,6231,1713,4457,,379875,295234,212008,166452,83226,
2021-02-04,9071,1702,7290,,388946,296893,206383,181020,90510,
2021-02-05,8431,1459,6901,,397377,298312,200907,194810,97405,
2021-02-06,10655,1861,8735,,408032,300118,193987,212262,106131,
2021-02-07,7566,1723,5795,,415598,301801,189887,223828,111914,
2021-02-08,8214,3092,5080,,423812,304845,187864,233962,116981,
2021-02-09,14997,3852,11079,,438809,308655,180611,256088,128044,
2021-02-10,15500,4923,10518,,454309,313526,174989,277074,138537,
2021-02-11,16356,3895,12406,,470665,317369,166457,301824,150912,
2021-02-12,17647,2092,15505,,488312,319423,153025,332796,166398,
2021-02-13,16199,2437,13746,,504511,321815,141690,360250,180125,
2021-02-14,12871,914,11925,,517382,322681,130661,384040,192020,
2021-02-15,7859,483,7328,,525241,323116,123794,398644,199322,
2021-02-16,5989,1040,4899,,531230,324113,119915,408396,204198,
2021-02-17,10160,1604,8522,,541390,325673,112981,425384,212692,
2021-02-18,13863,2951,10868,,555253,328576,105046,447060,223530,
2021-02-19,18482,6210,12206,,573735,334734,99029,471410,235705,
2021-02-20,22615,11127,11436,,596350,345798,98695,494206,247103,
2021-02-21,17227,10373,6820,,613577,356111,102230,507762,253881,
2021-02-22,13575,8749,4775,,627152,364790,106184,517212,258606,
2021-02-23,17849,11114,6664,,645001,375848,110614,530468,265234,
2021-02-24,18564,13605,4878,,663565,389397,119327,540140,270070,
2021-02-25,20797,16481,4259,,684362,405812,131531,548562,274281,
2021-02-26,24877,21823,2994,,709239,427575,150337,554476,277238,
2021-02-27,27447,23573,3834,,736686,451084,170060,562048,281024,
2021-02-28,20578,19139,1405,,757264,470169,187782,564774,282387,
2021-03-01,18213,17020,1148,,775477,487128,203639,566978,283489,
2021-03-02,24666,22266,2316,,800143,509333,223574,571518,285759,
2021-03-03,30581,27953,2575,,830724,537235,248934,576602,288301,
2021-03-04,34676,32450,2142,,865400,569619,279226,580786,290393,
2021-03-05,39966,38142,1777,,905366,607713,315577,584272,292136,
2021-03-06,44131,41928,2165,,949497,649586,355326,588520,294260,
2021-03-07,32722,31548,1170,,982219,681060,385688,590744,295372,
2021-03-08,24034,22160,1861,,1006253,703152,405973,594358,297179,
2021-03-09,33274,29829,3417,,1039527,732915,432365,601100,300550,
2021-03-10,38320,34060,4215,,1077847,766901,462184,609434,304717,
2021-03-11,43962,40691,3232,,1121809,807526,499629,615794,307897,
2021-03-12,47688,45976,1688,,1169497,853438,543903,619070,309535,
2021-03-13,57889,55019,2842,,1227386,908386,596063,624646,312323,
2021-03-14,43384,42153,1215,,1270770,950456,636986,626940,313470,
2021-03-15,32798,31102,1681,,1303568,981499,666391,630216,315108,
2021-03-16,53933,51641,2276,,1357501,1033075,715734,634682,317341,
2021-03-17,61040,58508,2490,,1418541,1091517,771736,639562,319781,
2021-03-18,61518,59066,2427,,1480059,1150511,828356,644310,322155,
2021-03-19,64445,61126,3266,,1544504,1211559,886191,650736,325368,
2021-03-20,62544,59962,2551,,1607048,1271465,943594,655742,327871,
2021-03-21,43978,42461,1531,,1651026,1313861,984496,658730,329365,
2021-03-22,30989,30027,974,,1682015,1343800,1013517,660566,330283,
2021-03-23,54590,51818,2723,,1736605,1395523,1062580,665886,332943,
2021-03-24,76400,73224,3129,,1813005,1468657,1132642,672030,336015,
2021-03-25,82890,80312,2530,,1895895,1548890,1210402,676976,338488,
2021-03-26,86977,83451,3487,,1982872,1632260,1290337,683846,341923,
2021-03-27,80831,77883,2864,,2063703,1710040,1365318,689444,344722,
2021-03-28,66976,65390,1553,,2130679,1775340,1429122,692436,346218,
2021-03-29,51723,49038,2651,,2182402,1824298,1475475,697646,348823,
2021-03-30,73553,70150,3346,,2255955,1894371,1542243,704256,352128,
2021-03-31,93135,89491,3577,,2349090,1983764,1628112,711304,355652,
2021-04-01,89290,85424,3831,,2438380,2069090,1709660,718860,359430,
2021-04-02,93061,88840,4206,,2531441,2157844,1794260,727168,363584,
2021-04-03,60974,59302,1730,,2592415,2217055,1851792,730526,365263,
2021-04-04,72315,70668,1643,,2664730,2287612,1920764,733696,366848,
2021-04-05,53724,53255,469,,2718454,2340783,1973514,734538,367269,
2021-04-06,79566,77703,1882,,2798020,2418385,2049287,738196,369098,
2021-04-07,107986,104925,3053,,2906006,2523185,2151092,744186,372093,
2021-04-08,114056,110094,4020,,3020062,2633168,2257111,752114,376057,
2021-04-09,109816,105604,4288,,3129878,2738654,2358374,760560,380280,
2021-04-10,109205,105459,3842,,3239083,2843985,2459929,768112,384056,
2021-04-11,98601,95492,3253,,3337684,2939352,2552102,774500,387250,
2021-04-12,76055,74995,1153,,3413739,3014199,2625864,776670,388335,
2021-04-13,99448,96076,3394,,3513187,3110166,2718485,783362,391681,
2021-04-14,117022,113265,3647,,3630209,3223313,2828025,790576,395288,
2021-04-15,113538,109489,3892,,3743747,3332676,2933553,798246,399123,
2021-04-16,118098,113730,4191,,3861845,3446296,3043026,806540,403270,
2021-04-17,112389,107808,4442,,3974234,3553970,3146317,815306,407653,
2021-04-18,88724,86493,2099,,4062958,3640340,3230642,819396,409698,
2021-04-19,68954,67429,1446,,4131912,3707639,3296546,822186,411093,
2021-04-20,101900,98581,3116,,4233812,3806058,3391914,828288,414144,
2021-04-21,141970,137709,4028,,4375782,3943593,3525489,836208,418104,
2021-04-22,139447,135311,3899,,4515229,4078775,3656828,843894,421947,
2021-04-23,138172,131780,6150,,4653401,4210401,3782362,856078,428039,
2021-04-24,130255,126210,3876,,4783656,4336463,3904604,863718,431859,
2021-04-25,101998,98598,3173,,4885654,4434913,3999948,869930,434965,
2021-04-26,70989,69288,1554,,4956643,4504070,4067611,872918,436459,
2021-04-27,98479,95408,2882,,5055122,4599317,4160039,878556,439278,
2021-04-28,120552,115941,4421,,5175674,4715090,4271463,887254,443627,
2021-04-29,124460,119272,5042,,5300134,4834195,4385595,897200,448600,
2021-04-30,115785,110547,5004,,5415919,4944569,4491042,907054,453527,
2021-05-01,111257,107409,3635,,5527176,5051797,4594712,914170,457085,
2021-05-02,79121,76152,2857,,5606297,5127792,4667916,919752,459876,
2021-05-03,56775,55114,1592,,5663072,5182752,4721344,922816,461408,
2021-05-04,91907,88543,3280,,5754979,5271117,4806506,929222,464611,
2021-05-05,137969,133273,4612,,5892948,5404221,4935061,938320,469160,
2021-05-06,141813,136867,4809,,6034761,5540904,5066997,947814,473907,
2021-05-07,150242,145221,4824,,6185003,5685965,5207293,957344,478672,
2021-05-08,142426,137752,4426,,6327429,5823522,5340503,966038,483019,
2021-05-09,124783,121141,3475,,6452212,5944499,5458069,972860,486430,
2021-05-10,97788,95813,1875,,6550000,6040123,5551885,976476,488238,
2021-05-11,113485,108825,4482,,6663485,6148746,5656097,985298,492649,
2021-05-12,145001,137990,6865,,6808486,6286557,5787109,998896,499448,
2021-05-13,142630,135290,7197,,6951116,6421672,5915101,1013142,506571,
2021-05-14,148855,138752,9936,,7099971,6560236,6043794,1032884,516442,
2021-05-15,159695,149667,9852,,7259666,6709716,6183497,1052438,526219,
2021-05-16,144340,136072,8064,,7404006,6845620,6311417,1068406,534203,
2021-05-17,114952,110859,3940,,7518958,6956290,6418223,1076134,538067,
2021-05-18,111284,100429,10654,,7630242,7056523,6507864,1097318,548659,
2021-05-19,149840,133445,16220,,7780082,7189816,6625011,1129610,564805,
2021-05-20,151514,131539,19765,,7931596,7321166,6736665,1169002,584501,
2021-05-21,165331,140841,24235,,8096927,7461826,6853167,1217318,608659,
2021-05-22,199375,172199,26951,,8296302,7633828,6998299,1271058,635529,
2021-05-23,139794,127430,12221,,8436096,7761080,7113392,1295376,647688,
2021-05-24,100267,93300,6824,,8536363,7854207,7199765,1308884,654442,
2021-05-25,90415,82940,7267,,8626778,7936984,7275342,1323284,661642,
2021-05-26,139731,112973,26495,,8766509,8049770,7361703,1376134,688067,
2021-05-27,152025,123011,28762,,8918534,8172624,7455864,1433520,716760,
2021-05-28,163815,132273,31240,,9082349,8304724,7556783,1495882,747941,
2021-05-29,153344,117091,36021,,9235693,8421666,7637760,1567812,783906,
2021-05-30,149687,118989,30474,,9385380,8540485,7726167,1628636,814318,
2021-05-31,99183,79791,19202,,9484563,8620106,7786650,1666912,833456,
2021-06-01,124135,90566,33237,,9608698,8710477,7843859,1733236,866618,
2021-06-02,145264,102115,42903,,9753962,8812411,7902959,1818904,909452,
2021-06-03,155317,99877,55164,,9909279,8912104,7947559,1929090,964545,
2021-06-04,181671,115507,65896,,10090950,9027412,7997059,2060706,1030353,
2021-06-05,171971,103399,68297,,10262921,9130613,8032048,2197130,1098565,
2021-06-06,163351,91831,71239,,10426272,9222266,8052532,2339468,1169734,
2021-06-07,119539,63033,56289,,10545811,9285102,8059154,2451896,1225948,
2021-06-08,161858,72422,89000,,10707669,9357335,8042467,2629736,1314868,
2021-06-09,181418,70778,110178,,10889087,9427936,8002971,2849930,1424965,
2021-06-10,185539,66396,118658,,11074626,9494129,7950597,3087064,1543532,
2021-06-11,204742,67489,136500,,11279368,9561432,7881482,3359900,1679950,
2021-06-12,199674,62644,136433,,11479042,9623894,7807603,3632582,1816291,
2021-06-13,190290,58855,130910,,11669332,9682574,7735453,3894242,1947121,
2021-06-14,137659,38672,98592,,11806991,9721050,7675442,4091216,2045608,
2021-06-15,189176,42579,146245,,11996167,9763411,7571655,4383512,2191756,
2021-06-16,206092,42411,163043,,12202259,9805626,7450930,4709392,2354696,
2021-06-17,210366,37914,171879,,12412625,9843325,7316842,5052966,2526483,
2021-06-18,217107,35336,181171,,12629732,9878471,7170909,5415124,2707562,
2021-06-19,215826,35471,179689,,12845558,9913736,7026597,5774278,2887139,
2021-06-20,186219,35536,150110,,13031777,9949074,6911933,6074282,3037141,
2021-06-21,120409,20816,99097,,13152186,9969695,6833549,6272292,3136146,
2021-06-22,204890,27486,176655,,13357076,9996987,6684295,6625384,3312692,
2021-06-23,230469,28600,201137,,13587545,10025387,6511666,7027442,3513721,
2021-06-24,227642,26655,200242,,13815187,10051846,6337993,7427706,3713853,
2021-06-25,251061,27957,222364,,14066248,10079602,6143503,7872198,3936099,
2021-06-26,261241,29981,230560,,14327489,10109358,5942839,8333038,4166519,
2021-06-27,204957,27766,176592,,14532446,10136942,5793941,8686002,4343001,
2021-06-28,199221,20945,177718,,14731667,10157689,5637095,9041188,4520594,
2021-06-29,250070,24473,224876,,14981737,10181921,5436605,9490632,4745316,
2021-06-30,275496,24162,250768,,15257233,10205880,5209925,9991910,4995955,
2021-07-01,271937,25293,246095,,15529170,10230955,4989044,10483822,5241911,
2021-07-02,144690,11573,132894,,15673860,10242354,4867651,10749406,5374703,
2021-07-03,216860,19911,196719,,15890720,10262043,4690770,11142546,5571273,
2021-07-04,196124,19385,176518,,16086844,10281242,4533570,11495344,5747672,
2021-07-05,148700,12433,136126,,16235544,10293486,4409815,11767342,5883671,
2021-07-06,219992,19976,199803,,16455536,10313246,4229918,12166656,6083328,
2021-07-07,246578,22956,223385,,16702114,10335976,4029411,12613130,6306565,
2021-07-08,231164,21336,209619,,16933278,10357106,3841057,13032098,6516049,
2021-07-09,226955,21494,205295,,17160233,10378398,3657186,13442424,6721212,
2021-07-10,209029,20525,188351,,17369262,10398719,3489293,13818852,6909426,
2021-07-11,171639,17562,153953,,17540901,10416080,3352848,14126464,7063232,
2021-07-12,123112,11440,111576,,17664013,10427331,3252660,14349342,7174671,
2021-07-13,178445,19003,159300,,17842458,10446112,3112296,14667632,7333816,
2021-07-14,180000,19286,160558,,18022458,10465184,2970973,14988422,7494211,
2021-07-15,167159,19571,147417,,18189617,10484544,2843080,15282928,7641464,
2021-07-16,169303,19875,149277,,18358920,10504217,2713629,15581176,7790588,
2021-07-17,172950,20241,152585,,18531870,10524209,2581228,15885962,7942981,
2021-07-18,133597,15914,117546,,18665467,10539939,2479560,16120758,8060379,
2021-07-19,91954,10407,81441,,18757421,10550133,2408488,16283290,8141645,
2021-07-20,133502,16930,116513,,18890923,10566823,2308841,16515964,8257982,
2021-07-21,140053,16968,123014,,19030976,10583576,2202742,16761668,8380834,
2021-07-22,125561,17618,107808,,19156537,10600970,2112505,16976930,8488465,
2021-07-23,120217,16972,103038,,19276754,10617701,2026397,17182608,8591304,
2021-07-24,126648,18315,108099,,19403402,10635813,1936573,17398480,8699240,
2021-07-25,103601,14839,88634,,19507003,10650428,1862735,17575386,8787693,
2021-07-26,66667,9879,56697,,19573670,10660089,1815880,17688418,8844209,
2021-07-27,92347,15305,76879,,19666017,10675133,1754262,17841742,8920871,
2021-07-28,93898,16439,77384,,19759915,10691337,1693273,17996128,8998064,
2021-07-29,89355,16689,72506,,19849270,10707794,1637412,18140764,9070382,
2021-07-30,84014,16080,67820,,19933284,10723646,1585632,18276028,9138014,
2021-07-31,83793,15679,67959,,20017077,10739107,1533324,18411566,9205783,
2021-08-01,61841,11304,50356,,20078918,10750185,1494237,18511896,9255948,
2021-08-02,42456,7397,34942,,20121374,10757384,1466660,18581448,9290724,
2021-08-03,33253,5940,27145,,20154627,10763091,1445432,18635318,9317659,
2021-08-04,61277,12355,48731,,20215904,10775211,1409019,18732384,9366192,
2021-08-05,59419,12522,46743,,20275323,10787525,1374754,18825542,9412771,
2021-08-06,55978,11838,43925,,20331301,10799103,1342636,18912934,9456467,
2021-08-07,62333,12115,50020,,20393634,10810957,1304688,19012538,9506269,
2021-08-08,48627,9236,39206,,20442261,10819965,1274695,19090540,9545270,
2021-08-09,30835,5928,24733,,20473096,10825679,1255863,19139632,9569816,
2021-08-10,49207,10487,38423,,20522303,10835886,1227893,19215986,9607993,
2021-08-11,48678,10750,37689,,20570981,10846389,1200923,19290932,9645466,
2021-08-12,49202,11177,37801,,20620183,10857316,1174257,19366118,9683059,
2021-08-13,49579,11712,37599,,20669762,10868787,1148340,19440894,9720447,
2021-08-14,51174,12120,38849,,20720936,10880657,1121585,19518144,9759072,
2021-08-15,41719,9828,31671,,20762655,10890283,1099712,19581142,9790571,
2021-08-16,26709,6167,20388,,20789364,10896227,1085465,19621524,9810762,
2021-08-17,40456,11032,29165,,20829820,10907009,1067308,19679402,9839701,
2021-08-18,41861,11951,29670,,20871681,10918718,1049557,19738322,9869161,
2021-08-19,45846,16507,29078,,20917527,10934974,1036958,19796032,9898016,
2021-08-20,46393,16265,29715,,20963920,10950983,1023481,19855004,9927502,
2021-08-21,47914,15130,32416,,21011834,10965853,1006162,19919382,9959691,
2021-08-22,34356,10794,23297,,21046190,10976401,993635,19965532,9982766,
2021-08-23,23205,6997,15991,,21069395,10983163,984620,19997086,9998543,
2021-08-24,37613,13358,23806,,21107008,10996267,974149,20044236,10022118,
2021-08-25,41287,14393,26293,,21148295,11010404,962230,20096348,10048174,
2021-08-26,39234,13545,24947,,21187529,11023673,950793,20145760,10072880,
2021-08-27,37619,12904,23674,,21225148,11036336,939996,20192680,10096340,
2021-08-28,40071,13403,25495,,21265219,11049461,927880,20243162,10121581,
2021-08-29,30518,10234,19931,,21295737,11059463,918164,20282598,10141299,
2021-08-30,18220,6134,11837,,21313957,11065349,912432,20305834,10152917,
2021-08-31,32674,11925,19602,,21346631,11077006,904727,20344558,10172279,
2021-09-01,36190,12921,21927,,21382821,11089694,895705,20387978,10193989,
2021-09-02,37720,15621,19641,,21420541,11105063,891660,20426806,10213403,
2021-09-03,46822,21061,22414,,21467363,11125876,890288,20471176,10235588,
2021-09-04,46843,20576,24753,,21514206,11146206,886088,20520236,10260118,
2021-09-05,33035,14195,18556,,21547241,11160157,881707,20556900,10278450,
2021-09-06,21679,9475,12020,,21568920,11169383,879145,20580476,10290238,
2021-09-07,14965,6710,8074,,21583885,11175836,877764,20596144,10298072,
2021-09-08,41111,17097,20923,,21624996,11192669,873920,20637498,10318749,
2021-09-09,41404,16953,19655,,21666400,11209345,871193,20676304,10338152,
2021-09-10,39596,15490,18975,,21705996,11224573,867690,20713766,10356883,
2021-09-11,42340,15920,23320,,21748336,11240214,860269,20759890,10379945,
2021-09-12,29938,11524,17854,,21778274,11251444,853909,20795070,10397535,
2021-09-13,16059,6394,9169,,21794333,11257604,851119,20812970,10406485,
2021-09-14,29870,11547,15272,,21824203,11268850,847367,20842966,10421483,
2021-09-15,39249,14010,19409,,21863452,11282601,841953,20881296,10440648,
2021-09-16,39313,13970,19231,,21902765,11296336,836669,20919334,10459667,
2021-09-17,38882,13593,19312,,21941647,11309686,830938,20957496,10478748,
2021-09-18,41185,14073,23492,,21982832,11323486,821498,21003976,10501988,
2021-09-19,30622,10820,18960,,22013454,11334047,813345,21041404,10520702,
2021-09-20,16722,6100,10170,,22030176,11339893,809252,21061282,10530641,
2021-09-21,31325,11201,16972,,22061501,11350829,803465,21094728,10547364,
2021-09-22,41780,14808,22908,,22103281,11365341,795344,21139994,10569997,
2021-09-23,47194,16126,26012,,22150475,11381204,785439,21191530,10595765,
2021-09-24,46264,15623,26623,,22196739,11396566,774420,21244292,10622146,
2021-09-25,48161,15245,29926,,22244900,11411558,759720,21303676,10651838,
2021-09-26,37462,12412,24459,,22282362,11423695,747652,21352086,10676043,
2021-09-27,19143,6527,12311,,22301505,11429968,741852,21376232,10688116,
2021-09-28,30920,11282,17857,,22332425,11440991,735265,21411452,10705726,
2021-09-29,37852,12465,21706,,22370277,11453185,726004,21454362,10727181,
2021-09-30,37298,11639,21349,,22407575,11464565,716275,21496580,10748290,
2021-10-01,30844,9802,18391,,22438419,11474141,707673,21532936,10766468,
2021-10-02,37104,11149,23565,,22475523,11485020,695239,21579562,10789781,
2021-10-03,27193,8159,18318,,22502716,11492938,685067,21615742,10807871,
2021-10-04,14863,4744,9800,,22517579,11497436,679993,21634886,10817443,
2021-10-05,26785,8584,15846,,22544364,11505759,672716,21666086,10833043,
2021-10-06,31632,9630,18488,,22575996,11515130,663850,21702560,10851280,
2021-10-07,30321,9387,17104,,22606317,11524266,656120,21736292,10868146,
2021-10-08,32802,10732,18832,,22639119,11534728,648007,21773442,10886721,
2021-10-09,34102,10649,20991,,22673221,11545114,637651,21814926,10907463,
2021-10-10,23385,7655,15066,,22696606,11552519,630228,21844582,10922291,
2021-10-11,11991,3838,7859,,22708597,11556107,626191,21859832,10929916,
2021-10-12,5088,1620,3255,,22713685,11557449,624541,21865816,10932908,
2021-10-13,29082,9185,18069,,22742767,11566344,615641,21901406,10950703,
2021-10-14,28987,8900,17731,,22771754,11574969,606800,21936338,10968169,
2021-10-15,29058,8817,18148,,22800812,11583523,597456,21972134,10986067,
2021-10-16,31122,8980,19861,,22831934,11592212,586563,22011298,11005649,
2021-10-17,23678,7251,15358,,22855612,11599209,578443,22041532,11020766,
2021-10-18,12298,3747,8142,,22867910,11602675,574036,22057278,11028639,
2021-10-19,21241,6618,12613,,22889151,11609011,568028,22081966,11040983,
2021-10-20,25623,7534,14894,,22914774,11616298,560655,22111286,11055643,
2021-10-21,23149,6673,13018,,22937923,11622702,554299,22136806,11068403,
2021-10-22,26080,7300,15090,,22964003,11629680,546493,22166374,11083187,
2021-10-23,28150,7599,17140,,22992153,11637017,536945,22200144,11100072,
2021-10-24,19329,5730,12580,,23011482,11642491,530083,22224816,11112408,
2021-10-25,9921,2710,6472,,23021403,11644932,526313,22237238,11118619,
2021-10-26,18873,5381,11081,,23040276,11650035,520604,22258862,11129431,
2021-10-27,22815,6067,13189,,23063091,11655847,513468,22284758,11142379,
2021-10-28,22276,5790,12626,,23085367,11661349,506621,22309456,11154728,
2021-10-29,22785,5726,13032,,23108152,11666774,499301,22334946,11167473,
2021-10-30,24080,6031,14597,,23132232,11672533,490723,22363620,11181810,
2021-10-31,16453,4587,10584,,23148685,11676826,484721,22384210,11192105,
2021-11-01,7860,2077,5052,,23156545,11678623,481733,22393780,11196890,
2021-11-02,15606,4362,7732,,23172151,11682694,478352,22408684,11204342,
2021-11-03,18598,5065,9591,,23190749,11687456,473816,22427280,11213640,
2021-11-04,19476,4865,10014,,23210225,11692045,468652,22446786,11223393,
2021-11-05,21436,4395,9509,,23231661,11696151,463524,22465254,11232627,
2021-11-06,25311,5200,12146,,23256972,11701082,456561,22489042,11244521,
2021-11-07,21429,4020,8908,,23278401,11704822,451661,22506322,11253161,
2021-11-08,11986,2109,4728,,23290387,11706636,449026,22515220,11257610,
2021-11-09,24091,3844,7625,,23314478,11710159,445235,22529848,11264924,
2021-11-10,28444,4503,8974,,23342922,11714384,440750,22547268,11273634,
2021-11-11,28732,4297,9082,,23371654,11718385,435956,22564858,11282429,
2021-11-12,26713,4156,8216,,23398367,11722250,431882,22580736,11290368,
2021-11-13,34273,5070,11392,,23432640,11727014,425551,22602926,11301463,
2021-11-14,23197,3897,8591,,23455837,11730648,420850,22619596,11309798,
2021-11-15,12690,2186,4487,,23468527,11732574,418541,22628066,11314033,
2021-11-16,26147,3921,7465,,23494674,11736238,414993,22642490,11321245,
2021-11-17,31133,4046,7789,,23525807,11740002,411240,22657524,11328762,
2021-11-18,32463,3850,7506,,23558270,11743547,407570,22671954,11335977,
2021-11-19,35437,3853,7736,,23593707,11747100,403675,22686850,11343425,
2021-11-20,40094,4379,8807,,23633801,11751200,399238,22703924,11351962,
2021-11-21,28090,3431,6935,,23661891,11754369,395720,22717298,11358649,
2021-11-22,14884,1949,3887,,23676775,11756042,393776,22724532,11362266,
2021-11-23,33032,3270,5996,,23709807,11759032,391042,22735980,11367990,
2021-11-24,42614,3748,6784,,23752421,11762476,387995,22748962,11374481,
2021-11-25,46008,3929,6548,,23798429,11766131,385373,22761516,11380758,
2021-11-26,52807,11341,6600,,23851236,11777202,390107,22774190,11387095,
2021-11-27,63484,22346,7021,,23914720,11799267,405422,22787690,11393845,
2021-11-28,51436,27734,5304,,23966156,11826709,427840,22797738,11398869,
2021-11-29,33509,18931,2871,,23999665,11845379,443889,22802980,11401490,
2021-11-30,55981,20666,5113,,24055646,11865764,459432,22812664,11406332,
2021-12-01,69505,26235,5615,,24125151,11891693,480038,22823310,11411655,
2021-12-02,71594,26481,5020,,24196745,11917876,501486,22832780,11416390,
2021-12-03,73379,25094,5146,,24270124,11942674,521428,22842492,11421246,
2021-12-04,81121,27781,6052,47267,24351245,11970162,543148,,11427014,807302
2021-12-05,62608,31926,4397,26265,24413853,12001793,570669,,11431124,833463
2021-12-06,38615,19139,2708,16753,24452468,12020643,587093,,11433550,850138
2021-12-07,60248,14846,4450,40940,24512716,12035218,597479,,11437739,891004
2021-12-08,73421,19053,4669,49697,24586137,12053994,611853,,11442141,940623
2021-12-09,74468,18270,4330,51849,24660605,12071955,625785,,11446170,992387
2021-12-10,77439,17586,4631,55214,24738044,12089260,638735,,11450525,1047520
2021-12-11,83148,20403,5812,56921,24821192,12109374,653312,,11456062,1104355
2021-12-12,60729,22693,4146,33849,24881921,12131787,671853,,11459934,1138115
2021-12-13,34910,11594,2401,20893,24916831,12143084,681036,,11462048,1158913
2021-12-14,101934,8996,3848,89048,25018765,12151771,686170,,11465601,1247841
2021-12-15,127657,12424,4495,110702,25146422,12163891,694089,,11469802,1358443
2021-12-16,139300,12448,4230,122611,25285722,12176053,702297,,11473756,1480955
2021-12-17,159127,12394,4502,142208,25444849,12188172,710180,,11477992,1623066
2021-12-18,175546,13520,4913,157071,25620395,12201398,718775,,11482623,1780042
2021-12-19,140398,18155,3922,118288,25760793,12219252,733000,,11486252,1898219
2021-12-20,106802,10305,2741,93711,25867595,12229289,740554,,11488735,1991832
2021-12-21,215192,12962,4303,197906,26082787,12241935,749206,,11492729,2189617
2021-12-22,237177,14418,5186,217689,26319964,12256055,758424,,11497631,2407189
2021-12-23,257379,11705,5074,240505,26577343,12267456,765049,,11502407,2647588
2021-12-24,223358,9442,4549,209306,26800701,12276601,769938,,11506663,2856778
2021-12-25,89685,3884,2499,83314,26890386,12280210,771318,,11508892,2939985
2021-12-26,11891,387,354,11140,26902277,12280305,771343,,11508962,2950995
2021-12-27,46920,1493,1109,44289,26949197,12281553,771720,,11509833,2995164
2021-12-28,144736,6098,3993,134585,27093933,12287357,773814,,11513543,3129618
2021-12-29,175440,9375,4568,161427,27269373,12296437,778617,,11517820,3290918
2021-12-30,200014,10126,5336,184510,27469387,12306260,783392,,11522868,3475294
2021-12-31,195173,10007,5792,179123,27664560,12315978,787598,,11528380,3654291
2022-01-01,96924,5376,3873,87350,27761484,12321046,789093,,11531953,3741493
2022-01-02,19433,937,923,17444,27780917,12321692,789098,,11532594,3758791
2022-01-03,88239,4773,4589,78795,27869156,12326155,789274,,11536881,3837433
2022-01-04,146326,5994,5307,134985,28015482,12331821,789948,,11541873,3972262
2022-01-05,177440,7615,7287,162366,28192922,12339082,790265,,11548817,4134468
2022-01-06,191477,7195,6778,176981,28384399,12345958,790671,,11555287,4311294
2022-01-07,191193,7948,6979,175456,28575592,12353562,791628,,11561934,4486577
2022-01-08,181606,8612,6626,165182,28757198,12361842,793601,,11568241,4651603
2022-01-09,131073,9860,7174,113949,28888271,12371381,796282,,11575099,4765392
2022-01-10,90545,5106,4487,80825,28978816,12376165,796891,,11579274,4846064
2022-01-11,138833,6149,6558,125420,29117649,12381968,796469,,11585499,4971295
2022-01-12,156977,8154,8040,138664,29274626,12389793,796578,,11593215,5109791
2022-01-13,162625,9205,9202,141510,29437251,12398636,796567,,11602069,5251118
2022-01-14,159812,10744,10366,136012,29597063,12409019,796940,,11612079,5386932
2022-01-15,161168,11006,11665,135863,29758231,12419655,796270,,11623385,5522602
2022-01-16,109751,9283,9670,89443,29867982,12428577,795876,,11632701,5611828
2022-01-17,65759,5933,6558,52627,29933741,12434176,795241,,11638935,5664271
2022-01-18,36077,2001,2117,31138,29969818,12435823,795115,,11640708,5695213
2022-01-19,101279,5575,6709,85935,30071097,12440998,793963,,11647035,5780921
2022-01-20,103565,6324,6995,85712,30174662,12446939,793284,,11653655,5866411
2022-01-21,102070,6227,8049,82480,30276732,12452762,791448,,11661314,5948663
2022-01-22,102547,8708,12064,78098,30379279,12461081,788085,,11672996,6026533
2022-01-23,76669,7305,13982,54782,30455948,12468043,781401,,11686642,6081093
2022-01-24,42245,3191,7932,30735,30498193,12470870,776642,,11694228,6111621
2022-01-25,62546,3756,8362,48110,30560739,12474247,772021,,11702226,6159513
2022-01-26,77860,4910,13165,55678,30638599,12478781,763761,,11715020,6214949
2022-01-27,78048,4893,13239,56031,30716647,12483302,755405,,11727897,6270743
2022-01-28,77254,4669,13669,53875,30793901,12487613,746392,,11741221,6324399
2022-01-29,84790,5527,17701,58099,30878691,12492777,734211,,11758566,6382254
2022-01-30,66484,5024,20620,40146,30945175,12497459,718601,,11778858,6422175
2022-01-31,34733,2174,9876,22343,30979908,12499314,710890,,11788424,6444329
2022-02-01,51331,3267,9652,36517,31031239,12502228,704495,,11797733,6480621
2022-02-02,57689,3844,12388,38671,31088928,12505742,695936,,11809806,6519093
2022-02-03,52569,3610,11506,34295,31141497,12508975,688028,,11820947,6553137
2022-02-04,43066,2943,10555,27272,31184563,12511609,680406,,11831203,6580216
2022-02-05,58699,3737,14464,37559,31243262,12515016,669667,,11845349,6617563
2022-02-06,49846,3637,16111,29569,31293108,12518331,657188,,11861143,6646908
2022-02-07,23220,1688,7805,13434,31316328,12519693,651058,,11868635,6660118
2022-02-08,33362,2350,7236,21960,31349690,12521713,646165,,11875548,6681845
2022-02-09,38862,2781,8910,24404,31388552,12524136,640030,,11884106,6705997
2022-02-10,37520,2764,8827,22546,31426072,12526565,633963,,11892602,6728314
2022-02-11,39423,2718,10285,22995,31465495,12528937,626387,,11902550,6751071
2022-02-12,42026,2954,11449,25306,31507521,12531558,617881,,11913677,6776153
2022-02-13,36300,2800,13137,19935,31543821,12534072,607541,,11926531,6795890
2022-02-14,16960,1173,6114,9465,31560781,12534970,602592,,11932378,6805155
2022-02-15,19330,1382,4740,11869,31580111,12536029,599224,,11936805,6816797
2022-02-16,26005,1764,7723,14943,31606116,12537497,593261,,11944236,6831540
2022-02-17,26746,1680,7518,14980,31632862,12538822,587414,,11951408,6846265
2022-02-18,23922,1352,6600,13670,31656784,12539857,582154,,11957703,6859726
2022-02-19,37822,1902,8331,26046,31694606,12541428,575720,,11965708,6885531
2022-02-20,32560,1491,7959,22802,31727166,12542620,569244,,11973376,6908130
2022-02-21,17494,912,3675,12755,31744660,12543237,566472,,11976765,6920674
2022-02-22,9091,428,1545,6949,31753751,12543376,565350,,11978026,6927413
2022-02-23,25318,1327,4785,17289,31779069,12544393,561885,,11982508,6944466
2022-02-24,24554,1396,5233,15472,31803623,12545469,558044,,11987425,6959696
2022-02-25,23085,1385,5131,14503,31826708,12546559,554291,,11992268,6973972
2022-02-26,25214,1383,5905,16548,31851922,12547632,549762,,11997870,6990294
2022-02-27,26941,1369,7360,17698,31878863,12548732,543760,,12004972,7007797
2022-02-28,10123,593,2526,6744,31888986,12549072,541819,,12007253,7014358
2022-03-01,13178,943,3144,8159,31902164,12549710,539608,,12010102,7022300
2022-03-02,15404,1162,3575,9612,31917568,12550611,537188,,12013423,7031735
2022-03-03,14287,1076,3222,8684,31931855,12551376,535035,,12016341,7040188
2022-03-04,14457,989,3440,8309,31946312,12552044,532580,,12019464,7048244
2022-03-05,18521,1276,4992,11180,31964833,12553012,528853,,12024159,7059201
2022-03-06,16503,1087,5521,9599,31981336,12553820,524413,,12029407,7068593
2022-03-07,5938,462,1854,3509,31987274,12553997,523014,,12030983,7071885
2022-03-08,7351,698,1934,4157,31994625,12554417,521771,,12032646,7075843
2022-03-09,11150,906,2735,6402,32005775,12555047,519936,,12035111,7082043
2022-03-10,12747,1043,3249,6832,32018522,12555813,517723,,12038090,7088662
2022-03-11,12877,902,3404,6860,32031399,12556426,515213,,12041213,7095306
2022-03-12,14672,1045,4176,8307,32046071,12557200,512079,,12045121,7103410
2022-03-13,14740,1089,4997,8329,32060811,12558000,508167,,12049833,7111504
2022-03-14,6326,448,2225,3497,32067137,12558178,506387,,12051791,7114787
2022-03-15,10192,790,2623,5972,32077329,12558678,504542,,12054136,7120545
2022-03-16,13048,931,3660,6950,32090377,12559321,501810,,12057511,7127265
2022-03-17,13171,1044,3954,6753,32103548,12560078,498893,,12061185,7133799
2022-03-18,11897,911,3143,6429,32115445,12560687,496651,,12064036,7140005
2022-03-19,14429,1002,4158,7897,32129874,12561410,493493,,12067917,7147684
2022-03-20,11730,990,3949,6365,32141604,12562129,490529,,12071600,7153841
2022-03-21,5055,414,1589,2813,32146659,12562285,489350,,12072935,7156452
2022-03-22,6696,550,1554,3886,32153355,12562549,488341,,12074208,7160123
2022-03-23,9963,785,2296,5191,32163318,12563019,486827,,12076192,7165073
2022-03-24,9283,723,2374,4606,32172601,12563478,485167,,12078311,7169475
2022-03-25,9210,780,2150,4743,32181811,12563995,483789,,12080206,7174006
2022-03-26,10917,932,2831,5502,32192728,12564650,481888,,12082762,7179289
2022-03-27,10220,909,3536,5298,32202948,12565300,479257,,12086043,7184376
2022-03-28,3577,319,1107,1986,32206525,12565380,478466,,12086914,7186169
2022-03-29,5333,498,1208,2686,32211858,12565595,477750,,12087845,7188634
2022-03-30,7844,747,1832,4119,32219702,12566064,476660,,12089404,7192529
2022-03-31,8643,689,1923,4410,32228345,12566464,475420,,12091044,7196717
2022-04-01,9296,801,1910,4884,32237641,12566973,474302,,12092671,7201362
2022-04-02,10424,888,2207,5562,32248065,12567574,472971,,12094603,7206707
2022-04-03,9193,877,2567,5062,32257258,12568198,471275,,12096923,7211571
2022-04-04,4194,386,1005,2405,32261452,12568323,470653,,12097670,7213773
2022-04-05,6059,598,1033,3048,32267511,12568582,470212,,12098370,7216547
2022-04-06,8366,715,1478,4373,32275877,12569007,469444,,12099563,7220694
2022-04-07,10328,732,1682,4835,32286205,12569440,468489,,12100951,7225287
2022-04-08,23981,811,1576,4834,32310186,12569973,467718,,12102255,7229905
2022-04-09,30470,968,1971,5893,32340656,12570644,466706,,12103938,7235576
2022-04-10,24844,978,2383,5330,32365500,12571365,465295,,12106070,7240706
2022-04-11,12568,385,874,2432,32378068,12571501,464802,,12106699,7242937
2022-04-12,28102,691,1014,3532,32406170,12571890,464472,,12107418,7246237
2022-04-13,37768,851,1555,4926,32443938,12572442,463764,,12108678,7250933
2022-04-14,37879,762,1610,4906,32481817,12572893,462913,,12109980,7255587
2022-04-15,43391,1230,2101,6725,32525208,12573825,462038,,12111787,7262075
2022-04-16,8087,358,650,1736,32533295,12573923,461744,,12112179,7263595
2022-04-17,21002,869,1923,4313,32554297,12574508,460683,,12113825,7267685
2022-04-18,5454,305,460,1288,32559751,12574529,460523,,12114006,7268735
2022-04-19,22644,615,770,3101,32582395,12574863,460359,,12114504,7271617
2022-04-20,40319,1063,1393,4615,32622714,12575600,460026,,12115574,7275968
2022-04-21,38739,940,1597,4677,32661453,12576245,459361,,12116884,7280411
2022-04-22,35606,1011,1426,4263,32697059,12576983,458939,,12118044,7284455
2022-04-23,34638,1004,1732,4711,32731697,12577705,458208,,12119497,7288929
2022-04-24,20802,1021,1880,3777,32752499,12578476,457346,,12121130,7292512
2022-04-25,8299,453,692,1707,32760798,12578660,457106,,12121554,7294003
2022-04-26,24598,732,940,3136,32785396,12579100,456892,,12122208,7296902
2022-04-27,33590,955,1367,3933,32818986,12579780,456472,,12123308,7300619
2022-04-28,32826,927,1411,3927,32851812,12580435,455980,,12124455,7304323
2022-04-29,32045,1097,1374,3908,32883857,12581236,455696,,12125540,7308003
2022-04-30,30267,921,1532,4020,32914124,12581861,455079,,12126782,7311787
2022-05-01,16744,767,1576,2969,32930868,12582332,454265,,12128067,7314514
2022-05-02,5932,307,525,1097,32936800,12582344,454043,,12128301,7315384
2022-05-03,20918,588,828,2344,32957718,12582627,453797,,12128830,7317489
2022-05-04,29404,799,1091,3290,32987122,12583117,453500,,12129617,7320530
2022-05-05,29086,870,1160,3122,33016208,12583676,453200,,12130476,7323409
2022-05-06,29079,1146,1279,2982,33045287,12584535,453062,,12131473,7326165
2022-05-07,28481,869,1260,3110,33073768,12585116,452666,,12132450,7329052
2022-05-08,15996,896,1309,2322,33089764,12585755,452251,,12133504,7331173
2022-05-09,5896,292,474,943,33095660,12585782,452063,,12133719,7331907
2022-05-10,21218,695,717,2118,33116878,12586160,452034,,12134126,7333766
2022-05-11,28938,836,1079,2652,33145816,12586667,451787,,12134880,7336148
2022-05-12,28229,800,1081,2509,33174045,12587170,451502,,12135668,7338416
2022-05-13,27588,878,1116,2467,33201633,12587741,451260,,12136481,7340629
2022-05-14,25683,808,1096,2607,33227316,12588234,450965,,12137269,7342982
2022-05-15,14843,751,1273,2054,33242159,12588715,450436,,12138279,7344819
2022-05-16,6381,325,532,1047,33248540,12588803,450225,,12138578,7345680
2022-05-17,19592,584,775,1740,33268132,12589075,450027,,12139048,7347173
2022-05-18,26538,877,1097,2272,33294670,12589689,449802,,12139887,7349230
2022-05-19,24426,681,1155,2157,33319096,12590103,449321,,12140782,7351170
2022-05-20,24258,800,1135,2215,33343354,12590636,448982,,12141654,7353168
2022-05-21,22393,693,1164,2344,33365747,12591023,448502,,12142521,7355273
2022-05-22,10552,551,887,1484,33376299,12591314,448161,,12143153,7356541
2022-05-23,4560,241,461,785,33380859,12591297,447939,,12143358,7357118
2022-05-24,2606,118,176,429,33383465,12591162,447879,,12143283,7357338
2022-05-25,19351,656,944,1950,33402816,12591554,447581,,12143973,7359080
2022-05-26,20632,662,948,1908,33423448,12591945,447289,,12144656,7360768
2022-05-27,21745,815,1055,2071,33445193,12592478,447046,,12145432,7362612
2022-05-28,19394,723,1162,2143,33464587,12592934,446604,,12146330,7364544
2022-05-29,12103,759,1280,1725,33476690,12593459,446076,,12147383,7366077
2022-05-30,4577,311,548,751,33481267,12593524,445836,,12147688,7366630
2022-05-31,13543,572,749,1663,33494810,12593795,445653,,12148142,7368054
2022-06-01,16604,702,970,1875,33511414,12594194,445384,,12148810,7369675
2022-06-02,14593,556,864,1671,33526007,12594439,445069,,12149370,7371106
2022-06-03,16091,697,1092,1810,33542098,12594860,444668,,12150192,7372699
2022-06-04,13312,648,1162,1841,33555410,12595252,444150,,12151102,7374339
2022-06-05,7865,587,1109,1431,33563275,12595591,443624,,12151967,7375579
2022-06-06,3293,206,444,641,33566568,12595552,443383,,12152169,7376022
2022-06-07,11206,474,725,1364,33577774,12595728,443127,,12152601,7377142
2022-06-08,14052,666,1012,1606,33591826,12596139,442776,,12153363,7378532
2022-06-09,13364,663,921,1671,33605190,12596515,442513,,12154002,7379972
2022-06-10,13843,684,1066,1692,33619033,12596916,442123,,12154793,7381437
2022-06-11,12974,613,1030,1863,33632007,12597248,441704,,12155544,7383082
2022-06-12,8091,643,1236,1498,33640098,12597635,441107,,12156528,7384375
2022-06-13,3186,284,422,709,33643284,12597656,440964,,12156692,7384878
2022-06-14,10122,510,666,1262,33653406,12597878,440802,,12157076,7385903
2022-06-15,13497,470,828,1620,33666903,12598057,440442,,12157615,7387289
2022-06-16,12531,491,855,1616,33679434,12598248,440073,,12158175,7388662
2022-06-17,11685,478,815,1652,33691119,12598441,439729,,12158712,7390080
2022-06-18,11441,435,873,1859,33702560,12598608,439288,,12159320,7391717
2022-06-19,6998,482,896,1420,33709558,12598845,438873,,12159972,7392930
2022-06-20,2286,147,301,643,33711844,12598775,438713,,12160062,7393407
2022-06-21,9536,358,614,1381,33721380,12598848,438452,,12160396,7394542
2022-06-22,13603,407,724,1698,33734983,12598986,438128,,12160858,7396018
2022-06-23,13691,399,772,1679,33748674,12599127,437753,,12161374,7397489
2022-06-24,15357,434,811,1669,33764031,12599307,437372,,12161935,7398947
2022-06-25,14461,424,851,1708,33778492,12599475,436934,,12162541,7400451
2022-06-26,8156,432,885,1280,33786648,12599655,436474,,12163181,7401522
2022-06-27,3210,171,363,593,33789858,12599585,436278,,12163307,7401913
2022-06-28,9612,370,555,1221,33799470,12599673,436089,,12163584,7402904
2022-06-29,13300,412,727,1627,33812770,12599799,435772,,12164027,7404295
2022-06-30,12221,482,845,1574,33824991,12600001,435407,,12164594,7405640
2022-07-01,13033,548,969,1946,33838024,12600298,434981,,12165317,7407385
2022-07-02,1606,110,114,362,33839630,12600137,434975,,12165162,7407519
2022-07-03,5155,261,491,957,33844785,12600150,434736,,12165414,7408269
2022-07-04,2755,131,279,614,33847540,12600038,434587,,12165451,7408689
2022-07-05,11139,372,598,1572,33858679,12600118,434353,,12165765,7410018
2022-07-06,15949,545,855,2007,33874628,12600372,434037,,12166335,7411787
2022-07-07,15653,521,831,1921,33890281,12600608,433726,,12166882,7413458
2022-07-08,17872,552,870,2241,33908153,12600866,433407,,12167459,7415456
2022-07-09,14132,450,596,1841,33922285,12601046,433260,,12167786,7417067
2022-07-10,8737,472,752,1500,33931022,12601276,432979,,12168297,7418366
2022-07-11,4093,199,331,870,33935115,12601214,432844,,12168370,7419020
2022-07-12,12098,413,522,1651,33947213,12601331,432730,,12168601,7420420
2022-07-13,16707,561,770,2141,33963920,12601604,432515,,12169089,7422325
2022-07-14,16853,485,674,2021,33980773,12601785,432315,,12169470,7424108
2022-07-15,28882,599,820,2178,34009655,12602088,432093,,12169995,7426048
2022-07-16,30281,585,770,2323,34039936,12602369,431901,,12170468,7428126
2022-07-17,22911,536,634,1875,34062847,12602672,431800,,12170872,7429810
2022-07-18,11386,187,254,851,34074233,12602594,431728,,12170866,7430440
2022-07-19,28941,593,590,2129,34103174,12602919,431728,,12171191,7432342
2022-07-20,37620,840,921,2583,34140794,12603490,431642,,12171848,7434695
2022-07-21,36342,734,807,2802,34177136,12603944,431562,,12172382,7437262
2022-07-22,35788,825,887,2680,34212924,12604490,431494,,12172996,7439711
2022-07-23,35129,818,913,2822,34248053,12605003,431391,,12173612,7442282
2022-07-24,21726,602,804,1768,34269779,12605349,431186,,12174163,7443829
2022-07-25,11929,308,309,1080,34281708,12605383,431181,,12174202,7444686
2022-07-26,26080,622,598,2207,34307788,12605729,431204,,12174525,7446654
2022-07-27,32458,810,844,2645,34340246,12606287,431168,,12175119,7449093
2022-07-28,31529,727,883,2599,34371775,12606726,431008,,12175718,7451449
2022-07-29,29980,1789,873,2638,34401755,12608232,431921,,12176311,7453842
2022-07-30,25814,2524,743,2429,34427569,12610489,433700,,12176789,7456050
2022-07-31,14287,1069,540,1557,34441856,12611300,434225,,12177075,7457389
2022-08-01,5909,335,222,681,34447765,12611382,434336,,12177046,7457852
2022-08-02,4469,305,134,597,34452234,12611424,434504,,12176920,7458230
2022-08-03,22924,2634,735,2233,34475158,12613793,436399,,12177394,7460236
2022-08-04,22217,2479,675,2127,34497375,12615955,438197,,12177758,7462107
2022-08-05,21784,2755,742,2062,34519159,12618434,440203,,12178231,7463945
2022-08-06,19639,2877,657,1989,34538798,12621009,442417,,12178592,7465684
2022-08-07,12693,2236,617,1415,34551491,12622981,444030,,12178951,7466888
2022-08-08,4764,570,188,603,34556255,12623274,444405,,12178869,7467263
2022-08-09,14000,1464,555,1589,34570255,12624457,445308,,12179149,7468616
2022-08-10,19118,2364,715,1986,34589373,12626552,446955,,12179597,7470378
2022-08-11,17070,2043,717,1849,34606443,12628335,448279,,12180056,7472007
2022-08-12,16976,2049,732,1849,34623419,12630101,449595,,12180506,7473632
2022-08-13,15940,2222,759,1803,34639359,12632048,451056,,12180992,7475203
2022-08-14,9519,1620,618,1079,34648878,12633387,452054,,12181333,7476052
2022-08-15,3867,388,268,476,34652745,12633530,452171,,12181359,7476327
2022-08-16,10798,1074,513,1354,34663543,12634313,452730,,12181583,7477439
2022-08-17,16087,1832,737,1777,34679630,12635868,453824,,12182044,7478988
2022-08-18,14918,1638,746,1685,34694548,12637196,454712,,12182484,7480415
2022-08-19,15297,1847,746,1542,34709845,12638771,455809,,12182962,7481727
2022-08-20,14276,1640,739,1543,34724121,12640125,456704,,12183421,7483034
2022-08-21,9892,1534,658,1159,34734013,12641402,457576,,12183826,7483981
2022-08-22,4161,482,269,560,34738174,12641598,457786,,12183812,7484297
2022-08-23,11121,1247,553,1488,34749295,12642550,458477,,12184073,7485543
2022-08-24,14749,1806,868,2184,34764044,12644091,459415,,12184676,7487501
2022-08-25,14024,1719,780,2118,34778068,12645532,460347,,12185185,7489381
2022-08-26,13920,1687,813,2089,34791988,12646939,461214,,12185725,7491233
2022-08-27,12408,1485,878,1994,34804396,12648110,461816,,12186294,7492969
2022-08-28,7919,1258,619,1396,34812315,12649121,462453,,12186668,7494154
2022-08-29,3394,504,283,681,34815709,12649363,462671,,12186692,7494613
2022-08-30,9900,1168,648,1853,34825609,12650190,463185,,12187005,7496178
2022-08-31,13505,1626,944,2310,34839114,12651541,463863,,12187678,7498256
2022-09-01,12896,1720,910,2137,34852010,12652975,464669,,12188306,7500156
2022-09-02,15039,1615,990,4918,34867049,12654324,465286,,12189038,7504856
2022-09-03,14705,1527,919,5511,34881754,12655587,465891,,12189696,7510148
2022-09-04,8660,1010,675,3234,34890414,12656349,466218,,12190131,7513173
2022-09-05,3549,321,229,1382,34893963,12656415,466307,,12190108,7514340
2022-09-06,2456,156,113,1124,34896419,12656333,466347,,12189986,7515267
2022-09-07,10917,1018,587,3489,34907336,12657068,466776,,12190292,7518514
2022-09-08,10861,1021,523,2790,34918197,12657783,467271,,12190512,7521045
2022-09-09,9578,1015,487,2499,34927775,12658518,467794,,12190724,7523314
2022-09-10,10626,1266,551,3162,34938401,12659521,468505,,12191016,7526253
2022-09-11,9400,984,667,3732,34947801,12660267,468816,,12191451,7529785
2022-09-12,3124,295,203,1079,34950925,12660295,468902,,12191393,7530640
2022-09-13,6009,542,281,1130,34956934,12660565,469154,,12191411,7531540
2022-09-14,14473,799,429,1843,34971407,12661062,469520,,12191542,7533131
2022-09-15,15740,779,408,1533,34987147,12661540,469887,,12191653,7534408
2022-09-16,17744,766,445,1689,35004891,12662064,470202,,12191862,7535892
2022-09-17,17599,722,455,1664,35022490,12662503,470465,,12192038,7537318
2022-09-18,11206,776,451,1684,35033696,12663037,470788,,12192249,7538794
2022-09-19,4975,402,287,670,35038671,12663185,470900,,12192285,7539261
2022-09-20,13745,438,325,940,35052416,12663324,471011,,12192313,7539946
2022-09-21,23018,643,406,1496,35075434,12663689,471244,,12192445,7541212
2022-09-22,22895,640,394,1376,35098329,12664035,471484,,12192551,7542337
2022-09-23,22931,726,599,1415,35121260,12664483,471607,,12192876,7543514
2022-09-24,21667,733,686,1497,35142927,12664941,471650,,12193291,7544787
2022-09-25,11310,595,702,1355,35154237,12665275,471539,,12193736,7545920
2022-09-26,4558,192,217,593,35158795,12665195,471510,,12193685,7546279
2022-09-27,37641,500,364,1498,35196436,12665441,471642,,12193799,7547562
2022-09-28,50941,731,670,1898,35247377,12665923,471702,,12194221,7549252
2022-09-29,47989,637,739,1836,35295366,12666267,471594,,12194673,7550832
2022-09-30,47263,679,806,2000,35342629,12666640,471465,,12195175,7552570
2022-10-01,34429,528,632,1543,35377058,12666878,471359,,12195519,7553863
2022-10-02,24234,738,1023,1710,35401292,12667345,471071,,12196274,7555340
2022-10-03,10860,240,230,610,35412152,12667316,471077,,12196239,7555729
2022-10-04,32176,476,458,1168,35444328,12667495,471091,,12196404,7556643
2022-10-05,40415,625,740,1558,35484743,12667831,470971,,12196860,7557957
2022-10-06,38673,609,652,1567,35523416,12668160,470927,,12197233,7559279
2022-10-07,42225,661,849,1742,35565641,12668504,470732,,12197772,7560743
2022-10-08,37379,788,1145,2119,35603020,12668996,470370,,12198626,7562615
2022-10-09,18811,549,727,1557,35621831,12669297,470189,,12199108,7563958
2022-10-10,6861,171,369,568,35628692,12669196,469989,,12199207,7564289
2022-10-11,4985,124,111,317,35633677,12669054,469998,,12199056,7564386
2022-10-12,35090,582,682,1424,35668767,12669329,469896,,12199433,7565541
2022-10-13,36747,644,857,1621,35705514,12669644,469681,,12199963,7566880
2022-10-14,36955,624,752,1537,35742469,12669963,469551,,12200412,7568153
2022-10-15,35440,716,1009,1624,35777909,12670420,469255,,12201165,7569557
2022-10-16,20655,653,1024,1593,35798564,12670827,468879,,12201948,7570936
2022-10-17,7349,206,478,538,35805913,12670778,468606,,12202172,7571259
2022-10-18,36408,459,498,1397,35842321,12670944,468564,,12202380,7572406
2022-10-19,49870,621,729,1981,35892191,12671291,468453,,12202838,7574160
2022-10-20,51258,623,648,2047,35943449,12671638,468427,,12203211,7575974
2022-10-21,52832,699,618,1938,35996281,12672039,468505,,12203534,7577664
2022-10-22,50848,751,904,2305,36047129,12672497,468347,,12204150,7579722
2022-10-23,30619,578,782,2118,36077748,12672801,468140,,12204661,7581607
2022-10-24,14129,232,270,979,36091877,12672766,468097,,12204669,7582354
2022-10-25,41338,475,487,1814,36133215,12672936,468083,,12204853,7583907
2022-10-26,51611,618,660,2122,36184826,12673253,468037,,12205216,7585777
2022-10-27,50089,610,768,2161,36234915,12673570,467873,,12205697,7587693
2022-10-28,49747,590,673,2093,36284662,12673851,467788,,12206063,7589513
2022-10-29,50573,738,778,2216,36335235,12674287,467744,,12206543,7591470
2022-10-30,28384,664,928,2034,36363619,12674711,467478,,12207233,7593292
2022-10-31,12435,201,234,775,36376054,12674677,467443,,12207234,7593869
2022-11-01,33060,342,194,1218,36409114,12674713,467585,,12207128,7594825
2022-11-02,44264,576,622,1904,36453378,12675005,467537,,12207468,7596470
2022-11-03,44167,540,604,1856,36497545,12675275,467471,,12207804,7598089
2022-11-04,44600,646,527,2022,36542145,12675673,467587,,12208086,7599899
2022-11-05,45186,649,755,2365,36587331,12676069,467478,,12208591,7602039
2022-11-06,26011,561,771,2095,36613342,12676342,467266,,12209076,7603883
2022-11-07,10707,243,235,876,36624049,12676361,467271,,12209090,7604572
2022-11-08,33461,488,396,1584,36657510,12676617,467360,,12209257,7605957
2022-11-09,40518,606,570,1964,36698028,12676970,467395,,12209575,7607703
2022-11-10,39152,627,547,1923,36737180,12677342,467474,,12209868,7609399
2022-11-11,43318,638,641,2204,36780498,12677727,467470,,12210257,7611383
2022-11-12,36828,641,593,2182,36817326,12678111,467512,,12210599,7613339
2022-11-13,24255,560,770,2273,36841581,12678439,467299,,12211140,7615411
2022-11-14,10960,233,204,1023,36852541,12678442,467327,,12211115,7616228
2022-11-15,33578,485,378,1690,36886119,12678640,467431,,12211209,7617673
2022-11-16,43512,802,581,2364,36929631,12679216,467651,,12211565,7619839
2022-11-17,38312,674,646,2241,36967943,12679616,467677,,12211939,7621842
2022-11-18,40592,725,531,2327,37008535,12680070,467869,,12212201,7623930
2022-11-19,39632,1015,1030,3076,37048167,12680814,467850,,12212964,7626764
2022-11-20,22408,663,716,2440,37070575,12681276,467796,,12213480,7629029
2022-11-21,8917,197,192,970,37079492,12681276,467797,,12213479,7629840
2022-11-22,26425,479,368,1512,37105917,12681465,467905,,12213560,7631096
2022-11-23,32050,688,666,2067,37137967,12681889,467925,,12213964,7632933
2022-11-24,31886,664,750,2080,37169853,12682305,467838,,12214467,7634799
2022-11-25,30742,766,829,1946,37200595,12682840,467770,,12215070,7636550
2022-11-26,30266,913,1190,2694,37230861,12683493,467487,,12216006,7639014
2022-11-27,18669,611,944,2086,37249530,12683864,467152,,12216712,7640887
2022-11-28,7533,191,280,785,37257063,12683816,467059,,12216757,7641459
2022-11-29,21010,421,451,1290,37278073,12683991,467026,,12216965,7642532
2022-11-30,27875,645,646,1840,37305948,12684394,467023,,12217371,7644155
2022-12-01,24788,594,681,1689,37330736,12684744,466934,,12217810,7645627
2022-12-02,25044,526,629,1770,37355780,12685020,466826,,12218194,7647174
2022-12-03,25534,588,779,1944,37381314,12685354,466628,,12218726,7648912
2022-12-04,15245,498,606,1699,37396559,12685598,466516,,12219082,7650383
2022-12-05,6868,169,156,741,37403427,12685534,466525,,12219009,7650924
2022-12-06,20331,421,351,1375,37423758,12685671,466594,,12219077,7652048
2022-12-07,24752,554,609,1668,37448510,12685986,466537,,12219449,7653510
2022-12-08,23144,563,523,1760,37471654,12686309,466576,,12219733,7655055
2022-12-09,23313,635,575,1631,37494967,12686695,466635,,12220060,7656473
2022-12-10,22562,512,601,1626,37517529,12686974,466545,,12220429,7657893
2022-12-11,14195,549,785,1567,37531724,12687325,466307,,12221018,7659284
2022-12-12,5506,150,157,593,37537230,12687254,466296,,12220958,7659693
2022-12-13,17781,379,365,1124,37555011,12687380,466310,,12221070,7660596
2022-12-14,21307,511,547,1450,37576318,12687683,466270,,12221413,7661862
2022-12-15,21946,530,600,1578,37598264,12687948,466199,,12221749,7663209
2022-12-16,16270,378,450,1029,37614534,12688074,466127,,12221947,7664022
2022-12-17,18685,559,505,1272,37633219,12688388,466180,,12222208,7665066
2022-12-18,12632,530,794,1303,37645851,12688695,465915,,12222780,7666167
2022-12-19,4585,133,115,448,37650436,12688575,465929,,12222646,7666389
2022-12-20,16200,501,449,1105,37666636,12688840,465978,,12222862,7667287
2022-12-21,18456,545,547,1298,37685092,12689164,465973,,12223191,7668388
2022-12-22,18581,577,587,1741,37703673,12689516,465963,,12223553,7669931
2022-12-23,15627,582,597,1712,37719300,12689831,465943,,12223888,7671421
2022-12-24,5328,222,171,671,37724628,12689822,465994,,12223828,7671880
2022-12-25,2441,154,152,480,37727069,12689744,465989,,12223755,7672157
2022-12-26,262,12,7,48,37727331,12689524,465990,,12223534,7672000
2022-12-27,2088,99,35,302,37729419,12689428,466052,,12223376,7672131
2022-12-28,8311,336,167,975,37737730,12689519,466219,,12223300,7672885
2022-12-29,13152,584,524,1601,37750882,12689862,466276,,12223586,7674273
2022-12-30,15809,673,658,1874,37766691,12690297,466288,,12224009,7675933
2022-12-31,11223,462,387,1353,37777914,12690485,466359,,12224126,7677044
2023-01-01,3882,202,214,559,37781796,12690457,466347,,12224110,7677400
2023-01-02,652,37,15,96,37782448,12690297,466369,,12223928,7677322
2023-01-03,8185,300,152,897,37790633,12690374,466512,,12223862,7678032
2023-01-04,14709,576,547,1544,37805342,12690740,466535,,12224205,7679393
2023-01-05,16101,657,533,1791,37821443,12691166,466657,,12224509,7680981
2023-01-06,18813,720,606,2042,37840256,12691670,466768,,12224902,7682830
2023-01-07,18502,710,638,2052,37858758,12692160,466837,,12225323,7684689
2023-01-08,11604,582,607,1629,37870362,12692561,466811,,12225750,7686154
2023-01-09,5295,216,196,664,37875657,12692570,466830,,12225740,7686636
2023-01-10,12154,422,315,779,37887811,12692767,466937,,12225830,7687213
2023-01-11,15532,459,370,1092,37903343,12693002,467024,,12225978,7688111
2023-01-12,14053,455,407,970,37917396,12693225,467071,,12226154,7688876
2023-01-13,14143,426,345,1034,37931539,12693471,467152,,12226319,7689741
2023-01-14,13354,478,452,1075,37944893,12693745,467175,,12226570,7690630
2023-01-15,9038,466,506,1048,37953931,12694023,467134,,12226889,7691519
2023-01-16,3743,150,130,479,37957674,12693971,467154,,12226817,7691813
2023-01-17,8837,270,179,651,37966511,12693990,467245,,12226745,7692249
2023-01-18,10236,352,273,756,37976747,12694135,467324,,12226811,7692814
2023-01-19,10566,319,318,760,37987313,12694243,467321,,12226922,7693388
2023-01-20,9815,320,271,713,37997128,12694369,467369,,12227000,7693921
2023-01-21,11292,358,398,905,38008420,12694532,467329,,12227203,7694657
2023-01-22,7563,346,404,817,38015983,12694688,467269,,12227419,7695296
2023-01-23,3376,144,131,288,38019359,12694675,467282,,12227393,7695448
2023-01-24,8273,229,165,546,38027632,12694689,467344,,12227345,7695807
2023-01-25,10306,349,296,660,38037938,12694847,467396,,12227451,7696298
2023-01-26,6720,236,203,469,38044658,12694893,467429,,12227464,7696605
2023-01-27,6897,242,197,488,38051555,12694947,467473,,12227474,7696931
2023-01-28,9326,312,337,689,38060881,12695067,467444,,12227623,7697449
2023-01-29,5954,237,340,688,38066835,12695121,467338,,12227783,7697972
2023-01-30,1897,91,79,214,38068732,12695053,467350,,12227703,7698040
2023-01-31,5844,157,150,409,38074576,12695014,467357,,12227657,7698269
2023-02-01,7283,254,247,487,38081859,12695114,467364,,12227750,7698621
2023-02-02,6456,294,239,499,38088315,12695264,467417,,12227847,7698999
2023-02-03,6529,196,191,462,38094844,12695317,467421,,12227896,7699333
2023-02-04,6655,228,305,539,38101499,12695406,467340,,12228066,7699754
2023-02-05,4169,201,288,483,38105668,12695464,467253,,12228211,7700115
2023-02-06,1830,91,98,211,38107498,12695401,467245,,12228156,7700181
2023-02-07,4947,163,182,382,38112445,12695407,467225,,12228182,7700428
2023-02-08,5764,214,206,429,38118209,12695498,467232,,12228266,7700747
2023-02-09,6109,215,243,437,38124318,12695590,467204,,12228386,7701077
2023-02-10,5035,154,206,367,38129353,12695643,467150,,12228493,7701355
2023-02-11,6005,184,256,453,38135358,12695706,467074,,12228632,7701701
2023-02-12,4068,215,342,408,38139426,12695814,466944,,12228870,7702012
2023-02-13,1479,56,87,145,38140905,12695774,466913,,12228861,7702074
2023-02-14,3923,131,178,306,38144828,12695766,466865,,12228901,7702258
2023-02-15,4529,119,191,285,38149357,12695770,466793,,12228977,7702440
2023-02-16,4905,176,285,397,38154262,12695833,466683,,12229150,7702735
2023-02-17,4963,180,211,341,38159225,12695917,466652,,12229265,7702992
2023-02-18,5088,232,294,484,38164313,12696052,466589,,12229463,7703393
2023-02-19,3341,134,244,372,38167654,12696094,466478,,12229616,7703687
2023-02-20,1414,62,54,157,38169068,12696075,466486,,12229589,7703774
2023-02-21,886,24,14,101,38169954,12696039,466496,,12229543,7703820
2023-02-22,4110,133,213,364,38174064,12696119,466416,,12229703,7704139
2023-02-23,4199,167,231,382,38178263,12696222,466349,,12229873,7704463
2023-02-24,2995,140,229,269,38181258,12696349,466259,,12230090,7704721
2023-02-25,4937,212,532,381,38186195,12696552,465939,,12230613,7705093
2023-02-26,3443,149,680,379,38189638,12696699,465408,,12231291,7705470
2023-02-27,1057,38,52,96,38190695,12696737,465394,,12231343,7705566
2023-02-28,2662,97,161,226,38193357,12696826,465330,,12231496,7705784
2023-03-01,3770,146,426,316,38197127,12696972,465050,,12231922,7706100
2023-03-02,4398,154,488,311,38201525,12697125,464716,,12232409,7706410
