"report_date","previous_day_total_doses_administered","previous_day_at_least_one","previous_day_fully_vaccinated","previous_day_3doses","total_doses_administered","total_individuals_at_least_one","total_individuals_partially_vaccinated","total_doses_in_fully_vaccinated_individuals","total_individuals_fully_vaccinated","total_individuals_3doses"
2021-01-01,6250,6240,2,,32176,32121,32110,22,11,
2021-01-02,4612,4600,6,,36788,36669,36656,26,13,
2021-01-03,5393,5386,3,,42181,42055,42039,32,16,
2021-01-04,5995,5993,0,,48176,48047,48032,30,15,
2021-01-05,9681,9657,19,,57857,57702,57669,66,33,
2021-01-06,12792,12327,450,,70649,70025,69546,958,479,
2021-01-07,16216,15504,697,,86865,85528,84352,2352,1176,
2021-01-08,18034,17019,1002,,104899,102547,100369,4356,2178,
2021-01-09,19498,18421,1064,,124397,120967,117725,6484,3242,
2021-01-10,11366,11327,36,,135763,132285,129008,6554,3277,
2021-01-11,11710,11661,48,,147473,143946,140621,6650,3325,
2021-01-12,14464,14159,296,,161937,158097,154476,7242,3621,
2021-01-13,15430,13810,1592,,177367,171893,166682,10422,5211,
2021-01-14,19180,16730,2435,,196547,188617,180972,15290,7645,
2021-01-15,20044,17989,2036,,216591,206595,196914,19362,9681,
2021-01-16,17115,15932,1170,,233706,222511,211660,21702,10851,
2021-01-17,11253,10010,1236,,244959,232506,220421,24170,12085,
2021-01-18,6788,6708,70,,251747,239191,227039,24304,12152,
2021-01-19,11822,9714,2094,,263569,248884,234638,28492,14246,
2021-01-20,10795,7206,3572,,274364,256067,238250,35634,17817,
2021-01-21,10963,6847,4089,,285327,262898,240992,43812,21906,
2021-01-22,9032,4316,4697,,294359,267177,240576,53202,26601,
2021-01-23,7442,3027,4387,,301801,270174,239187,61974,30987,
2021-01-24,4378,1822,2536,,306179,271978,238455,67046,33523,
2021-01-25,5317,1045,4263,,311496,272991,235206,75570,37785,
2021-01-26,9375,2852,6495,,320871,275811,231532,88558,44279,
2021-01-27,9892,2860,7004,,330763,278642,227360,102564,51282,
2021-01-28,13102,5728,7332,,343865,284337,225723,117228,58614,
2021-01-29,10678,3266,7378,,354543,287572,221581,131982,65991,
2021-01-30,9180,2721,6422,,363723,290251,217841,144820,72410,
2021-01-31,3369,1559,1767,,367092,291776,217600,148352,74176,
2021-02-01,2118,481,1609,,369210,292223,216442,151562,75781,
2021-02-02,4400,1347,2995,,373610,293532,214760,157544,78772,
2021-02-03,6227,1709,4456,,379837,295200,211979,166442,83221,
2021-02-04,9068,1699,7290,,388905,296856,206351,181010,90505,
2021-02-05,8425,1453,6901,,397330,298269,200869,194800,97400,
2021-02-06,10652,1858,8735,,407982,300072,193946,212252,106126,
2021-02-07,7564,1721,5795,,415546,301754,189844,223820,111910,
2021-02-08,8214,3092,5080,,423760,304798,187821,233954,116977,
2021-02-09,14995,3851,11079,,438755,308607,180567,256080,128040,
2021-02-10,15499,4922,10518,,454254,313477,174944,277066,138533,
2021-02-11,16354,3894,12405,,470608,317319,166412,301814,150907,
2021-02-12,17646,2091,15505,,488254,319372,152979,332786,166393,
2021-02-13,16199,2437,13746,,504453,321764,141644,360240,180120,
2021-02-14,12869,913,11925,,517322,322629,130614,384030,192015,
2021-02-15,7860,484,7328,,525182,323065,123748,398634,199317,
2021-02-16,5986,1038,4899,,531168,324060,119867,408386,204193,
2021-02-17,10159,1604,8522,,541327,325620,112933,425374,212687,
2021-02-18,13860,2950,10866,,555187,328522,104999,447046,223523,
2021-02-19,18477,6208,12204,,573664,334678,98982,471392,235696,
2021-02-20,22612,11125,11436,,596276,345740,98646,494188,247094,
2021-02-21,17225,10372,6819,,613501,356052,102181,507742,253871,
2021-02-22,13573,8748,4774,,627074,364730,106135,517190,258595,
2021-02-23,17843,11110,6662,,644917,375784,110563,530442,265221,
2021-02-24,18557,13601,4876,,663474,389329,119274,540110,270055,
2021-02-25,20793,16478,4258,,684267,405741,131476,548530,274265,
2021-02-26,24870,21819,2991,,709137,427500,150281,554438,277219,
2021-02-27,27446,23573,3833,,736583,451009,170005,562008,281004,
2021-02-28,20576,19137,1405,,757159,470092,187725,564734,282367,
2021-03-01,18213,17020,1148,,775372,487051,203582,566938,283469,
2021-03-02,24664,22264,2316,,800036,509254,223515,571478,285739,
2021-03-03,30578,27951,2575,,830614,537154,248873,576562,288281,
2021-03-04,34672,32446,2142,,865286,569534,279161,580746,290373,
2021-03-05,39962,38141,1775,,905248,607627,315513,584228,292114,
2021-03-06,44125,41923,2164,,949373,649495,355258,588474,294237,
2021-03-07,32719,31543,1172,,982092,680964,385613,590702,295351,
2021-03-08,24032,22158,1861,,1006124,703054,405896,594316,297158,
2021-03-09,33268,29825,3415,,1039392,732813,432286,601054,300527,
2021-03-10,38316,34057,4214,,1077708,766796,462103,609386,304693,
2021-03-11,43959,40688,3232,,1121667,807418,499545,615746,307873,
2021-03-12,47680,45970,1687,,1169347,853324,543814,619020,309510,
2021-03-13,57882,55014,2841,,1227229,908267,595970,624594,312297,
2021-03-14,43380,42151,1214,,1270609,950335,636892,626886,313443,
2021-03-15,32797,31101,1681,,1303406,981377,666296,630162,315081,
2021-03-16,53928,51637,2275,,1357334,1032949,715636,634626,317313,
2021-03-17,61034,58503,2489,,1418368,1091386,771634,639504,319752,
2021-03-18,61512,59061,2426,,1479880,1150375,828250,644250,322125,
2021-03-19,64438,61120,3266,,1544318,1211417,886079,650676,325338,
2021-03-20,62535,59954,2549,,1606853,1271315,943476,655678,327839,
2021-03-21,43974,42460,1528,,1650827,1313710,984380,658660,329330,
2021-03-22,30988,30026,975,,1681815,1343648,1013399,660498,330249,
2021-03-23,54585,51814,2722,,1736400,1395367,1062459,665816,332908,
2021-03-24,76397,73222,3128,,1812797,1468499,1132520,671958,335979,
2021-03-25,82883,80306,2530,,1895680,1548726,1210274,676904,338452,
2021-03-26,86965,83440,3486,,1982645,1632085,1290199,683772,341886,
2021-03-27,80826,77879,2863,,2063471,1709861,1365177,689368,344684,
2021-03-28,66973,65387,1552,,2130444,1775158,1428979,692358,346179,
2021-03-29,51722,49037,2651,,2182166,1824115,1475331,697568,348784,
2021-03-30,73548,70148,3343,,2255714,1894186,1542100,704172,352086,
2021-03-31,93132,89490,3575,,2348846,1983578,1627970,711216,355608,
2021-04-01,89277,85413,3829,,2438123,2068893,1709509,718768,359384,
2021-04-02,93050,88831,4205,,2531173,2157638,1794101,727074,363537,
2021-04-03,60965,59294,1729,,2592138,2216841,1851626,730430,365215,
2021-04-04,72308,70662,1642,,2664446,2287392,1920593,733598,366799,
2021-04-05,53727,53258,469,,2718173,2340566,1973346,734440,367220,
2021-04-06,79560,77698,1881,,2797733,2418163,2049115,738096,369048,
2021-04-07,107980,104920,3052,,2905713,2522958,2150916,744084,372042,
2021-04-08,114050,110090,4018,,3019763,2632937,2256933,752008,376004,
2021-04-09,109810,105599,4287,,3129573,2738418,2358192,760452,380226,
2021-04-10,109199,105455,3841,,3238772,2843745,2459744,768002,384001,
2021-04-11,98597,95489,3253,,3337369,2939109,2551914,774390,387195,
2021-04-12,76052,74992,1153,,3413421,3013953,2625673,776560,388280,
2021-04-13,99440,96071,3392,,3512861,3109915,2718291,783248,391624,
2021-04-14,117013,113257,3645,,3629874,3223054,2827825,790458,395229,
2021-04-15,113533,109485,3892,,3743407,3332413,2933349,798128,399064,
2021-04-16,118097,113735,4187,,3861504,3446038,3042831,806414,403207,
2021-04-17,112379,107803,4437,,3973883,3553707,3146122,815170,407585,
2021-04-18,88717,86491,2095,,4062600,3640075,3230449,819252,409626,
2021-04-19,68950,67426,1444,,4131550,3707371,3296352,822038,411019,
2021-04-20,101894,98578,3113,,4233444,3805787,3391720,828134,414067,
2021-04-21,141957,137703,4023,,4375401,3943316,3525294,836044,418022,
2021-04-22,139441,135304,3900,,4514842,4078491,3656625,843732,421866,
2021-04-23,138156,131770,6146,,4652998,4210107,3782153,855908,427954,
2021-04-24,130250,126209,3871,,4783248,4336168,3904399,863538,431769,
2021-04-25,101996,98597,3170,,4885244,4434617,3999745,869744,434872,
2021-04-26,70984,69287,1552,,4956228,4503773,4067409,872728,436364,
2021-04-27,98471,95408,2876,,5054699,4599020,4159843,878354,439177,
2021-04-28,120545,115937,4422,,5175244,4714789,4271262,887054,443527,
2021-04-29,124441,119258,5037,,5299685,4833880,4385385,896990,448495,
2021-04-30,115775,110538,5003,,5415460,4944245,4490824,906842,453421,
2021-05-01,111249,107405,3633,,5526709,5051469,4594492,913954,456977,
2021-05-02,79113,76147,2854,,5605822,5127459,4667694,919530,459765,
2021-05-03,56766,55108,1590,,5662588,5182413,4721118,922590,461295,
2021-05-04,91897,88539,3278,,5754485,5270774,4806278,928992,464496,
2021-05-05,137966,133272,4610,,5892451,5403877,4934834,938086,469043,
2021-05-06,141804,136861,4806,,6034255,5540554,5066767,947574,473787,
2021-05-07,150232,145213,4823,,6184487,5685607,5207056,957102,478551,
2021-05-08,142416,137745,4423,,6326903,5823157,5340262,965790,482895,
2021-05-09,124776,121137,3474,,6451679,5944130,5457825,972610,486305,
2021-05-10,97783,95811,1873,,6549462,6039752,5551641,976222,488111,
2021-05-11,113469,108815,4478,,6662931,6148365,5655847,985036,492518,
2021-05-12,144988,137983,6861,,6807919,6286169,5786856,998626,499313,
2021-05-13,142618,135281,7195,,6950537,6421275,5914841,1012868,506434,
2021-05-14,148861,138747,9947,,7099398,6559834,6043518,1032632,516316,
2021-05-15,159687,149662,9851,,7259085,6709309,6183217,1052184,526092,
2021-05-16,144335,136069,8063,,7403420,6845210,6311135,1068150,534075,
2021-05-17,114947,110855,3940,,7518367,6955876,6417937,1075878,537939,
2021-05-18,111275,100421,10654,,7629642,7056101,6507570,1097062,548531,
2021-05-19,149827,133435,16217,,7779469,7189384,6624710,1129348,564674,
2021-05-20,151498,131530,19758,,7930967,7320725,6736362,1168726,584363,
2021-05-21,165315,140829,24232,,8096282,7461373,6852855,1217036,608518,
2021-05-22,199358,172188,26948,,8295640,7633364,6997979,1270770,635385,
2021-05-23,139786,127420,12223,,8435426,7760606,7113060,1295092,647546,
2021-05-24,100262,93297,6822,,8535688,7853730,7199432,1308596,654298,
2021-05-25,90396,82927,7261,,8626084,7936494,7275002,1322984,661492,
2021-05-26,139721,112966,26492,,8765805,8049273,7361359,1375828,687914,
2021-05-27,152016,123004,28761,,8917821,8172120,7455514,1433212,716606,
2021-05-28,163799,132264,31235,,9081620,8304211,7556429,1495564,747782,
2021-05-29,153325,117075,36019,,9234945,8421137,7637392,1567490,783745,
2021-05-30,149678,118979,30475,,9384623,8539946,7725788,1628316,814158,
2021-05-31,99176,79784,19202,,9483799,8619560,7786264,1666592,833296,
2021-06-01,124123,90558,33235,,9607922,8709923,7843467,1732912,866456,
2021-06-02,145253,102105,42902,,9753175,8811847,7902558,1818578,909289,
2021-06-03,155293,99857,55160,,9908468,8911520,7947142,1928756,964378,
2021-06-04,181656,115498,65891,,10090124,9026819,7996638,2060362,1030181,
2021-06-05,171952,103383,68295,,10262076,9130004,8031613,2196782,1098391,
2021-06-06,163339,91824,71237,,10425415,9221650,8052092,2339116,1169558,
2021-06-07,119537,63032,56289,,10544952,9284485,8058713,2451544,1225772,
2021-06-08,161847,72414,88999,,10706799,9356710,8042019,2629382,1314691,
2021-06-09,181403,70768,110175,,10888202,9427302,8002516,2849572,1424786,
2021-06-10,185524,66388,118650,,11073726,9493487,7950142,3086690,1543345,
2021-06-11,204737,67484,136500,,11278463,9560785,7881022,3359526,1679763,
2021-06-12,199661,62637,136429,,11478124,9623240,7807140,3632200,1816100,
2021-06-13,190280,58847,130908,,11668404,9681912,7734984,3893856,1946928,
2021-06-14,137648,38667,98590,,11806052,9720383,7674970,4090826,2045413,
2021-06-15,189164,42570,146245,,11995216,9762735,7571174,4383122,2191561,
2021-06-16,206070,42401,163033,,12201286,9804940,7450449,4708982,2354491,
2021-06-17,210354,37911,171871,,12411640,9842636,7316366,5052540,2526270,
2021-06-18,217094,35330,181164,,12628734,9877776,7170434,5414684,2707342,
2021-06-19,215806,35463,179683,,12844540,9913033,7026120,5773826,2886913,
2021-06-20,186211,35533,150108,,13030751,9948368,6911455,6073826,3036913,
2021-06-21,120400,20812,99095,,13151151,9968985,6833069,6271832,3135916,
2021-06-22,204874,27482,176647,,13356025,9996273,6683819,6624908,3312454,
2021-06-23,230453,28592,201133,,13586478,10024665,6511186,7026958,3513479,
2021-06-24,227630,26649,200239,,13814108,10051118,6337510,7427216,3713608,
2021-06-25,251042,27950,222358,,14065150,10078867,6143019,7871696,3935848,
2021-06-26,261224,29968,230558,,14326374,10108610,5942344,8332532,4166266,
2021-06-27,204941,27757,176587,,14531315,10136185,5793442,8685486,4342743,
2021-06-28,199215,20942,177716,,14730530,10156929,5636595,9040668,4520334,
2021-06-29,250053,24467,224870,,14980583,10181155,5436105,9490100,4745050,
2021-06-30,275478,24155,250761,,15256061,10205107,5209425,9991364,4995682,
2021-07-01,271924,25290,246088,,15527985,10230179,4988548,10483262,5241631,
2021-07-02,144681,11567,132891,,15672666,10241572,4867152,10748840,5374420,
2021-07-03,216846,19902,196717,,15889512,10261252,4690264,11141976,5570988,
2021-07-04,196105,19371,176515,,16085617,10280437,4533053,11494768,5747384,
2021-07-05,148692,12432,136120,,16234309,10292680,4409303,11766754,5883377,
2021-07-06,219985,19971,199801,,16454294,10312435,4229403,12166064,6083032,
2021-07-07,246567,22951,223380,,16700861,10335160,4028896,12612528,6306264,
2021-07-08,231153,21331,209614,,16932014,10356285,3840542,13031486,6515743,
2021-07-09,226945,21488,205291,,17158959,10377571,3656669,13441804,6720902,
2021-07-10,209008,20519,188336,,17367967,10397886,3488785,13818202,6909101,
2021-07-11,171635,17561,153951,,17539602,10415246,3352341,14125810,7062905,
2021-07-12,123108,11438,111574,,17662710,10426495,3252153,14348684,7174342,
2021-07-13,178427,18994,159291,,17841137,10445267,3111789,14666956,7333478,
2021-07-14,179988,19278,160553,,18021125,10464331,2970463,14987736,7493868,
2021-07-15,167154,19569,147414,,18188279,10483689,2842571,15282236,7641118,
2021-07-16,169294,19871,149274,,18357573,10503358,2713119,15580478,7790239,
2021-07-17,172934,20235,152576,,18530507,10523344,2580721,15885246,7942623,
2021-07-18,133582,15909,117536,,18664089,10539069,2479058,16120022,8060011,
2021-07-19,91946,10404,81436,,18756035,10549260,2407988,16282544,8141272,
2021-07-20,133491,16923,116508,,18889526,10565943,2308339,16515208,8257604,
2021-07-21,140044,16966,123007,,19029570,10582694,2202245,16760898,8380449,
2021-07-22,125553,17616,107805,,19155123,10600086,2112009,16976154,8488077,
2021-07-23,120201,16965,103030,,19275324,10616810,2025902,17181816,8590908,
2021-07-24,126641,18313,108093,,19401965,10634920,1936082,17397676,8698838,
2021-07-25,103588,14833,88628,,19505553,10649529,1862244,17574570,8787285,
2021-07-26,66658,9875,56692,,19572211,10659186,1815390,17687592,8843796,
2021-07-27,92338,15299,76878,,19664549,10674224,1753767,17840914,8920457,
2021-07-28,93887,16432,77378,,19758436,10690421,1692777,17995288,8997644,
2021-07-29,89333,16673,72500,,19847769,10706862,1636906,18139912,9069956,
2021-07-30,83997,16074,67814,,19931766,10722708,1585126,18275164,9137582,
2021-07-31,83771,15671,67948,,20015537,10738161,1532821,18410680,9205340,
2021-08-01,61836,11303,50352,,20077373,10749238,1493737,18511002,9255501,
2021-08-02,42448,7396,34936,,20119821,10756436,1466165,18580542,9290271,
2021-08-03,33237,5932,27138,,20153058,10762135,1444936,18634398,9317199,
2021-08-04,61271,12353,48730,,20214329,10774253,1408522,18731462,9365731,
2021-08-05,59409,12520,46736,,20273738,10786565,1374262,18824606,9412303,
2021-08-06,55963,11831,43917,,20329701,10798136,1342145,18911982,9455991,
2021-08-07,62327,12114,50017,,20392028,10809989,1304199,19011580,9505790,
2021-08-08,48617,9234,39198,,20440645,10818995,1274212,19089566,9544783,
2021-08-09,30832,5925,24733,,20471477,10824706,1255377,19138658,9569329,
2021-08-10,49195,10481,38419,,20520672,10834908,1227406,19215004,9607502,
2021-08-11,48670,10747,37684,,20569342,10845408,1200438,19289940,9644970,
2021-08-12,49194,11173,37799,,20618536,10856331,1173770,19365122,9682561,
2021-08-13,49569,11707,37594,,20668105,10867797,1147853,19439888,9719944,
2021-08-14,51160,12113,38842,,20719265,10879660,1121098,19517124,9758562,
2021-08-15,41708,9824,31664,,20760973,10889282,1099228,19580108,9790054,
2021-08-16,26700,6161,20385,,20787673,10895220,1084978,19620484,9810242,
2021-08-17,40442,11028,29156,,20828115,10905998,1066826,19678344,9839172,
2021-08-18,41850,11944,29665,,20869965,10917700,1049073,19737254,9868627,
2021-08-19,45835,16500,29076,,20915800,10933949,1036469,19794960,9897480,
2021-08-20,46384,16265,29711,,20962184,10949958,1022996,19853924,9926962,
2021-08-21,47899,15123,32409,,21010083,10964821,1005677,19918288,9959144,
2021-08-22,34348,10792,23292,,21044431,10975367,993153,19964428,9982214,
2021-08-23,23198,6992,15987,,21067629,10982124,984137,19995974,9997987,
2021-08-24,37607,13353,23805,,21105236,10995223,973662,20043122,10021561,
2021-08-25,41268,14387,26284,,21146504,11009354,961746,20095216,10047608,
2021-08-26,39221,13541,24939,,21185725,11022619,950313,20144612,10072306,
2021-08-27,37611,12899,23671,,21223336,11035277,939514,20191526,10095763,
2021-08-28,40052,13398,25483,,21263388,11048398,927405,20241986,10120993,
2021-08-29,30509,10232,19926,,21293897,11058398,917692,20281412,10140706,
2021-08-30,18209,6128,11835,,21312106,11064278,911956,20304644,10152322,
2021-08-31,32664,11920,19598,,21344770,11075931,904250,20343362,10171681,
2021-09-01,36179,12918,21921,,21380949,11088616,895231,20386770,10193385,
2021-09-02,37704,15615,19630,,21418653,11103979,891191,20425576,10212788,
2021-09-03,46810,21055,22407,,21465463,11124786,889820,20469932,10234966,
2021-09-04,46831,20577,24741,,21512294,11145118,885633,20518970,10259485,
2021-09-05,33026,14194,18548,,21545320,11159068,881259,20555618,10277809,
2021-09-06,21669,9474,12014,,21566989,11168293,878702,20579182,10289591,
2021-09-07,14958,6708,8069,,21581947,11174744,877324,20594840,10297420,
2021-09-08,41097,17091,20916,,21623044,11191571,873481,20636180,10318090,
2021-09-09,41399,16956,19647,,21664443,11208250,870765,20674970,10337485,
2021-09-10,39591,15488,18972,,21704034,11223476,867263,20712426,10356213,
2021-09-11,42328,15916,23314,,21746362,11239113,859844,20758538,10379269,
2021-09-12,29930,11523,17849,,21776292,11250342,853488,20793708,10396854,
2021-09-13,16053,6393,9168,,21792345,11256501,850698,20811606,10405803,
2021-09-14,29865,11546,15269,,21822210,11267746,846948,20841596,10420798,
2021-09-15,39238,14005,19403,,21861448,11281492,841535,20879914,10439957,
2021-09-16,39305,13967,19227,,21900753,11295224,836252,20917944,10458972,
2021-09-17,38879,13592,19311,,21939632,11308573,830521,20956104,10478052,
2021-09-18,41174,14070,23484,,21980806,11322370,821086,21002568,10501284,
2021-09-19,30611,10821,18951,,22011417,11332932,812943,21039978,10519989,
2021-09-20,16715,6097,10168,,22028132,11338776,808849,21059854,10529927,
2021-09-21,31319,11199,16968,,22059451,11349710,803064,21093292,10546646,
2021-09-22,41775,14806,22906,,22101226,11364220,794943,21138554,10569277,
2021-09-23,47186,16125,26006,,22148412,11380082,785043,21190078,10595039,
2021-09-24,46247,15620,26609,,22194659,11395441,774035,21242812,10621406,
2021-09-25,48155,15245,29919,,22242814,11410433,759342,21302182,10651091,
2021-09-26,37443,12408,24446,,22280257,11422566,747283,21350566,10675283,
2021-09-27,19141,6528,12309,,22299398,11428840,741486,21374708,10687354,
2021-09-28,30911,11281,17849,,22330309,11439862,734906,21409912,10704956,
2021-09-29,37848,12464,21702,,22368157,11452055,725648,21452814,10726407,
2021-09-30,37291,11636,21344,,22405448,11463432,715921,21495022,10747511,
2021-10-01,30830,9799,18382,,22436278,11473005,707325,21531360,10765680,
2021-10-02,37096,11147,23561,,22473374,11483882,694893,21577978,10788989,
2021-10-03,27190,8158,18316,,22500564,11491799,684722,21614154,10807077,
2021-10-04,14861,4743,9798,,22515425,11496296,679649,21633294,10816647,
2021-10-05,26775,8580,15841,,22542200,11504615,672373,21664484,10832242,
2021-10-06,31628,9630,18486,,22573828,11513986,663509,21700954,10850477,
2021-10-07,30313,9383,17100,,22604141,11523119,655779,21734680,10867340,
2021-10-08,32791,10729,18827,,22636932,11533578,647668,21771820,10885910,
2021-10-09,34098,10651,20987,,22671030,11543966,637318,21813296,10906648,
2021-10-10,23380,7654,15062,,22694410,11551370,629898,21842944,10921472,
2021-10-11,11988,3838,7856,,22706398,11554958,625864,21858188,10929094,
2021-10-12,5083,1620,3250,,22711481,11556300,624219,21864162,10932081,
2021-10-13,29076,9184,18064,,22740557,11565194,615323,21899742,10949871,
2021-10-14,28982,8898,17729,,22769539,11573817,606482,21934670,10967335,
2021-10-15,29051,8815,18144,,22798590,11582369,597140,21970458,10985229,
2021-10-16,31119,8978,19860,,22829709,11591056,586246,22009620,11004810,
2021-10-17,23672,7247,15356,,22853381,11598049,578124,22039850,11019925,
2021-10-18,12296,3746,8141,,22865677,11601514,573717,22055594,11027797,
2021-10-19,21238,6617,12611,,22886915,11607849,567710,22080278,11040139,
2021-10-20,25621,7533,14892,,22912536,11615135,560338,22109594,11054797,
2021-10-21,23145,6672,13015,,22935681,11621538,553984,22135108,11067554,
2021-10-22,26077,7298,15087,,22961758,11628514,546179,22164670,11082335,
2021-10-23,28144,7597,17136,,22989902,11635849,536633,22198432,11099216,
2021-10-24,19322,5729,12574,,23009224,11641322,529776,22223092,11111546,
2021-10-25,9916,2710,6469,,23019140,11643763,526009,22235508,11117754,
2021-10-26,18859,5378,11070,,23037999,11648863,520308,22257110,11128555,
2021-10-27,22809,6067,13185,,23060808,11654675,513176,22282998,11141499,
2021-10-28,22274,5790,12624,,23083082,11660177,506331,22307692,11153846,
2021-10-29,22774,5725,13025,,23105856,11665601,499017,22333168,11166584,
2021-10-30,24075,6030,14595,,23129931,11671359,490440,22361838,11180919,
2021-10-31,16451,4586,10584,,23146382,11675651,484437,22382428,11191214,
2021-11-01,7857,2075,5051,,23154239,11677446,481448,22391996,11195998,
2021-11-02,15603,4363,7730,,23169842,11681518,478070,22406896,11203448,
2021-11-03,18597,5065,9590,,23188439,11686280,473535,22425490,11212745,
2021-11-04,19471,4863,10013,,23207910,11690867,468370,22444994,11222497,
2021-11-05,21432,4394,9507,,23229342,11694972,463243,22463458,11231729,
2021-11-06,25306,5198,12144,,23254648,11699901,456280,22487242,11243621,
2021-11-07,21425,4020,8904,,23276073,11703641,451384,22504514,11252257,
2021-11-08,11983,2108,4728,,23288056,11705454,448748,22513412,11256706,
2021-11-09,24087,3843,7622,,23312143,11708976,444959,22528034,11264017,
2021-11-10,28440,4501,8973,,23340583,11713199,440473,22545452,11272726,
2021-11-11,28723,4293,9078,,23369306,11717196,435679,22563034,11281517,
2021-11-12,26710,4155,8216,,23396016,11721060,431604,22578912,11289456,
2021-11-13,34271,5070,11390,,23430287,11725824,425275,22601098,11300549,
2021-11-14,23188,3895,8587,,23453475,11729456,420576,22617760,11308880,
2021-11-15,12688,2186,4485,,23466163,11731382,418269,22626226,11313113,
2021-11-16,26142,3920,7463,,23492305,11735045,414722,22640646,11320323,
2021-11-17,31125,4046,7784,,23523430,11738809,410974,22655670,11327835,
2021-11-18,32458,3848,7504,,23555888,11742352,407304,22670096,11335048,
2021-11-19,35428,3854,7730,,23591316,11745906,403416,22684980,11342490,
2021-11-20,40089,4380,8806,,23631405,11750007,398981,22702052,11351026,
2021-11-21,28088,3431,6934,,23659493,11753176,395464,22715424,11357712,
2021-11-22,14881,1947,3886,,23674374,11754847,393519,22722656,11361328,
2021-11-23,33026,3269,5993,,23707400,11757836,390787,22734098,11367049,
2021-11-24,42608,3747,6781,,23750008,11761279,387742,22747074,11373537,
2021-11-25,45999,3928,6543,,23796007,11764933,385124,22759618,11379809,
2021-11-26,52802,11340,6596,,23848809,11776003,389861,22772284,11386142,
2021-11-27,63476,22345,7014,,23912285,11798067,405182,22785770,11392885,
2021-11-28,51430,27732,5302,,23963715,11825507,427600,22795814,11397907,
2021-11-29,33508,18931,2871,,23997223,11844177,443649,22801056,11400528,
2021-11-30,55975,20665,5110,,24053198,11864561,459194,22810734,11405367,
2021-12-01,69500,26235,5613,,24122698,11890490,479802,22821376,11410688,
2021-12-02,71588,26479,5017,,24194286,11916672,501251,22830842,11415421,
2021-12-03,73372,25092,5144,,24267658,11941468,521193,22840550,11420275,
2021-12-04,81114,27781,6050,47261,24348772,11968956,542915,,11426041,807236
2021-12-05,62605,31926,4396,26264,24411377,12000587,570437,,11430150,833396
2021-12-06,38611,19139,2706,16751,24449988,12019438,586863,,11432575,850069
2021-12-07,60243,14846,4448,40938,24510231,12034013,597251,,11436762,890933
2021-12-08,73409,19052,4666,49689,24583640,12052788,611627,,11441161,940544
2021-12-09,74460,18269,4328,51844,24658100,12070749,625560,,11445189,992304
2021-12-10,77429,17586,4626,55209,24735529,12088054,638515,,11449539,1047432
2021-12-11,83139,20400,5810,56917,24818668,12108165,653091,,11455074,1104263
2021-12-12,60724,22691,4143,33848,24879392,12130576,671633,,11458943,1138022
2021-12-13,34907,11592,2401,20892,24914299,12141871,680814,,11461057,1158819
2021-12-14,101921,8995,3843,89041,25016220,12150557,685952,,11464605,1247740
2021-12-15,127646,12420,4494,110695,25143866,12162673,693868,,11468805,1358335
2021-12-16,139297,12446,4229,122611,25283163,12174833,702075,,11472758,1480847
2021-12-17,159123,12394,4500,142206,25442286,12186954,709960,,11476994,1622956
2021-12-18,175538,13518,4910,157068,25617824,12200178,718556,,11481622,1779929
2021-12-19,140396,18155,3921,118287,25758220,12218032,732782,,11485250,1898105
2021-12-20,106796,10305,2740,93708,25865016,12228069,740337,,11487732,1991715
2021-12-21,215187,12962,4302,197902,26080203,12240715,748990,,11491725,2189496
2021-12-22,237155,14417,5178,217677,26317358,12254834,758215,,11496619,2407056
2021-12-23,257372,11707,5070,240500,26574730,12266238,764846,,11501392,2647450
2021-12-24,223344,9438,4543,209302,26798074,12275379,769737,,11505642,2856636
2021-12-25,89683,3885,2499,83311,26887757,12278989,771118,,11507871,2939840
2021-12-26,11890,387,354,11140,26899647,12279084,771143,,11507941,2950850
2021-12-27,46915,1496,1108,44283,26946562,12280335,771524,,11508811,2995013
2021-12-28,144726,6097,3987,134581,27091288,12286139,773623,,11512516,3129463
2021-12-29,175424,9374,4564,161418,27266712,12295218,778429,,11516789,3290754
2021-12-30,199997,10127,5331,184498,27466709,12305042,783210,,11521832,3475118
2021-12-31,195159,10006,5787,179116,27661868,12314759,787420,,11527339,3654108
2022-01-01,96916,5375,3870,87346,27758784,12319826,788917,,11530909,3741306
2022-01-02,19430,937,923,17441,27778214,12320472,788922,,11531550,3758601
2022-01-03,88238,4772,4589,78795,27866452,12324934,789097,,11535837,3837243
2022-01-04,146321,5999,5304,134978,28012773,12330606,789779,,11540827,3972066
2022-01-05,177422,7611,7281,162358,28190195,12337863,790098,,11547765,4134264
2022-01-06,191471,7197,6777,176973,28381666,12344741,790507,,11554234,4311082
2022-01-07,191180,7949,6974,175448,28572846,12352346,791470,,11560876,4486357
2022-01-08,181597,8612,6624,165176,28754443,12360626,793445,,11567181,4651377
2022-01-09,131064,9859,7169,113945,28885507,12370164,796130,,11574034,4765162
2022-01-10,90544,5105,4487,80825,28976051,12374947,796738,,11578209,4845834
2022-01-11,138826,6149,6556,125415,29114877,12380750,796318,,11584432,4971060
2022-01-12,156966,8154,8037,138657,29271843,12388576,796430,,11592146,5109549
2022-01-13,162612,9203,9198,141503,29434455,12397419,796422,,11600997,5250870
2022-01-14,159799,10741,10359,136009,29594254,12407801,796799,,11611002,5386682
2022-01-15,161154,11003,11665,135853,29755408,12418434,796126,,11622308,5522342
2022-01-16,109743,9282,9670,89436,29865151,12427355,795731,,11631624,5611561
2022-01-17,65754,5934,6553,52626,29930905,12432956,795102,,11637854,5664003
2022-01-18,36069,2000,2116,31132,29966974,12434603,794976,,11639627,5694940
2022-01-19,101265,5574,6708,85925,30068239,12439778,793824,,11645954,5780639
2022-01-20,103553,6323,6995,85702,30171792,12445718,793144,,11652574,5866119
2022-01-21,102062,6226,8050,82473,30273854,12451541,791306,,11660235,5948365
2022-01-22,102539,8708,12064,78090,30376393,12459860,787943,,11671917,6026227
2022-01-23,76660,7303,13978,54779,30453053,12466821,781261,,11685560,6080784
2022-01-24,42239,3190,7927,30734,30495292,12469647,776506,,11693141,6111311
2022-01-25,62530,3754,8361,48098,30557822,12473022,771884,,11701138,6159191
2022-01-26,77855,4912,13162,55675,30635677,12477559,763629,,11713930,6214625
2022-01-27,78037,4894,13236,56022,30713714,12482082,755277,,11726805,6270410
2022-01-28,77249,4667,13667,53874,30790963,12486391,746264,,11740127,6324065
2022-01-29,84782,5529,17699,58095,30875745,12491558,734087,,11757471,6381916
2022-01-30,66476,5024,20619,40139,30942221,12496241,718478,,11777763,6421831
2022-01-31,34722,2173,9873,22336,30976943,12498096,710769,,11787327,6443979
2022-02-01,51325,3266,9650,36514,31028268,12501010,704375,,11796635,6480268
2022-02-02,57684,3844,12388,38666,31085952,12504525,695816,,11808709,6518736
2022-02-03,52568,3609,11505,34295,31138520,12507758,687908,,11819850,6552780
2022-02-04,43060,2942,10554,27269,31181580,12510391,680286,,11830105,6579856
2022-02-05,58693,3737,14463,37554,31240273,12513799,669548,,11844251,6617199
2022-02-06,49841,3637,16110,29565,31290114,12517115,657070,,11860045,6646540
2022-02-07,23214,1687,7802,13432,31313328,12518477,650942,,11867535,6659748
2022-02-08,33360,2350,7236,21958,31346688,12520498,646049,,11874449,6681473
2022-02-09,38855,2780,8906,24402,31385543,12522921,639917,,11883004,6705623
2022-02-10,37517,2762,8827,22545,31423060,12525348,633848,,11891500,6727939
2022-02-11,39414,2715,10283,22991,31462474,12527717,626271,,11901446,6750692
2022-02-12,42022,2954,11450,25302,31504496,12530339,617764,,11912575,6775770
2022-02-13,36296,2799,13136,19935,31540792,12532852,607424,,11925428,6795507
2022-02-14,16959,1173,6113,9465,31557751,12533751,602477,,11931274,6804772
2022-02-15,19322,1381,4737,11865,31577073,12534813,599111,,11935702,6816413
2022-02-16,26001,1762,7721,14943,31603074,12536279,593148,,11943131,6831156
2022-02-17,26737,1678,7515,14976,31629811,12537604,587302,,11950302,6845878
2022-02-18,23916,1352,6597,13667,31653727,12538640,582046,,11956594,6859336
2022-02-19,37814,1902,8330,26041,31691541,12540211,575613,,11964598,6885136
2022-02-20,32557,1492,7957,22800,31724098,12541404,569140,,11972264,6907733
2022-02-21,17494,913,3675,12754,31741592,12542023,566369,,11975654,6920276
2022-02-22,9086,427,1545,6945,31750678,12542161,565246,,11976915,6927011
2022-02-23,25315,1326,4784,17288,31775993,12543179,561781,,11981398,6944065
2022-02-24,24549,1395,5232,15470,31800542,12544254,557940,,11986314,6959293
2022-02-25,23082,1384,5131,14502,31823624,12545345,554186,,11991159,6973569
2022-02-26,25210,1383,5902,16547,31848834,12546419,549660,,11996759,6989891
2022-02-27,26937,1366,7359,17698,31875771,12547516,543656,,12003860,7007394
2022-02-28,10122,593,2525,6744,31885893,12547857,541716,,12006141,7013955
2022-03-01,13171,942,3141,8156,31899064,12548495,539507,,12008988,7021895
2022-03-02,15401,1160,3573,9612,31914465,12549395,537087,,12012308,7031330
2022-03-03,14285,1076,3220,8684,31928750,12550160,534936,,12015224,7039783
2022-03-04,14452,988,3438,8307,31943202,12550827,532482,,12018345,7047837
2022-03-05,18518,1276,4990,11179,31961720,12551796,528757,,12023039,7058794
2022-03-06,16501,1086,5520,9599,31978221,12552605,524317,,12028288,7068187
2022-03-07,5936,462,1853,3508,31984157,12552782,522919,,12029863,7071478
2022-03-08,7347,698,1932,4155,31991504,12553203,521678,,12031525,7075435
2022-03-09,11148,906,2734,6402,32002652,12553833,519844,,12033989,7081635
2022-03-10,12739,1039,3245,6829,32015391,12554595,517631,,12036964,7088251
2022-03-11,12874,902,3401,6860,32028265,12555209,515124,,12040085,7094896
2022-03-12,14667,1044,4171,8307,32042932,12555983,511994,,12043989,7103001
2022-03-13,14735,1088,4994,8329,32057667,12556784,508084,,12048700,7111096
2022-03-14,6319,446,2223,3494,32063986,12556961,506304,,12050657,7114377
2022-03-15,10188,789,2620,5972,32074174,12557460,504461,,12052999,7120135
2022-03-16,13046,931,3660,6949,32087220,12558103,501729,,12056374,7126854
2022-03-17,13165,1042,3953,6749,32100385,12558858,498811,,12060047,7133384
2022-03-18,11891,910,3138,6429,32112276,12559466,496573,,12062893,7139590
2022-03-19,14426,1002,4158,7895,32126702,12560190,493415,,12066775,7147267
2022-03-20,11728,990,3949,6363,32138430,12560910,490451,,12070459,7153422
2022-03-21,5051,413,1587,2812,32143481,12561065,489273,,12071792,7156032
2022-03-22,6693,550,1551,3886,32150174,12561331,488267,,12073064,7159705
2022-03-23,9959,783,2296,5191,32160133,12561800,486751,,12075049,7164655
2022-03-24,9279,720,2373,4605,32169412,12562256,485089,,12077167,7169056
2022-03-25,9209,781,2148,4743,32178621,12562774,483714,,12079060,7173587
2022-03-26,10913,931,2828,5502,32189534,12563431,481815,,12081616,7178873
2022-03-27,10217,909,3535,5296,32199751,12564081,479185,,12084896,7183958
2022-03-28,3577,319,1107,1986,32203328,12564163,478394,,12085769,7185752
2022-03-29,5329,501,1206,2682,32208657,12564382,477683,,12086699,7188213
2022-03-30,7837,747,1828,4116,32216494,12564851,476597,,12088254,7192105
2022-03-31,8642,689,1923,4410,32225136,12565255,475357,,12089898,7196297
2022-04-01,9290,801,1910,4884,32234426,12565765,474239,,12091526,7200943
2022-04-02,10424,890,2207,5560,32244850,12566369,472910,,12093459,7206286
2022-04-03,9190,877,2564,5062,32254040,12566993,471217,,12095776,7211150
2022-04-04,4191,387,1002,2405,32258231,12567119,470599,,12096520,7213352
2022-04-05,6058,597,1033,3048,32264289,12567380,470157,,12097223,7216128
2022-04-06,8363,715,1478,4370,32272652,12567805,469389,,12098416,7220272
2022-04-07,10325,732,1680,4834,32282977,12568238,468436,,12099802,7224864
2022-04-08,23979,811,1576,4833,32306956,12568773,467665,,12101108,7229482
2022-04-09,30465,968,1966,5893,32337421,12569444,466658,,12102786,7235153
2022-04-10,24843,978,2383,5330,32362264,12570165,465247,,12104918,7240283
2022-04-11,12567,385,874,2431,32374831,12570302,464754,,12105548,7242514
2022-04-12,28101,691,1013,3532,32402932,12570691,464425,,12106266,7245814
2022-04-13,37762,851,1552,4923,32440694,12571243,463720,,12107523,7250507
2022-04-14,37873,760,1606,4906,32478567,12571692,462871,,12108821,7255161
2022-04-15,43388,1230,2101,6724,32521955,12572625,461996,,12110629,7261649
2022-04-16,8085,358,648,1736,32530040,12572724,461704,,12111020,7263170
2022-04-17,21001,868,1924,4312,32551041,12573309,460641,,12112668,7267260
2022-04-18,5453,305,460,1287,32556494,12573330,460481,,12112849,7268309
2022-04-19,22644,615,770,3101,32579138,12573664,460317,,12113347,7271191
2022-04-20,40316,1062,1393,4613,32619454,12574402,459983,,12114419,7275541
2022-04-21,38738,940,1596,4676,32658192,12575048,459320,,12115728,7279983
2022-04-22,35604,1009,1425,4263,32693796,12575786,458897,,12116889,7284029
2022-04-23,34635,1003,1732,4711,32728431,12576509,458165,,12118344,7288504
2022-04-24,20800,1020,1879,3777,32749231,12577280,457303,,12119977,7292088
2022-04-25,8297,451,692,1707,32757528,12577464,457061,,12120403,7293580
2022-04-26,24597,732,939,3136,32782125,12577906,456848,,12121058,7296481
2022-04-27,33584,954,1366,3930,32815709,12578587,456428,,12122159,7300197
2022-04-28,32824,928,1411,3927,32848533,12579244,455937,,12123307,7303902
2022-04-29,32038,1095,1373,3908,32880571,12580043,455652,,12124391,7307582
2022-04-30,30263,920,1531,4018,32910834,12580670,455035,,12125635,7311366
2022-05-01,16744,767,1576,2969,32927578,12581142,454221,,12126921,7314093
2022-05-02,5930,307,524,1097,32933508,12581157,454000,,12127157,7314965
2022-05-03,20917,588,827,2344,32954425,12581440,453755,,12127685,7317070
2022-05-04,29402,799,1089,3290,32983827,12581932,453460,,12128472,7320113
2022-05-05,29085,871,1158,3121,33012912,12582492,453163,,12129329,7322991
2022-05-06,29076,1145,1279,2982,33041988,12583353,453026,,12130327,7325748
2022-05-07,28475,869,1260,3106,33070463,12583934,452630,,12131304,7328631
2022-05-08,15994,896,1308,2321,33086457,12584574,452216,,12132358,7330752
2022-05-09,5894,292,474,943,33092351,12584602,452028,,12132574,7331487
2022-05-10,21217,695,717,2117,33113568,12584981,451999,,12132982,7333346
2022-05-11,28935,835,1079,2651,33142503,12585492,451751,,12133741,7335731
2022-05-12,28229,800,1081,2510,33170732,12585998,451466,,12134532,7338002
2022-05-13,27585,879,1114,2466,33198317,12586571,451227,,12135344,7340215
2022-05-14,25681,809,1095,2607,33223998,12587069,450934,,12136135,7342570
2022-05-15,14841,751,1271,2054,33238839,12587550,450407,,12137143,7344407
2022-05-16,6378,325,532,1046,33245217,12587640,450196,,12137444,7345269
2022-05-17,19591,584,777,1738,33264808,12587917,449996,,12137921,7346764
2022-05-18,26536,877,1096,2271,33291344,12588533,449773,,12138760,7348821
2022-05-19,24424,681,1154,2156,33315768,12588947,449293,,12139654,7350760
2022-05-20,24253,799,1133,2214,33340021,12589485,448955,,12140530,7352760
2022-05-21,22389,692,1163,2343,33362410,12589872,448475,,12141397,7354865
2022-05-22,10552,551,887,1484,33372962,12590164,448134,,12142030,7356134
2022-05-23,4558,241,460,784,33377520,12590149,447913,,12142236,7356711
2022-05-24,2605,118,176,429,33380125,12590015,447853,,12142162,7356932
2022-05-25,19348,656,943,1950,33399473,12590412,447556,,12142856,7358676
2022-05-26,20630,661,948,1907,33420103,12590802,447263,,12143539,7360363
2022-05-27,21743,815,1055,2069,33441846,12591340,447020,,12144320,7362210
2022-05-28,19394,723,1162,2143,33461240,12591799,446578,,12145221,7364144
2022-05-29,12100,759,1279,1723,33473340,12592324,446051,,12146273,7365675
2022-05-30,4575,311,548,751,33477915,12592394,445811,,12146583,7366233
2022-05-31,13541,571,748,1663,33491456,12592669,445628,,12147041,7367660
2022-06-01,16601,702,969,1874,33508057,12593071,445360,,12147711,7369281
2022-06-02,14585,553,864,1667,33522642,12593318,445042,,12148276,7370712
2022-06-03,16087,697,1090,1808,33538729,12593746,444643,,12149103,7372308
2022-06-04,13303,648,1159,1839,33552032,12594142,444128,,12150014,7373949
2022-06-05,7864,587,1109,1430,33559896,12594486,443602,,12150884,7375191
2022-06-06,3293,206,444,641,33563189,12594447,443361,,12151086,7375634
2022-06-07,11202,474,724,1361,33574391,12594625,443106,,12151519,7376753
2022-06-08,14051,667,1012,1605,33588442,12595041,442756,,12152285,7378145
2022-06-09,13360,663,920,1668,33601802,12595422,442494,,12152928,7379585
2022-06-10,13834,683,1063,1691,33615636,12595827,442107,,12153720,7381051
2022-06-11,12968,613,1030,1862,33628604,12596164,441688,,12154476,7382698
2022-06-12,8089,643,1234,1498,33636693,12596557,441093,,12155464,7383996
2022-06-13,3185,284,422,708,33639878,12596582,440950,,12155632,7384501
2022-06-14,10121,510,666,1262,33649999,12596809,440788,,12156021,7385528
2022-06-15,13496,470,828,1620,33663495,12596992,440428,,12156564,7386917
2022-06-16,12525,490,853,1615,33676020,12597187,440060,,12157127,7388293
2022-06-17,11685,478,815,1652,33687705,12597382,439716,,12157666,7389712
2022-06-18,11440,436,873,1858,33699145,12597555,439276,,12158279,7391352
2022-06-19,6996,482,897,1419,33706141,12597797,438860,,12158937,7392569
2022-06-20,2286,147,301,643,33708427,12597732,438700,,12159032,7393050
2022-06-21,9532,358,614,1380,33717959,12597811,438439,,12159372,7394190
2022-06-22,13600,407,724,1696,33731559,12597950,438115,,12159835,7395665
2022-06-23,13691,399,772,1679,33745250,12598094,437740,,12160354,7397139
2022-06-24,15356,433,811,1669,33760606,12598274,437358,,12160916,7398598
2022-06-25,14460,424,850,1708,33775066,12598448,436922,,12161526,7400105
2022-06-26,8154,432,885,1278,33783220,12598629,436462,,12162167,7401175
2022-06-27,3209,171,363,592,33786429,12598566,436266,,12162300,7401570
2022-06-28,9608,370,554,1218,33796037,12598656,436078,,12162578,7402559
2022-06-29,13296,410,724,1627,33809333,12598784,435762,,12163022,7403953
2022-06-30,12218,482,847,1573,33821551,12598991,435395,,12163596,7405302
2022-07-01,13033,548,970,1946,33834584,12599291,434968,,12164323,7407050
2022-07-02,1605,110,114,361,33836189,12599132,434962,,12164170,7407185
2022-07-03,5155,261,491,957,33841344,12599151,434724,,12164427,7407940
2022-07-04,2755,131,279,614,33844099,12599040,434575,,12164465,7408361
2022-07-05,11138,372,598,1571,33855237,12599127,434342,,12164785,7409694
2022-07-06,15948,545,855,2006,33871185,12599385,434026,,12165359,7411465
2022-07-07,15648,521,830,1920,33886833,12599623,433716,,12165907,7413137
2022-07-08,17869,552,868,2241,33904702,12599883,433399,,12166484,7415136
2022-07-09,14131,450,598,1838,33918833,12600068,433250,,12166818,7416748
2022-07-10,8734,470,752,1499,33927567,12600298,432967,,12167331,7418046
2022-07-11,4093,199,331,870,33931660,12600242,432832,,12167410,7418704
2022-07-12,12095,411,523,1650,33943755,12600360,432715,,12167645,7420105
2022-07-13,16704,560,770,2140,33960459,12600636,432499,,12168137,7422013
2022-07-14,16848,485,672,2021,33977307,12600819,432301,,12168518,7423797
2022-07-15,28882,599,820,2178,34006189,12601125,432079,,12169046,7425738
2022-07-16,30276,584,768,2322,34036465,12601407,431888,,12169519,7427817
2022-07-17,22906,536,634,1872,34059371,12601713,431787,,12169926,7429501
2022-07-18,11386,187,254,851,34070757,12601641,431715,,12169926,7430136
2022-07-19,28937,593,590,2126,34099694,12601968,431715,,12170253,7432037
2022-07-20,37613,840,921,2582,34137307,12602540,431629,,12170911,7434390
2022-07-21,36335,736,807,2799,34173642,12603001,431551,,12171450,7436959
2022-07-22,35787,825,886,2679,34209429,12603553,431484,,12172069,7439412
2022-07-23,35121,817,912,2818,34244550,12604069,431381,,12172688,7441982
2022-07-24,21726,603,804,1767,34266276,12604422,431178,,12173244,7443530
2022-07-25,11924,308,306,1079,34278200,12604459,431176,,12173283,7444388
2022-07-26,26071,619,597,2205,34304271,12604806,431197,,12173609,7446356
2022-07-27,32453,809,843,2643,34336724,12605364,431161,,12174203,7448794
2022-07-28,31523,728,880,2596,34368247,12605807,431006,,12174801,7451149
2022-07-29,29974,1787,872,2636,34398221,12607314,431918,,12175396,7453542
2022-07-30,25804,2522,742,2428,34424025,12609574,433696,,12175878,7455753
2022-07-31,14281,1068,540,1552,34438306,12610385,434220,,12176165,7457088
2022-08-01,5906,336,222,678,34444212,12610470,434332,,12176138,7457550
2022-08-02,4465,305,133,595,34448677,12610517,434502,,12176015,7457930
2022-08-03,22922,2634,735,2232,34471599,12612893,436397,,12176496,7459942
2022-08-04,22212,2479,674,2126,34493811,12615065,438197,,12176868,7461815
2022-08-05,21781,2756,742,2062,34515592,12617553,440204,,12177349,7463658
2022-08-06,19637,2876,657,1989,34535229,12620138,442417,,12177721,7465406
2022-08-07,12687,2236,616,1413,34547916,12622116,444031,,12178085,7466613
2022-08-08,4763,570,188,603,34552679,12622416,444406,,12178010,7466993
2022-08-09,13996,1463,554,1589,34566675,12623602,445309,,12178293,7468348
2022-08-10,19114,2365,715,1983,34585789,12625700,446957,,12178743,7470109
2022-08-11,17066,2043,715,1849,34602855,12627486,448283,,12179203,7471741
2022-08-12,16971,2048,730,1849,34619826,12629256,449600,,12179656,7473371
2022-08-13,15938,2222,759,1801,34635764,12631207,451061,,12180146,7474942
2022-08-14,9518,1620,617,1079,34645282,12632550,452060,,12180490,7475794
2022-08-15,3867,388,268,476,34649149,12632698,452177,,12180521,7476074
2022-08-16,10793,1074,511,1354,34659942,12633483,452738,,12180745,7477187
2022-08-17,16083,1831,736,1774,34676025,12635039,453832,,12181207,7478735
2022-08-18,14915,1639,744,1683,34690940,12636376,454723,,12181653,7480164
2022-08-19,15288,1847,740,1541,34706228,12637964,455826,,12182138,7481486
2022-08-20,14270,1642,737,1541,34720498,12639326,456725,,12182601,7482796
2022-08-21,9893,1535,658,1159,34730391,12640610,457599,,12183011,7483748
2022-08-22,4160,482,269,560,34734551,12640811,457809,,12183002,7484068
2022-08-23,11112,1247,550,1485,34745663,12641773,458503,,12183270,7485316
2022-08-24,14743,1806,867,2182,34760406,12643319,459442,,12183877,7487274
2022-08-25,14019,1720,779,2117,34774425,12644769,460377,,12184392,7489160
2022-08-26,13919,1688,812,2089,34788344,12646181,461246,,12184935,7491015
2022-08-27,12405,1486,877,1992,34800749,12647358,461850,,12185508,7492753
2022-08-28,7918,1258,619,1395,34808667,12648371,462487,,12185884,7493939
2022-08-29,3392,504,282,680,34812059,12648622,462707,,12185915,7494404
2022-08-30,9900,1169,647,1853,34821959,12649459,463224,,12186235,7495977
2022-08-31,13504,1626,944,2309,34835463,12650816,463902,,12186914,7498059
2022-09-01,12894,1719,910,2136,34848357,12652259,464707,,12187552,7499967
2022-09-02,15035,1614,989,4918,34863392,12653614,465325,,12188289,7504670
2022-09-03,14704,1527,920,5509,34878096,12654890,465929,,12188961,7509970
2022-09-04,8660,1011,674,3234,34886756,12655664,466259,,12189405,7513001
2022-09-05,3549,321,229,1382,34890305,12655743,466348,,12189395,7514179
2022-09-06,2453,153,113,1124,34892758,12655667,466385,,12189282,7515113
2022-09-07,10917,1018,587,3489,34903675,12656411,466814,,12189597,7518368
2022-09-08,10858,1021,522,2789,34914533,12657142,467310,,12189832,7520910
2022-09-09,9578,1015,487,2499,34924111,12657890,467833,,12190057,7523189
2022-09-10,10648,1267,551,3162,34934759,12658914,468546,,12190368,7526142
2022-09-11,9399,986,667,3730,34944158,12659673,468859,,12190814,7529679
2022-09-12,3124,295,203,1079,34947282,12659715,468946,,12190769,7530543
2022-09-13,6009,542,281,1130,34953291,12660008,469199,,12190809,7531463
2022-09-14,14472,798,430,1842,34967763,12660522,469563,,12190959,7533065
2022-09-15,15735,779,406,1531,34983498,12661019,469933,,12191086,7534351
2022-09-16,17743,767,445,1687,35001241,12661553,470249,,12191304,7535840
2022-09-17,17598,723,455,1663,35018839,12662012,470513,,12191499,7537282
2022-09-18,11206,776,451,1685,35030045,12662563,470837,,12191726,7538775
2022-09-19,4975,402,287,670,35035020,12662731,470950,,12191781,7539256
2022-09-20,13743,438,325,939,35048763,12662890,471061,,12191829,7539956
2022-09-21,23018,645,405,1496,35071781,12663271,471297,,12191974,7541232
2022-09-22,22887,639,394,1375,35094668,12663628,471537,,12192091,7542365
2022-09-23,22928,727,598,1414,35117596,12664094,471662,,12192432,7543554
2022-09-24,21663,735,685,1496,35139259,12664570,471709,,12192861,7544837
2022-09-25,11308,594,702,1355,35150567,12664919,471597,,12193322,7545985
2022-09-26,4556,192,217,593,35155123,12664862,471568,,12193294,7546361
2022-09-27,37638,503,362,1496,35192761,12665129,471706,,12193423,7547657
2022-09-28,50937,732,664,1898,35243698,12665625,471773,,12193852,7549356
2022-09-29,47987,637,739,1836,35291685,12665986,471665,,12194321,7550950
2022-09-30,47263,680,806,1999,35338948,12666385,471537,,12194848,7552709
2022-10-01,34424,527,631,1542,35373372,12666654,471432,,12195222,7554027
2022-10-02,24233,737,1023,1710,35397605,12667144,471143,,12196001,7555522
2022-10-03,10860,240,230,610,35408465,12667149,471149,,12196000,7555937
2022-10-04,32175,476,457,1168,35440640,12667349,471164,,12196185,7556867
2022-10-05,40407,626,740,1558,35481047,12667710,471047,,12196663,7558199
2022-10-06,38669,608,652,1567,35519716,12668063,471003,,12197060,7559541
2022-10-07,42223,663,848,1742,35561939,12668436,470811,,12197625,7561025
2022-10-08,37378,787,1145,2120,35599317,12668948,470448,,12198500,7562914
2022-10-09,18808,549,727,1558,35618125,12669278,470268,,12199010,7564281
2022-10-10,6861,171,369,568,35624986,12669203,470068,,12199135,7564633
2022-10-11,4982,124,111,317,35629968,12669085,470078,,12199007,7564747
2022-10-12,35085,582,682,1425,35665053,12669395,469977,,12199418,7565927
2022-10-13,36745,644,857,1620,35701798,12669750,469762,,12199988,7567299
2022-10-14,36953,623,752,1537,35738751,12670116,469632,,12200484,7568613
2022-10-15,35436,716,1009,1624,35774187,12670608,469339,,12201269,7570038
2022-10-16,20651,652,1024,1592,35794838,12671047,468963,,12202084,7571446
2022-10-17,7349,206,478,538,35802187,12671037,468691,,12202346,7571795
2022-10-18,36407,461,497,1397,35838594,12671245,468652,,12202593,7572970
2022-10-19,49859,622,729,1981,35888453,12671632,468543,,12203089,7574749
2022-10-20,51257,624,648,2047,35939710,12672019,468518,,12203501,7576597
2022-10-21,52827,698,617,1938,35992537,12672468,468596,,12203872,7578322
2022-10-22,50846,751,904,2305,36043383,12672971,468439,,12204532,7580414
2022-10-23,30619,577,783,2118,36074002,12673313,468230,,12205083,7582333
2022-10-24,14126,234,270,979,36088128,12673307,468190,,12205117,7583102
2022-10-25,41334,477,487,1813,36129462,12673514,468178,,12205336,7584682
2022-10-26,51610,619,660,2123,36181072,12673873,468134,,12205739,7586584
2022-10-27,50085,610,767,2161,36231157,12674230,467973,,12206257,7588526
2022-10-28,49742,590,673,2092,36280899,12674542,467888,,12206654,7590369
2022-10-29,50572,738,778,2216,36331471,12675009,467845,,12207164,7592349
2022-10-30,28384,664,928,2034,36359855,12675456,467580,,12207876,7594190
2022-10-31,12434,202,234,775,36372289,12675451,467546,,12207905,7594788
2022-11-01,33059,342,194,1218,36405348,12675522,467689,,12207833,7595773
2022-11-02,44258,577,623,1902,36449606,12675852,467642,,12208210,7597449
2022-11-03,44161,541,603,1857,36493767,12676152,467578,,12208574,7599093
2022-11-04,44594,645,527,2021,36538361,12676561,467693,,12208868,7600911
2022-11-05,45173,645,752,2362,36583534,12676976,467584,,12209392,7603070
2022-11-06,26008,561,771,2095,36609542,12677273,467372,,12209901,7604931
2022-11-07,10706,243,235,876,36620248,12677315,467377,,12209938,7605639
2022-11-08,33459,488,396,1585,36653707,12677595,467466,,12210129,7607046
2022-11-09,40514,608,570,1961,36694221,12677974,467503,,12210471,7608808
2022-11-10,39127,627,547,1923,36733348,12678360,467583,,12210777,7610517
2022-11-11,43315,637,640,2204,36776663,12678760,467579,,12211181,7612515
2022-11-12,36826,640,593,2182,36813489,12679160,467622,,12211538,7614485
2022-11-13,24253,560,771,2273,36837742,12679501,467408,,12212093,7616568
2022-11-14,10957,233,204,1023,36848699,12679515,467436,,12212079,7617396
2022-11-15,33449,487,377,1687,36882148,12679732,467543,,12212189,7618852
2022-11-16,43506,804,582,2360,36925654,12680319,467764,,12212555,7621022
2022-11-17,38312,674,646,2241,36963966,12680728,467790,,12212938,7623033
2022-11-18,40580,725,531,2327,37004546,12681190,467982,,12213208,7625129
2022-11-19,39626,1018,1030,3073,37044172,12681942,467966,,12213976,7627965
2022-11-20,22403,664,715,2440,37066575,12682409,467914,,12214495,7630232
2022-11-21,8917,197,192,969,37075492,12682411,467915,,12214496,7631044
2022-11-22,26424,481,368,1510,37101916,12682610,468025,,12214585,7632305
2022-11-23,32041,687,664,2065,37133957,12683040,468046,,12214994,7634146
2022-11-24,31883,666,750,2077,37165840,12683465,467961,,12215504,7636015
2022-11-25,30732,766,829,1946,37196572,12684004,467893,,12216111,7637770
2022-11-26,30247,914,1189,2694,37226819,12684665,467612,,12217053,7640240
2022-11-27,18667,611,943,2086,37245486,12685041,467278,,12217763,7642118
2022-11-28,7533,190,280,785,37253019,12685003,467184,,12217819,7642701
2022-11-29,21010,422,450,1290,37274029,12685184,467153,,12218031,7643778
2022-11-30,27871,645,646,1839,37301900,12685598,467150,,12218448,7645410
2022-12-01,24778,595,681,1687,37326678,12685961,467062,,12218899,7646891
2022-12-02,25044,526,629,1771,37351722,12686248,466954,,12219294,7648450
2022-12-03,25531,590,778,1941,37377253,12686600,466759,,12219841,7650201
2022-12-04,15245,498,606,1698,37392498,12686862,466647,,12220215,7651688
2022-12-05,6868,170,156,740,37399366,12686815,466658,,12220157,7652240
2022-12-06,20320,421,351,1371,37419686,12686975,466727,,12220248,7653377
2022-12-07,24747,554,608,1668,37444433,12687308,466671,,12220637,7654853
2022-12-08,23132,563,523,1759,37467565,12687642,466710,,12220932,7656407
2022-12-09,23303,635,575,1630,37490868,12688043,466769,,12221274,7657837
2022-12-10,22557,510,599,1627,37513425,12688333,466679,,12221654,7659271
2022-12-11,14192,549,785,1567,37527617,12688698,466441,,12222257,7660675
2022-12-12,5506,150,157,593,37533123,12688641,466430,,12222211,7661094
2022-12-13,17752,380,364,1123,37550875,12688781,466446,,12222335,7662009
2022-12-14,21302,511,547,1449,37572177,12689100,466406,,12222694,7663288
2022-12-15,21925,532,598,1576,37594102,12689385,466339,,12223046,7664648
2022-12-16,16263,378,450,1027,37610365,12689530,466267,,12223263,7665475
2022-12-17,18678,559,505,1271,37629043,12689867,466320,,12223547,7666541
2022-12-18,12629,530,795,1303,37641672,12690188,466054,,12224134,7667655
2022-12-19,4585,133,115,448,37646257,12690087,466068,,12224019,7667896
2022-12-20,16195,502,449,1103,37662452,12690369,466118,,12224251,7668805
2022-12-21,18439,543,547,1296,37680891,12690712,466112,,12224600,7669922
2022-12-22,18560,577,587,1738,37699451,12691089,466102,,12224987,7671485
2022-12-23,15617,581,596,1712,37715068,12691431,466083,,12225348,7672996
2022-12-24,5326,221,171,670,37720394,12691436,466133,,12225303,7673467
2022-12-25,2439,153,152,480,37722833,12691390,466127,,12225263,7673773
2022-12-26,262,12,7,48,37723095,12691194,466128,,12225066,7673638
2022-12-27,2086,99,35,301,37725181,12691119,466190,,12224929,7673784
2022-12-28,8304,336,167,974,37733485,12691228,466357,,12224871,7674554
2022-12-29,13150,584,524,1600,37746635,12691597,466414,,12225183,7675965
2022-12-30,15807,674,658,1874,37762442,12692054,466428,,12225626,7677641
2022-12-31,11220,461,387,1352,37773662,12692266,466498,,12225768,7678775
2023-01-01,3882,203,214,558,37777544,12692263,466486,,12225777,7679154
2023-01-02,649,37,13,96,37778193,12692132,466510,,12225622,7679103
2023-01-03,8185,300,151,899,37786378,12692249,466655,,12225594,7679847
2023-01-04,14704,577,547,1544,37801082,12692648,466679,,12225969,7681236
2023-01-05,16086,660,531,1789,37817168,12693118,466806,,12226312,7682857
2023-01-06,18807,723,606,2038,37835975,12693661,466920,,12226741,7684737
2023-01-07,18490,710,637,2051,37854465,12694195,466990,,12227205,7686635
2023-01-08,11599,583,606,1629,37866064,12694626,466966,,12227660,7688127
2023-01-09,5288,216,196,664,37871352,12694680,466985,,12227695,7688646
2023-01-10,12154,422,315,779,37883506,12694911,467092,,12227819,7689253
2023-01-11,15528,458,370,1092,37899034,12695188,467179,,12228009,7690189
2023-01-12,14038,452,407,969,37913072,12695456,467224,,12228232,7690994
2023-01-13,14136,426,345,1034,37927208,12695742,467305,,12228437,7691898
2023-01-14,13349,479,453,1073,37940557,12696072,467330,,12228742,7692833
2023-01-15,9033,470,503,1047,37949590,12696394,467296,,12229098,7693756
2023-01-16,3737,149,129,478,37953327,12696402,467316,,12229086,7694104
2023-01-17,8829,271,178,649,37962156,12696494,467409,,12229085,7694599
2023-01-18,10234,354,273,754,37972390,12696703,467490,,12229213,7695219
2023-01-19,10551,323,318,755,37982941,12696877,467492,,12229385,7695842
2023-01-20,9804,320,271,713,37992745,12697066,467540,,12229526,7696432
2023-01-21,11275,358,397,904,38004020,12697299,467501,,12229798,7697226
2023-01-22,7552,349,405,814,38011572,12697541,467444,,12230097,7697941
2023-01-23,3372,146,131,287,38014944,12697588,467459,,12230129,7698141
2023-01-24,8257,233,165,543,38023201,12697679,467526,,12230153,7698565
2023-01-25,10292,352,296,659,38033493,12697913,467581,,12230332,7699121
2023-01-26,6696,237,204,464,38040189,12698033,467614,,12230419,7699485
2023-01-27,6887,245,196,484,38047076,12698173,467663,,12230510,7699875
2023-01-28,9294,312,336,681,38056370,12698360,467636,,12230724,7700446
2023-01-29,5943,239,341,685,38062313,12698500,467531,,12230969,7701045
2023-01-30,1894,93,79,212,38064207,12698521,467545,,12230976,7701191
2023-01-31,5825,156,150,408,38070032,12698597,467551,,12231046,7701525
2023-02-01,7247,255,248,483,38077279,12698785,467558,,12231227,7701951
2023-02-02,6403,296,237,494,38083682,12699019,467615,,12231404,7702394
2023-02-03,6493,201,191,457,38090175,12699179,467625,,12231554,7702816
2023-02-04,6587,225,296,534,38096762,12699361,467552,,12231809,7703315
2023-02-05,4143,206,287,479,38100905,12699560,467471,,12232089,7703789
2023-02-06,1819,93,97,209,38102724,12699651,467467,,12232184,7703996
2023-02-07,4871,184,172,360,38107595,12699830,467479,,12232351,7704352
2023-02-08,5669,218,211,410,38113264,12700048,467486,,12232562,7704762
2023-02-09,5818,220,238,409,38119082,12700268,467468,,12232800,7705171
