"report_date","previous_day_total_doses_administered","previous_day_at_least_one","previous_day_fully_vaccinated","previous_day_3doses","total_doses_administered","total_individuals_at_least_one","total_individuals_partially_vaccinated","total_doses_in_fully_vaccinated_individuals","total_individuals_fully_vaccinated","total_individuals_3doses"
2021-01-01,6252,6242,2,,32211,32156,32145,22,11,
2021-01-02,4615,4603,6,,36826,36707,36694,26,13,
2021-01-03,5396,5389,3,,42222,42096,42080,32,16,
2021-01-04,5996,5993,0,,48218,48088,48073,30,15,
2021-01-05,9686,9661,21,,57904,57747,57712,70,35,
2021-01-06,12793,12328,450,,70697,70072,69590,964,482,
2021-01-07,16219,15508,697,,86916,85579,84400,2358,1179,
2021-01-08,18039,17024,1002,,104955,102603,100422,4362,2181,
2021-01-09,19500,18423,1064,,124455,121025,117780,6490,3245,
2021-01-10,11373,11332,39,,135828,132349,129065,6568,3284,
2021-01-11,11712,11661,48,,147540,144010,140678,6664,3332,
2021-01-12,14469,14162,298,,162009,158164,154534,7260,3630,
2021-01-13,15437,13813,1594,,177446,171963,166741,10444,5222,
2021-01-14,19192,16740,2436,,196638,188697,181040,15314,7657,
2021-01-15,20076,18018,2038,,216714,206704,197009,19390,9695,
2021-01-16,17120,15936,1171,,233834,222624,211758,21732,10866,
2021-01-17,11261,10017,1237,,245095,232626,220525,24202,12101,
2021-01-18,6795,6712,73,,251890,239315,227144,24342,12171,
2021-01-19,11829,9721,2094,,263719,249015,234750,28530,14265,
2021-01-20,10804,7215,3572,,274523,256207,238371,35672,17836,
2021-01-21,10977,6856,4093,,285500,263047,241118,43858,21929,
2021-01-22,9038,4321,4697,,294538,267331,240707,53248,26624,
2021-01-23,7462,3044,4390,,302000,270345,239332,62026,31013,
2021-01-24,4390,1833,2536,,306390,272160,238611,67098,33549,
2021-01-25,5323,1049,4265,,311713,273177,235364,75626,37813,
2021-01-26,9393,2867,6498,,321106,276012,231702,88620,44310,
2021-01-27,9898,2866,7004,,331004,278849,227536,102626,51313,
2021-01-28,13120,5743,7335,,344124,284559,225911,117296,58648,
2021-01-29,10705,3291,7379,,354829,287819,221793,132052,66026,
2021-01-30,9192,2731,6424,,364021,290508,218061,144894,72447,
2021-01-31,3384,1570,1768,,367405,292044,217830,148428,74214,
2021-02-01,2126,489,1609,,369531,292499,216680,151638,75819,
2021-02-02,4419,1366,2996,,373950,293827,215016,157622,78811,
2021-02-03,6237,1717,4458,,380187,295503,212241,166524,83262,
2021-02-04,9094,1722,7293,,389281,297182,206633,181098,90549,
2021-02-05,8447,1469,6904,,397728,298611,201164,194894,97447,
2021-02-06,10669,1872,8737,,408397,300428,194253,212350,106175,
2021-02-07,7577,1729,5796,,415974,302117,190158,223918,111959,
2021-02-08,8221,3096,5081,,424195,305165,188138,234054,117027,
2021-02-09,15011,3860,11083,,439206,308983,180889,256188,128094,
2021-02-10,15514,4935,10518,,454720,313866,175279,277174,138587,
2021-02-11,16366,3899,12409,,471086,317713,166748,301930,150965,
2021-02-12,17677,2099,15527,,488763,319773,153301,332944,166472,
2021-02-13,16214,2446,13752,,504977,322174,141969,360410,180205,
2021-02-14,12883,924,11926,,517860,323050,130949,384202,192101,
2021-02-15,7862,486,7328,,525722,323488,124085,398806,199403,
2021-02-16,5995,1042,4903,,531717,324487,120204,408566,204283,
2021-02-17,10169,1610,8525,,541886,326053,113273,425560,212780,
2021-02-18,13874,2957,10873,,555760,328962,105339,447246,223623,
2021-02-19,18490,6213,12210,,574250,335123,99321,471604,235802,
2021-02-20,22631,11134,11444,,596881,346194,98986,494416,247208,
2021-02-21,17243,10386,6823,,614124,356520,102531,507978,253989,
2021-02-22,13588,8759,4777,,627712,365210,106493,517434,258717,
2021-02-23,17869,11126,6672,,645581,376280,110927,530706,265353,
2021-02-24,18577,13612,4884,,664158,389836,119641,540390,270195,
2021-02-25,20811,16490,4264,,684969,406260,131849,548822,274411,
2021-02-26,24908,21839,3007,,709877,428039,150658,554762,277381,
2021-02-27,27469,23586,3840,,737346,451561,170388,562346,281173,
2021-02-28,20586,19145,1406,,757932,470652,188115,565074,282537,
2021-03-01,18227,17030,1148,,776159,487620,203982,567276,283638,
2021-03-02,24692,22280,2327,,800851,509839,223920,571838,285919,
2021-03-03,30602,27966,2579,,831453,537754,249289,576930,288465,
2021-03-04,34697,32464,2147,,866150,570152,279590,581124,290562,
2021-03-05,40006,38171,1786,,906156,608275,315961,584628,292314,
2021-03-06,44157,41949,2170,,950313,650169,355726,588886,294443,
2021-03-07,32737,31558,1175,,983050,681653,386093,591120,295560,
2021-03-08,24040,22164,1861,,1007090,703749,406382,594734,297367,
2021-03-09,33297,29846,3423,,1040387,733529,432785,601488,300744,
2021-03-10,38346,34083,4218,,1078733,767538,462624,609828,304914,
2021-03-11,43983,40710,3234,,1122716,808182,500086,616192,308096,
2021-03-12,47716,46004,1689,,1170432,854122,544387,619470,309735,
2021-03-13,57936,55060,2849,,1228368,909111,596581,625060,312530,
2021-03-14,43422,42182,1222,,1271790,951210,637526,627368,313684,
2021-03-15,32814,31116,1682,,1304604,982267,666944,630646,315323,
2021-03-16,53960,51661,2282,,1358564,1033863,716301,635124,317562,
2021-03-17,61070,58529,2497,,1419634,1092326,772317,640018,320009,
2021-03-18,61558,59094,2436,,1481192,1151348,828956,644784,322392,
2021-03-19,64479,61147,3274,,1545671,1212417,886804,651226,325613,
2021-03-20,62576,59984,2560,,1608247,1272345,944220,656250,328125,
2021-03-21,44006,42480,1539,,1652253,1314760,985133,659254,329627,
2021-03-22,31002,30035,978,,1683255,1344707,1014158,661098,330549,
2021-03-23,54624,51850,2723,,1737879,1396462,1063253,666418,333209,
2021-03-24,76438,73256,3134,,1814317,1469628,1133342,672572,336286,
2021-03-25,82918,80337,2534,,1897235,1549886,1211123,677526,338763,
2021-03-26,87016,83486,3490,,1984251,1633291,1291090,684402,342201,
2021-03-27,80865,77911,2868,,2065116,1711099,1366095,690008,345004,
2021-03-28,67001,65411,1555,,2132117,1776420,1429918,693004,346502,
2021-03-29,51741,49050,2652,,2183858,1825390,1476282,698216,349108,
2021-03-30,73587,70175,3350,,2257445,1895488,1543071,704834,352417,
2021-03-31,93155,89503,3586,,2350600,1984893,1628943,711900,355950,
2021-04-01,89321,85442,3840,,2439921,2070237,1710500,719474,359737,
2021-04-02,93091,88864,4211,,2533012,2159015,1795119,727792,363896,
2021-04-03,61012,59332,1736,,2594024,2218256,1852675,731162,365581,
2021-04-04,72331,70676,1651,,2666355,2288821,1921647,734348,367174,
2021-04-05,53732,53261,470,,2720087,2341998,1974402,735192,367596,
2021-04-06,79586,77714,1888,,2799673,2419610,2050180,738860,369430,
2021-04-07,108012,104944,3056,,2907685,2524429,2152001,744856,372428,
2021-04-08,114081,110107,4028,,3021766,2634425,2258025,752800,376400,
2021-04-09,109855,105625,4301,,3131621,2739932,2359296,761272,380636,
2021-04-10,109251,105487,3854,,3240872,2845291,2460867,768848,384424,
2021-04-11,98631,95512,3259,,3339503,2940678,2553054,775248,387624,
2021-04-12,76074,75009,1158,,3415577,3015539,2626825,777428,388714,
2021-04-13,99477,96092,3402,,3515054,3111522,2719454,784136,392068,
2021-04-14,117051,113287,3649,,3632105,3224691,2829014,791354,395677,
2021-04-15,113564,109505,3897,,3745669,3334070,2934553,799034,399517,
2021-04-16,118090,113716,4194,,3863759,3447676,3044009,807334,403667,
2021-04-17,112425,107831,4454,,3976184,3555373,3147311,816124,408062,
2021-04-18,88748,86511,2102,,4064932,3641761,3231651,820220,410110,
2021-04-19,68976,67441,1453,,4133908,3709072,3297560,823024,411512,
2021-04-20,102119,98793,3120,,4236027,3807703,3393136,829134,414567,
2021-04-21,142053,137773,4044,,4378080,3945302,3526759,837086,418543,
2021-04-22,139507,135354,3911,,4517587,4080527,3658129,844796,422398,
2021-04-23,138222,131798,6176,,4655809,4212171,3783655,857032,428516,
2021-04-24,130297,126233,3889,,4786106,4338256,3905907,864698,432349,
2021-04-25,102022,98610,3180,,4888128,4436718,4001256,870924,435462,
2021-04-26,71008,69302,1558,,4959136,4505889,4068929,873920,436960,
2021-04-27,98518,95425,2900,,5057654,4601153,4161356,879594,439797,
2021-04-28,120583,115956,4434,,5178237,4716941,4272782,888318,444159,
2021-04-29,124492,119295,5048,,5302729,4836069,4386931,898276,449138,
2021-04-30,115831,110574,5015,,5418560,4946470,4492394,908152,454076,
2021-05-01,111309,107436,3652,,5529869,5053725,4596074,915302,457651,
2021-05-02,79147,76171,2863,,5609016,5129739,4669291,920896,460448,
2021-05-03,56796,55124,1599,,5665812,5184708,4722721,923974,461987,
2021-05-04,91935,88565,3282,,5757747,5273095,4807903,930384,465192,
2021-05-05,138004,133296,4620,,5895751,5406222,4936473,939498,469749,
2021-05-06,141842,136885,4818,,6037593,5542923,5068418,949010,474505,
2021-05-07,150291,145249,4837,,6187884,5688012,5208729,958566,479283,
2021-05-08,142474,137782,4440,,6330358,5825599,5341955,967288,483644,
2021-05-09,124816,121163,3483,,6455174,5946598,5459535,974126,487063,
2021-05-10,97815,95826,1884,,6552989,6042235,5553355,977760,488880,
2021-05-11,113546,108862,4496,,6666535,6150895,5657590,986610,493305,
2021-05-12,145060,138025,6886,,6811595,6288741,5788616,1000250,500125,
2021-05-13,142715,135322,7238,,6954310,6423888,5916599,1014578,507289,
2021-05-14,148875,138782,9922,,7103185,6562482,6045336,1034292,517146,
2021-05-15,159750,149701,9868,,7262935,6711996,6185057,1053878,526939,
2021-05-16,144366,136096,8063,,7407301,6847924,6313002,1069844,534922,
2021-05-17,114983,110885,3944,,7522284,6958620,6419830,1077580,538790,
2021-05-18,111350,100483,10664,,7633634,7058907,6509515,1098784,549392,
2021-05-19,149891,133475,16237,,7783525,7192230,6626675,1131110,565555,
2021-05-20,151578,131581,19778,,7935103,7323622,6738358,1170528,585264,
2021-05-21,165406,140897,24250,,8100509,7464338,6854901,1218874,609437,
2021-05-22,199454,172252,26974,,8299963,7636392,7000062,1272660,636330,
2021-05-23,139843,127472,12225,,8439806,7763686,7115193,1296986,648493,
2021-05-24,100300,93328,6827,,8540106,7856841,7201591,1310500,655250,
2021-05-25,90479,82992,7276,,8630585,7939670,7277211,1324918,662459,
2021-05-26,139795,113025,26506,,8770380,8052508,7363613,1377790,688895,
2021-05-27,152070,123050,28768,,8922450,8175401,7457807,1435188,717594,
2021-05-28,163879,132320,31250,,9086329,8307548,7558763,1497570,748785,
2021-05-29,153399,117137,36029,,9239728,8424535,7639777,1569516,784758,
2021-05-30,149733,119026,30479,,9389461,8543391,7728216,1630350,815175,
2021-05-31,99220,79825,19202,,9488681,8623046,7788733,1668626,834313,
2021-06-01,124216,90626,33251,,9612897,8713477,7845988,1734978,867489,
2021-06-02,145331,102163,42917,,9758228,8815459,7905122,1820674,910337,
2021-06-03,155381,99923,55177,,9913609,8915197,7949754,1930886,965443,
2021-06-04,181730,115545,65913,,10095339,9030543,7999275,2062536,1031268,
2021-06-05,172047,103446,68317,,10267386,9133791,8034291,2199000,1099500,
2021-06-06,163400,91873,71246,,10430786,9225486,8054810,2341352,1170676,
2021-06-07,119568,63061,56289,,10550354,9288350,8061460,2453780,1226890,
2021-06-08,161905,72460,89005,,10712259,9360621,8044806,2631630,1315815,
2021-06-09,181476,70815,110190,,10893735,9431259,8005335,2851848,1425924,
2021-06-10,185596,66431,118672,,11079331,9497487,7952982,3089010,1544505,
2021-06-11,204805,67527,136517,,11284136,9564828,7883888,3361880,1680940,
2021-06-12,199750,62686,136461,,11483886,9627332,7810023,3634618,1817309,
2021-06-13,190352,58899,130920,,11674238,9686056,7737907,3896298,1948149,
2021-06-14,137694,38700,98595,,11811932,9724560,7677921,4093278,2046639,
2021-06-15,189568,42624,146585,,12001500,9766965,7573838,4386254,2193127,
2021-06-16,206272,42440,163184,,12207772,9809209,7453001,4712416,2356208,
2021-06-17,210482,37947,171949,,12418254,9846941,7318876,5056130,2528065,
2021-06-18,217213,35370,181239,,12635467,9882121,7172909,5418424,2709212,
2021-06-19,215909,35507,179725,,12851376,9917422,7028597,5777650,2888825,
2021-06-20,186287,35577,150131,,13037663,9952801,6913953,6077696,3038848,
2021-06-21,120442,20834,99103,,13158105,9973440,6835581,6275718,3137859,
2021-06-22,204955,27529,176669,,13363060,10000775,6686356,6628838,3314419,
2021-06-23,230554,28640,201166,,13593614,10029215,6513738,7030954,3515477,
2021-06-24,227716,26684,200273,,13821330,10055703,6340063,7431280,3715640,
2021-06-25,251135,27999,222384,,14072465,10083500,6145595,7875810,3937905,
2021-06-26,261321,30019,230593,,14333786,10113293,5944936,8336714,4168357,
2021-06-27,205018,27801,176609,,14538804,10140912,5796056,8689712,4344856,
2021-06-28,199261,20957,177735,,14738065,10161671,5639205,9044932,4522466,
2021-06-29,250125,24498,224890,,14988190,10185928,5438726,9494404,4747202,
2021-06-30,275556,24182,250805,,15263746,10209907,5212029,9995756,4997878,
2021-07-01,271983,25314,246113,,15535729,10235003,4991151,10487704,5243852,
2021-07-02,144739,11595,132913,,15680468,10246424,4869761,10753326,5376663,
2021-07-03,216909,19937,196741,,15897377,10266139,4692884,11146510,5573255,
2021-07-04,196230,19467,176538,,16093607,10285420,4535746,11499348,5749674,
2021-07-05,148728,12449,136136,,16242335,10297679,4411997,11771364,5885682,
2021-07-06,220044,20000,199827,,16462379,10317463,4232100,12170726,6085363,
2021-07-07,246624,22973,223409,,16709003,10340210,4031586,12617248,6308624,
2021-07-08,231227,21370,209644,,16940230,10361374,3843241,13036266,6518133,
2021-07-09,227013,21516,205327,,17167243,10382688,3659360,13446656,6723328,
2021-07-10,209073,20543,188373,,17376316,10403027,3491463,13823128,6911564,
2021-07-11,171689,17589,153972,,17548005,10420415,3355026,14130778,7065389,
2021-07-12,123139,11445,111593,,17671144,10431671,3254826,14353690,7176845,
2021-07-13,178525,19041,159340,,17849669,10450490,3114460,14672060,7336030,
2021-07-14,180049,19308,160583,,18029718,10469583,2973133,14992900,7496450,
2021-07-15,167217,19592,147449,,18196935,10488964,2845229,15287470,7643735,
2021-07-16,169374,19919,149304,,18366309,10508681,2715795,15585772,7792886,
2021-07-17,173030,20277,152622,,18539339,10528709,2583393,15890632,7945316,
2021-07-18,133647,15944,117564,,18672986,10544469,2481737,16125464,8062732,
2021-07-19,91991,10421,81462,,18764977,10554677,2410658,16288038,8144019,
2021-07-20,133551,16959,116536,,18898528,10571396,2311017,16520758,8260379,
2021-07-21,140090,16987,123032,,19038618,10588168,2204919,16766498,8383249,
2021-07-22,125640,17660,107841,,19164258,10605604,2114691,16981826,8490913,
2021-07-23,120286,16999,103079,,19284544,10622362,2028569,17187586,8593793,
2021-07-24,126707,18337,108132,,19411251,10640496,1938734,17403524,8701762,
2021-07-25,103657,14871,88655,,19514908,10655143,1864907,17580472,8790236,
2021-07-26,66698,9892,56711,,19581606,10664818,1818051,17693534,8846767,
2021-07-27,92395,15322,76911,,19674001,10679879,1756418,17846922,8923461,
2021-07-28,93960,16477,77412,,19767961,10696121,1695439,18001364,9000682,
2021-07-29,89410,16709,72538,,19857371,10712598,1639566,18146064,9073032,
2021-07-30,84073,16105,67852,,19941444,10728475,1587779,18281392,9140696,
2021-07-31,83875,15736,67992,,20025319,10743993,1535495,18416996,9208498,
2021-08-01,61884,11325,50373,,20087203,10755092,1496412,18517360,9258680,
2021-08-02,42499,7422,34956,,20129702,10762316,1468846,18586940,9293470,
2021-08-03,33307,5962,27172,,20163009,10768045,1447613,18640864,9320432,
2021-08-04,61333,12379,48763,,20224342,10780189,1411192,18737994,9368997,
2021-08-05,59468,12556,46759,,20283810,10792537,1376945,18831184,9415592,
2021-08-06,56034,11861,43958,,20339844,10804138,1344817,18918642,9459321,
2021-08-07,62383,12137,50051,,20402227,10816014,1306860,19018308,9509154,
2021-08-08,48707,9281,39234,,20450934,10825067,1276884,19096366,9548183,
2021-08-09,30866,5941,24747,,20481800,10830794,1258051,19145486,9572743,
2021-08-10,49274,10518,38453,,20531074,10841032,1230082,19221900,9610950,
2021-08-11,48732,10768,37713,,20579806,10851553,1203106,19296894,9648447,
2021-08-12,49266,11208,37824,,20629072,10862510,1176448,19372124,9686062,
2021-08-13,49645,11739,37631,,20678717,10874008,1150526,19446964,9723482,
2021-08-14,51231,12139,38880,,20729948,10885897,1123759,19524276,9762138,
2021-08-15,41779,9858,31696,,20771727,10895553,1101891,19587324,9793662,
2021-08-16,26747,6190,20407,,20798474,10901520,1087648,19627744,9813872,
2021-08-17,40516,11063,29185,,20838990,10912333,1069502,19685662,9842831,
2021-08-18,41906,11977,29686,,20880896,10924068,1051761,19744614,9872307,
2021-08-19,45908,16541,29102,,20926804,10940358,1039172,19802372,9901186,
2021-08-20,46464,16303,29748,,20973268,10956405,1025700,19861410,9930705,
2021-08-21,47966,15153,32445,,21021234,10971298,1008375,19925846,9962923,
2021-08-22,34406,10811,23322,,21055640,10981863,995840,19972046,9986023,
2021-08-23,23226,7006,16001,,21078866,10988634,986824,20003620,10001810,
2021-08-24,37655,13375,23822,,21116521,11001755,976354,20050802,10025401,
2021-08-25,41367,14427,26329,,21157888,11015926,964433,20102986,10051493,
2021-08-26,39279,13558,24979,,21197167,11029208,952977,20152462,10076231,
2021-08-27,37684,12948,23690,,21234851,11041915,942208,20199414,10099707,
2021-08-28,40135,13427,25529,,21274986,11055063,930082,20249962,10124981,
2021-08-29,30566,10257,19947,,21305552,11065088,920373,20289430,10144715,
2021-08-30,18242,6142,11848,,21323794,11070982,914638,20312688,10156344,
2021-08-31,32719,11940,19625,,21356513,11082654,906925,20351458,10175729,
2021-09-01,36259,12952,21961,,21392772,11095373,897900,20394946,10197473,
2021-09-02,37790,15649,19673,,21430562,11110770,893851,20433838,10216919,
2021-09-03,46899,21101,22446,,21477461,11131622,892487,20478270,10239135,
2021-09-04,46887,20590,24781,,21524348,11151966,888273,20527386,10263693,
2021-09-05,33089,14209,18585,,21557437,11165931,883877,20564108,10282054,
2021-09-06,21722,9492,12038,,21579159,11175174,881314,20587720,10293860,
2021-09-07,15017,6730,8101,,21594176,11181647,879926,20603442,10301721,
2021-09-08,41153,17116,20938,,21635329,11198499,876086,20644826,10322413,
2021-09-09,41459,16981,19681,,21676788,11215203,873361,20683684,10341842,
2021-09-10,39661,15513,19013,,21716449,11230453,869843,20721220,10360610,
2021-09-11,42389,15937,23341,,21758838,11246111,862418,20767386,10383693,
2021-09-12,29974,11534,17872,,21788812,11257351,856050,20802602,10401301,
2021-09-13,16094,6407,9188,,21804906,11263524,853254,20820540,10410270,
2021-09-14,29917,11563,15297,,21834823,11274785,849493,20850584,10425292,
2021-09-15,39287,14025,19427,,21874110,11288550,844075,20888950,10444475,
2021-09-16,39354,13989,19250,,21913464,11302304,838791,20927026,10463513,
2021-09-17,38940,13614,19345,,21952404,11315675,833048,20965254,10482627,
2021-09-18,41264,14089,23551,,21993668,11329491,823565,21011852,10505926,
2021-09-19,30669,10829,18988,,22024337,11340061,815393,21049336,10524668,
2021-09-20,16736,6100,10178,,22041073,11345907,811292,21069230,10534615,
2021-09-21,31370,11218,16996,,22072443,11356860,805498,21102724,10551362,
2021-09-22,41820,14819,22930,,22114263,11371383,797366,21148034,10574017,
2021-09-23,47236,16139,26035,,22161499,11387257,787451,21199612,10599806,
2021-09-24,46326,15639,26663,,22207825,11402636,776408,21252456,10626228,
2021-09-25,48208,15258,29955,,22256033,11417641,761692,21311898,10655949,
2021-09-26,37517,12425,24497,,22293550,11429791,749599,21360384,10680192,
2021-09-27,19164,6532,12325,,22312714,11436069,743790,21384558,10692279,
2021-09-28,30966,11295,17888,,22343680,11447105,737185,21419840,10709920,
2021-09-29,37895,12477,21732,,22381575,11459311,727910,21462802,10731401,
2021-09-30,37352,11658,21377,,22418927,11470710,718172,21505076,10752538,
2021-10-01,30884,9811,18416,,22449811,11480294,709554,21541480,10770740,
2021-10-02,37144,11160,23591,,22486955,11491184,697105,21588158,10794079,
2021-10-03,27209,8165,18325,,22514164,11499108,686932,21624352,10812176,
2021-10-04,14869,4747,9803,,22529033,11503608,681858,21643500,10821750,
2021-10-05,26845,8600,15883,,22555878,11511947,674560,21674774,10837387,
2021-10-06,31675,9640,18519,,22587553,11521328,665673,21711310,10855655,
2021-10-07,30359,9402,17124,,22617912,11530479,657938,21745082,10872541,
2021-10-08,32847,10745,18856,,22650759,11540953,649813,21782280,10891140,
2021-10-09,34152,10668,21022,,22684911,11551358,639445,21823826,10911913,
2021-10-10,23420,7662,15091,,22708331,11558769,632004,21853530,10926765,
2021-10-11,12006,3839,7868,,22720337,11562358,627959,21868798,10934399,
2021-10-12,5122,1630,3274,,22725459,11563710,626300,21874820,10937410,
2021-10-13,29122,9193,18098,,22754581,11572613,617379,21910468,10955234,
2021-10-14,29024,8905,17754,,22783605,11581242,608520,21945444,10972722,
2021-10-15,29107,8833,18174,,22812712,11589812,599166,21981292,10990646,
2021-10-16,31144,8988,19873,,22843856,11598509,588269,22020480,11010240,
2021-10-17,23721,7264,15384,,22867577,11605519,580136,22050766,11025383,
2021-10-18,12311,3747,8151,,22879888,11608985,575720,22066530,11033265,
2021-10-19,21287,6631,12643,,22901175,11615333,569695,22091276,11045638,
2021-10-20,25678,7541,14928,,22926853,11622627,562295,22120664,11060332,
2021-10-21,23184,6684,13034,,22950037,11629042,555934,22146216,11073108,
2021-10-22,26136,7318,15122,,22976173,11636037,548114,22175846,11087923,
2021-10-23,28193,7606,17166,,23004366,11643381,538547,22209668,11104834,
2021-10-24,19357,5729,12605,,23023723,11648854,531659,22234390,11117195,
2021-10-25,9932,2710,6477,,23033655,11651295,527884,22246822,11123411,
2021-10-26,18928,5395,11106,,23052583,11656412,522164,22268496,11134248,
2021-10-27,22867,6082,13220,,23075450,11662239,515012,22294454,11147227,
2021-10-28,22311,5791,12648,,23097761,11667742,508144,22319196,11159598,
2021-10-29,22820,5733,13054,,23120581,11673173,500808,22344730,11172365,
2021-10-30,24126,6048,14623,,23144707,11678949,492221,22373456,11186728,
2021-10-31,16490,4596,10607,,23161197,11683251,486205,22394092,11197046,
2021-11-01,7872,2081,5056,,23169069,11685052,483217,22403670,11201835,
2021-11-02,15629,4364,7748,,23184698,11689127,479822,22418610,11209305,
2021-11-03,18635,5070,9607,,23203333,11693894,475275,22437238,11218619,
2021-11-04,19510,4875,10035,,23222843,11698493,470100,22456786,11228393,
2021-11-05,21474,4405,9525,,23244317,11702609,464966,22475286,11237643,
2021-11-06,25342,5209,12158,,23269659,11707549,458000,22499098,11249549,
2021-11-07,21456,4026,8926,,23291115,11711294,453088,22516412,11258206,
2021-11-08,11992,2111,4732,,23303107,11713110,450451,22525318,11262659,
2021-11-09,24134,3854,7654,,23327241,11716643,446641,22540004,11270002,
2021-11-10,28484,4508,9001,,23355725,11720875,442134,22557482,11278741,
2021-11-11,28772,4311,9103,,23384497,11724889,437333,22575112,11287556,
2021-11-12,26750,4166,8244,,23411247,11728764,433241,22591046,11295523,
2021-11-13,34321,5083,11416,,23445568,11733541,426899,22613284,11306642,
2021-11-14,23226,3900,8610,,23468794,11737178,422182,22629992,11314996,
2021-11-15,12703,2186,4496,,23481497,11739104,419864,22638480,11319240,
2021-11-16,26190,3934,7490,,23507687,11742782,416304,22652956,11326478,
2021-11-17,31182,4046,7830,,23538869,11746546,412510,22668072,11334036,
2021-11-18,32513,3868,7533,,23571382,11750107,408831,22682552,11341276,
2021-11-19,35484,3866,7759,,23606866,11753672,404926,22697492,11348746,
2021-11-20,40119,4382,8822,,23646985,11757773,400477,22714592,11357296,
2021-11-21,28127,3439,6952,,23675112,11760950,396950,22728000,11364000,
2021-11-22,14901,1951,3895,,23690013,11762624,395000,22735248,11367624,
2021-11-23,33059,3278,6012,,23723072,11765622,392258,22746728,11373364,
2021-11-24,42671,3762,6811,,23765743,11769080,389198,22759764,11379882,
2021-11-25,46048,3934,6577,,23811791,11772739,386552,22772374,11386187,
2021-11-26,52869,11348,6617,,23864660,11783816,391276,22785080,11392540,
2021-11-27,63528,22358,7042,,23928188,11805893,406582,22798622,11399311,
2021-11-28,51463,27742,5319,,23979651,11833343,428993,22808700,11404350,
2021-11-29,33529,18933,2884,,24013180,11852015,445031,22813968,11406984,
2021-11-30,56049,20688,5139,,24069229,11872422,460570,22823704,11411852,
2021-12-01,69549,26243,5642,,24138778,11898359,481157,22834404,11417202,
2021-12-02,71640,26489,5040,,24210418,11924550,502593,22843914,11421957,
2021-12-03,73430,25098,5173,,24283848,11949352,522512,22853680,11426840,
2021-12-04,81164,27784,6078,47282,24365012,11976842,544209,,11432633,807755
2021-12-05,62640,31932,4416,26270,24427652,12008479,571717,,11436762,833921
2021-12-06,38630,19144,2713,16758,24466282,12027333,588141,,11439192,850601
2021-12-07,60298,14853,4483,40948,24526580,12041914,598501,,11443413,891475
2021-12-08,73455,19057,4682,49713,24600035,12060694,612866,,11447828,941110
2021-12-09,74510,18277,4347,51866,24674545,12078662,626788,,11451874,992891
2021-12-10,77511,17589,4659,55251,24752056,12095970,639713,,11456257,1048061
2021-12-11,83199,20407,5840,56941,24835255,12116088,654266,,11461822,1104916
2021-12-12,60766,22699,4162,33862,24896021,12138507,672797,,11465710,1138689
2021-12-13,34940,11603,2414,20900,24930961,12149813,681976,,11467837,1159494
2021-12-14,101992,9002,3876,89070,25032953,12158504,687087,,11471417,1248444
2021-12-15,127706,12429,4516,110723,25160659,12170629,694990,,11475639,1359067
2021-12-16,139375,12468,4256,122634,25300034,12182811,703192,,11479619,1481602
2021-12-17,159185,12404,4526,142233,25459219,12194940,711061,,11483879,1623738
2021-12-18,175596,13523,4926,157101,25634815,12208169,719646,,11488523,1780744
2021-12-19,140446,18160,3936,118313,25775261,12226028,733862,,11492166,1898946
2021-12-20,106825,10305,2747,93726,25882086,12236065,741410,,11494655,1992574
2021-12-21,215405,12968,4324,198091,26097491,12248717,750047,,11498670,2190544
2021-12-22,237265,14427,5204,217751,26334756,12262844,759256,,11503588,2408177
2021-12-23,257789,11733,5091,240867,26592545,12274271,765892,,11508379,2648938
2021-12-24,223643,9465,4576,209534,26816188,12283439,770777,,11512662,2858356
2021-12-25,89736,3890,2513,83345,26905924,12287054,772149,,11514905,2941594
2021-12-26,11901,389,360,11142,26917825,12287151,772170,,11514981,2952606
2021-12-27,46946,1491,1116,44308,26964771,12288397,772538,,11515859,2996794
2021-12-28,144790,6100,4012,134615,27109561,12294203,774615,,11519588,3131278
2021-12-29,175476,9377,4586,161443,27285037,12303284,779402,,11523882,3292593
2021-12-30,200076,10135,5354,184545,27485113,12313116,784168,,11528948,3477004
2021-12-31,195221,10009,5809,179150,27680334,12322836,788359,,11534477,3656028
2022-01-01,96961,5384,3885,87365,27777295,12327911,789850,,11538061,3743244
2022-01-02,19452,944,930,17448,27796747,12328564,789855,,11538709,3760546
2022-01-03,88259,4773,4594,78811,27885006,12333027,790026,,11543001,3839204
2022-01-04,146382,6003,5323,135017,28031388,12338702,790693,,11548009,3974065
2022-01-05,177524,7636,7299,162415,28208912,12345984,791019,,11554965,4136320
2022-01-06,191556,7218,6790,177021,28400468,12352883,791436,,11561447,4313186
2022-01-07,191314,7971,7008,175521,28591782,12360510,792387,,11568123,4488534
2022-01-08,181697,8632,6647,165229,28773479,12368810,794359,,11574451,4653607
2022-01-09,131108,9869,7187,113959,28904587,12378357,797036,,11581321,4767406
2022-01-10,90564,5109,4489,80835,28995151,12383143,797646,,11585497,4848088
2022-01-11,138911,6166,6584,125455,29134062,12388962,797215,,11591747,4973353
2022-01-12,157048,8167,8063,138695,29291110,12396800,797314,,11599486,5111880
2022-01-13,162698,9216,9221,141551,29453808,12405654,797295,,11608359,5253248
2022-01-14,159905,10757,10388,136069,29613713,12416049,797659,,11618390,5389119
2022-01-15,161218,11016,11677,135891,29774931,12426693,796987,,11629706,5524817
2022-01-16,109794,9296,9679,89458,29884725,12435627,796597,,11639030,5614057
2022-01-17,65790,5940,6567,52642,29950515,12441231,795960,,11645271,5666514
2022-01-18,36128,2007,2138,31160,29986643,12442883,795818,,11647065,5697478
2022-01-19,101336,5589,6723,85964,30087979,12448072,794666,,11653406,5783215
2022-01-20,103614,6327,7008,85741,30191593,12454015,793977,,11660038,5868733
2022-01-21,102123,6237,8060,82514,30293716,12459848,792140,,11667708,5951019
2022-01-22,102599,8724,12077,78120,30396315,12468183,788780,,11679403,6028911
2022-01-23,76708,7309,14000,54800,30473023,12475149,782082,,11693067,6083489
2022-01-24,42269,3199,7936,30746,30515292,12477984,777327,,11700657,6114028
2022-01-25,62578,3759,8374,48124,30577870,12481361,772697,,11708664,6161932
2022-01-26,77897,4919,13172,55695,30655767,12485903,764439,,11721464,6217385
2022-01-27,78087,4899,13247,56055,30733854,12490430,756081,,11734349,6273203
2022-01-28,77297,4677,13678,53903,30811151,12494749,747067,,11747682,6326887
2022-01-29,84835,5532,17719,58121,30895986,12499917,734873,,11765044,6384763
2022-01-30,66515,5026,20632,40160,30962501,12504601,719253,,11785348,6424698
2022-01-31,34758,2179,9889,22351,30997259,12506461,711534,,11794927,6446860
2022-02-01,51357,3266,9665,36531,31048616,12509374,705125,,11804249,6483166
2022-02-02,57722,3850,12403,38682,31106338,12512893,696557,,11816336,6521648
2022-02-03,52587,3611,11513,34302,31158925,12516127,688643,,11827484,6555699
2022-02-04,43101,2946,10567,27286,31202026,12518761,681012,,11837749,6582790
2022-02-05,58735,3749,14475,37567,31260761,12522178,670274,,11851904,6620144
2022-02-06,49868,3643,16120,29574,31310629,12525498,657792,,11867706,6649494
2022-02-07,23245,1693,7812,13448,31333874,12526865,651660,,11875205,6662718
2022-02-08,33411,2361,7256,21975,31367285,12528896,646758,,11882138,6684460
2022-02-09,38894,2788,8923,24411,31406179,12531325,640617,,11890708,6708619
2022-02-10,37547,2766,8838,22557,31443726,12533754,634541,,11899213,6730945
2022-02-11,39454,2725,10296,23007,31483180,12536131,626960,,11909171,6753713
2022-02-12,42057,2959,11458,25321,31525237,12538756,618450,,11920306,6778810
2022-02-13,36331,2803,13148,19943,31561568,12541272,608102,,11933170,6798555
2022-02-14,16986,1176,6124,9475,31578554,12542173,603146,,11939027,6807830
2022-02-15,19372,1389,4759,11880,31597926,12543238,599766,,11943472,6819483
2022-02-16,26034,1768,7740,14949,31623960,12544709,593790,,11950919,6834231
2022-02-17,26775,1684,7528,14987,31650735,12546038,587937,,11958101,6848963
2022-02-18,23957,1355,6615,13682,31674692,12547076,582665,,11964411,6862436
2022-02-19,37843,1904,8341,26056,31712535,12548647,576223,,11972424,6888249
2022-02-20,32581,1499,7964,22807,31745116,12549845,569750,,11980095,6910851
2022-02-21,17505,914,3679,12758,31762621,12550463,566976,,11983487,6923397
2022-02-22,9114,431,1555,6958,31771735,12550604,565847,,11984757,6930144
2022-02-23,25346,1327,4800,17299,31797081,12551621,562367,,11989254,6947207
2022-02-24,24581,1402,5234,15485,31821662,12552701,558530,,11994171,6962449
2022-02-25,23112,1397,5138,14509,31844774,12553804,554782,,11999022,6976732
2022-02-26,25239,1386,5911,16560,31870013,12554880,550250,,12004630,6993066
2022-02-27,26962,1371,7372,17705,31896975,12555982,544238,,12011744,7010576
2022-02-28,10130,594,2531,6745,31907105,12556323,542293,,12014030,7017138
2022-03-01,13205,950,3152,8167,31920310,12556968,540081,,12016887,7025088
2022-03-02,15421,1164,3578,9622,31935731,12557870,537660,,12020210,7034532
2022-03-03,14304,1080,3228,8689,31950035,12558638,535504,,12023134,7042990
2022-03-04,14481,993,3446,8318,31964516,12559310,533047,,12026263,7051055
2022-03-05,18539,1278,4999,11186,31983055,12560278,529315,,12030963,7062017
2022-03-06,16520,1089,5526,9608,31999575,12561086,524872,,12036214,7071418
2022-03-07,5951,469,1862,3509,32005526,12561270,523472,,12037798,7074710
2022-03-08,7370,701,1944,4159,32012896,12561693,522222,,12039471,7078670
2022-03-09,11179,909,2740,6407,32024075,12562326,520385,,12041941,7084875
2022-03-10,12771,1046,3260,6842,32036846,12563095,518164,,12044931,7091504
2022-03-11,12894,905,3410,6867,32049740,12563711,515651,,12048060,7098155
2022-03-12,14694,1049,4190,8310,32064434,12564488,512507,,12051981,7106261
2022-03-13,14753,1091,4999,8336,32079187,12565288,508595,,12056693,7114360
2022-03-14,6337,451,2230,3500,32085524,12565468,506813,,12058655,7117646
2022-03-15,10200,793,2625,5974,32095724,12565971,504969,,12061002,7123406
2022-03-16,13073,936,3670,6954,32108797,12566617,502232,,12064385,7130129
2022-03-17,13201,1050,3964,6759,32121998,12567379,499311,,12068068,7136668
2022-03-18,11909,915,3147,6433,32133907,12567991,497069,,12070922,7142877
2022-03-19,14444,1005,4163,7903,32148351,12568716,493909,,12074807,7150561
2022-03-20,11754,992,3960,6374,32160105,12569436,490936,,12078500,7156727
2022-03-21,5059,415,1589,2814,32165164,12569592,489758,,12079834,7159338
2022-03-22,6717,552,1559,3894,32171881,12569856,488745,,12081111,7163016
2022-03-23,9975,789,2302,5195,32181856,12570329,487229,,12083100,7167970
2022-03-24,9299,723,2377,4615,32191155,12570788,485566,,12085222,7172381
2022-03-25,9233,782,2158,4754,32200388,12571307,484182,,12087125,7176923
2022-03-26,10932,937,2837,5506,32211320,12571967,482280,,12089687,7182210
2022-03-27,10229,912,3539,5301,32221549,12572619,479649,,12092970,7187300
2022-03-28,3584,322,1109,1987,32225133,12572700,478859,,12093841,7189092
2022-03-29,5352,500,1217,2692,32230485,12572915,478136,,12094779,7191562
2022-03-30,7859,748,1840,4124,32238344,12573384,477039,,12096345,7195461
2022-03-31,8657,690,1926,4415,32247001,12573785,475797,,12097988,7199654
2022-04-01,9317,802,1917,4889,32256318,12574295,474673,,12099622,7204304
2022-04-02,10448,886,2216,5573,32266766,12574894,473331,,12101563,7209660
2022-04-03,9212,880,2569,5067,32275978,12575517,471636,,12103881,7214525
2022-04-04,4204,388,1006,2407,32280182,12575643,471015,,12104628,7216728
2022-04-05,6083,601,1037,3054,32286265,12575903,470573,,12105330,7219506
2022-04-06,8383,715,1479,4384,32294648,12576327,469804,,12106523,7223663
2022-04-07,10354,733,1691,4837,32305002,12576760,468841,,12107919,7228257
2022-04-08,23999,812,1585,4837,32329001,12577294,468062,,12109232,7232878
2022-04-09,30499,970,1975,5894,32359500,12577966,467048,,12110918,7238549
2022-04-10,24872,976,2394,5336,32384372,12578683,465624,,12113059,7243683
2022-04-11,12577,386,877,2432,32396949,12578819,465129,,12113690,7245913
2022-04-12,28137,693,1024,3537,32425086,12579208,464791,,12114417,7249217
2022-04-13,37786,853,1562,4928,32462872,12579762,464078,,12115684,7253915
2022-04-14,37909,762,1619,4915,32500781,12580210,463218,,12116992,7258576
2022-04-15,43405,1234,2104,6726,32544186,12581146,462344,,12118802,7265065
2022-04-16,8097,357,651,1742,32552283,12581243,462048,,12119195,7266591
2022-04-17,21027,871,1925,4319,32573310,12581830,460987,,12120843,7270687
2022-04-18,5465,306,465,1290,32578775,12581849,460823,,12121026,7271736
2022-04-19,22660,615,775,3103,32601435,12582181,460654,,12121527,7274619
2022-04-20,40345,1063,1403,4620,32641780,12582918,460311,,12122607,7278975
2022-04-21,38759,943,1600,4683,32680539,12583565,459645,,12123920,7283424
2022-04-22,35639,1017,1437,4270,32716178,12584310,459218,,12125092,7287476
2022-04-23,34660,1005,1740,4714,32750838,12585031,458480,,12126551,7291951
2022-04-24,20817,1021,1890,3777,32771655,12585802,457608,,12128194,7295534
2022-04-25,8299,453,691,1707,32779954,12585986,457369,,12128617,7297025
2022-04-26,24624,733,948,3145,32804578,12586427,457148,,12129279,7299933
2022-04-27,33607,955,1372,3940,32838185,12587105,456723,,12130382,7303655
2022-04-28,32846,930,1420,3931,32871031,12587762,456224,,12131538,7307363
2022-04-29,32064,1098,1381,3909,32903095,12588562,455934,,12132628,7311043
2022-04-30,30293,925,1540,4025,32933388,12589189,455312,,12133877,7314832
2022-05-01,16757,770,1581,2970,32950145,12589661,454496,,12135165,7317558
2022-05-02,5937,309,526,1099,32956082,12589674,454275,,12135399,7318430
2022-05-03,20933,588,834,2347,32977015,12589957,454023,,12135934,7320538
2022-05-04,29418,800,1093,3290,33006433,12590447,453725,,12136722,7323579
2022-05-05,29102,872,1167,3125,33035535,12591006,453420,,12137586,7326459
2022-05-06,29102,1147,1287,2987,33064637,12591864,453275,,12138589,7329219
2022-05-07,28494,870,1266,3113,33093131,12592444,452874,,12139570,7332108
2022-05-08,16001,895,1309,2323,33109132,12593082,452458,,12140624,7334230
2022-05-09,5897,293,474,943,33115029,12593108,452270,,12140838,7334963
2022-05-10,21232,698,724,2120,33136261,12593488,452237,,12141251,7336823
2022-05-11,28956,837,1087,2656,33165217,12593993,451983,,12142010,7339208
2022-05-12,28244,799,1086,2515,33193461,12594495,451692,,12142803,7341482
2022-05-13,27598,878,1119,2469,33221059,12595062,451446,,12143616,7343694
2022-05-14,25694,807,1100,2610,33246753,12595555,451146,,12144409,7346050
2022-05-15,14852,751,1276,2058,33261605,12596034,450614,,12145420,7347889
2022-05-16,6387,326,533,1048,33267992,12596122,450403,,12145719,7348750
2022-05-17,19607,590,781,1743,33287599,12596396,450205,,12146191,7350244
2022-05-18,26549,877,1101,2277,33314148,12597008,449976,,12147032,7352305
2022-05-19,24447,684,1159,2164,33338595,12597425,449494,,12147931,7354252
2022-05-20,24272,801,1141,2218,33362867,12597955,449150,,12148805,7356250
2022-05-21,22407,692,1168,2351,33385274,12598337,448665,,12149672,7358358
2022-05-22,10562,549,892,1489,33395836,12598625,448317,,12150308,7359630
2022-05-23,4574,242,465,793,33400410,12598607,448092,,12150515,7360214
2022-05-24,2629,120,182,442,33403039,12598471,448028,,12150443,7360445
2022-05-25,19369,656,949,1954,33422408,12598860,447725,,12151135,7362188
2022-05-26,20654,664,953,1913,33443062,12599250,447430,,12151820,7363878
2022-05-27,21768,818,1062,2078,33464830,12599779,447183,,12152596,7365722
2022-05-28,19418,722,1167,2152,33484248,12600230,446735,,12153495,7367659
2022-05-29,12114,760,1284,1726,33496362,12600755,446204,,12154551,7369193
2022-05-30,4581,311,550,752,33500943,12600819,445961,,12154858,7369747
2022-05-31,13554,573,754,1668,33514497,12601090,445774,,12155316,7371175
2022-06-01,16618,704,975,1879,33531115,12601492,445501,,12155991,7372801
2022-06-02,14614,557,869,1678,33545729,12601737,445182,,12156555,7374238
2022-06-03,16112,699,1096,1818,33561841,12602156,444779,,12157377,7375836
2022-06-04,13325,647,1166,1845,33575166,12602545,444255,,12158290,7377479
2022-06-05,7870,587,1113,1432,33583036,12602883,443725,,12159158,7378719
2022-06-06,3295,207,446,641,33586331,12602841,443483,,12159358,7379158
2022-06-07,11227,475,729,1374,33597558,12603016,443224,,12159792,7380288
2022-06-08,14071,669,1013,1612,33611629,12603424,442875,,12160549,7381680
2022-06-09,13386,663,929,1678,33625015,12603799,442604,,12161195,7383126
2022-06-10,13856,686,1069,1698,33638871,12604197,442212,,12161985,7384594
2022-06-11,12986,616,1031,1846,33651857,12604527,441795,,12162732,7386217
2022-06-12,8100,643,1238,1504,33659957,12604911,441196,,12163715,7387514
2022-06-13,3191,284,422,713,33663148,12604927,441053,,12163874,7388017
2022-06-14,10132,513,666,1265,33673280,12605151,440894,,12164257,7389044
2022-06-15,13513,474,833,1622,33686793,12605328,440533,,12164795,7390427
2022-06-16,12552,497,858,1619,33699345,12605518,440166,,12165352,7391799
2022-06-17,11694,479,819,1653,33711039,12605708,439819,,12165889,7393214
2022-06-18,11456,438,876,1861,33722495,12605875,439378,,12166497,7394851
2022-06-19,7005,484,899,1420,33729500,12606105,438962,,12167143,7396055
2022-06-20,2287,147,301,643,33731787,12606028,438802,,12167226,7396528
2022-06-21,9547,358,616,1386,33741334,12606099,438539,,12167560,7397666
2022-06-22,13616,407,728,1705,33754950,12606234,438211,,12168023,7399146
2022-06-23,13705,402,775,1683,33768655,12606369,437835,,12168534,7400615
2022-06-24,15368,436,812,1675,33784023,12606545,437455,,12169090,7402075
2022-06-25,14473,427,852,1714,33798496,12606710,437019,,12169691,7403579
2022-06-26,8160,432,886,1280,33806656,12606880,436558,,12170322,7404642
2022-06-27,3213,171,365,594,33809869,12606801,436360,,12170441,7405028
2022-06-28,9620,369,559,1226,33819489,12606883,436166,,12170717,7406020
2022-06-29,13323,414,733,1633,33832812,12607006,435845,,12171161,7407413
2022-06-30,12234,482,848,1581,33845046,12607203,435477,,12171726,7408760
2022-07-01,13041,549,972,1949,33858087,12607494,435049,,12172445,7410503
2022-07-02,1620,111,118,366,33859707,12607329,435040,,12172289,7410637
2022-07-03,5165,260,494,962,33864872,12607330,434797,,12172533,7411382
2022-07-04,2758,132,279,615,33867630,12607215,434649,,12172566,7411800
2022-07-05,11149,372,600,1577,33878779,12607289,434413,,12172876,7413129
2022-07-06,15962,549,860,2010,33894741,12607541,434096,,12173445,7414895
2022-07-07,15670,521,832,1927,33910411,12607773,433784,,12173989,7416569
2022-07-08,17891,555,870,2248,33928302,12608023,433468,,12174555,7418568
2022-07-09,14152,451,597,1851,33942454,12608195,433321,,12174874,7420181
2022-07-10,8751,475,755,1505,33951205,12608420,433040,,12175380,7421478
2022-07-11,4094,199,331,871,33955299,12608352,432905,,12175447,7422127
2022-07-12,12111,410,525,1659,33967410,12608463,432785,,12175678,7423532
2022-07-13,16722,565,773,2144,33984132,12608730,432571,,12176159,7425431
2022-07-14,16862,483,676,2024,34000994,12608907,432367,,12176540,7427215
2022-07-15,28903,598,824,2187,34029897,12609204,432140,,12177064,7429160
2022-07-16,30305,586,775,2330,34060202,12609476,431943,,12177533,7431237
2022-07-17,22938,539,636,1895,34083140,12609776,431843,,12177933,7432936
2022-07-18,11398,189,255,857,34094538,12609696,431772,,12177924,7433570
2022-07-19,28962,593,592,2139,34123500,12610013,431770,,12178243,7435477
2022-07-20,37647,839,924,2598,34161147,12610571,431680,,12178891,7437836
2022-07-21,36365,734,812,2811,34197512,12611016,431595,,12179421,7440405
2022-07-22,35809,824,894,2688,34233321,12611550,431518,,12180032,7442855
2022-07-23,35157,821,913,2837,34268478,12612056,431418,,12180638,7445436
2022-07-24,21740,599,804,1779,34290218,12612392,431210,,12181182,7446990
2022-07-25,11939,307,311,1083,34302157,12612413,431201,,12181212,7447841
2022-07-26,26099,621,605,2215,34328256,12612749,431216,,12181533,7449812
2022-07-27,32479,808,849,2654,34360735,12613298,431173,,12182125,7452254
2022-07-28,31547,724,884,2612,34392282,12613723,431009,,12182714,7454613
2022-07-29,30002,1790,875,2649,34422284,12615219,431920,,12183299,7457010
2022-07-30,25840,2525,747,2441,34448124,12617462,433696,,12183766,7459217
2022-07-31,14319,1067,541,1571,34462443,12618259,434218,,12184041,7460559
2022-08-01,5917,337,223,684,34468360,12618336,434330,,12184006,7461020
2022-08-02,4489,306,138,607,34472849,12618371,434494,,12183877,7461404
2022-08-03,22951,2640,740,2244,34495800,12620734,436390,,12184344,7463412
2022-08-04,22239,2481,681,2136,34518039,12622886,438184,,12184702,7465283
2022-08-05,21800,2755,747,2071,34539839,12625359,440184,,12185175,7467125
2022-08-06,19653,2875,657,2000,34559492,12627921,442396,,12185525,7468865
2022-08-07,12712,2236,621,1425,34572204,12629882,444005,,12185877,7470072
2022-08-08,4766,570,188,603,34576970,12630163,444380,,12185783,7470437
2022-08-09,14022,1467,560,1599,34590992,12631341,445281,,12186060,7471794
2022-08-10,19135,2363,716,1998,34610127,12633429,446926,,12186503,7473562
2022-08-11,17084,2041,718,1860,34627211,12635194,448247,,12186947,7475189
2022-08-12,16986,2048,735,1852,34644197,12636953,449559,,12187394,7476812
2022-08-13,15956,2223,766,1809,34660153,12638889,451014,,12187875,7478378
2022-08-14,9531,1621,619,1087,34669684,12640220,452012,,12188208,7479229
2022-08-15,3876,388,271,482,34673560,12640351,452126,,12188225,7479501
2022-08-16,10811,1075,516,1356,34684371,12641124,452683,,12188441,7480605
2022-08-17,16106,1834,739,1786,34700477,12642669,453777,,12188892,7482154
2022-08-18,14937,1640,751,1698,34715414,12643984,454662,,12189322,7483580
2022-08-19,15320,1848,750,1552,34730734,12645553,455756,,12189797,7484898
2022-08-20,14288,1640,741,1547,34745022,12646900,456649,,12190251,7486205
2022-08-21,9907,1533,660,1165,34754929,12648168,457518,,12190650,7487153
2022-08-22,4166,481,271,563,34759095,12648344,457725,,12190619,7487456
2022-08-23,11141,1248,556,1500,34770236,12649283,458413,,12190870,7488703
2022-08-24,14765,1808,871,2189,34785001,12650819,459350,,12191469,7490660
2022-08-25,14028,1716,780,2123,34799029,12652245,460279,,12191966,7492536
2022-08-26,13930,1688,816,2094,34812959,12653635,461144,,12192491,7494380
2022-08-27,12420,1487,878,2001,34825379,12654794,461747,,12193047,7496114
2022-08-28,7926,1259,622,1398,34833305,12655791,462382,,12193409,7497291
2022-08-29,3400,502,286,684,34836705,12656011,462593,,12193418,7497740
2022-08-30,9908,1167,652,1857,34846613,12656819,463102,,12193717,7499293
2022-08-31,13517,1626,946,2317,34860130,12658151,463778,,12194373,7501364
2022-09-01,12908,1720,913,2143,34873038,12659575,464580,,12194995,7503261
2022-09-02,15046,1616,992,4917,34888084,12660914,465196,,12195718,7507950
2022-09-03,14722,1526,924,5517,34902806,12662153,465795,,12196358,7513230
2022-09-04,8668,1009,676,3238,34911474,12662895,466118,,12196777,7516246
2022-09-05,3556,321,229,1387,34915030,12662949,466207,,12196742,7517410
2022-09-06,2469,157,116,1132,34917499,12662849,466245,,12196604,7518332
2022-09-07,10929,1020,588,3494,34928428,12663568,466673,,12196895,7521572
2022-09-08,10873,1022,527,2791,34939301,12664260,467165,,12197095,7524085
2022-09-09,9584,1012,489,2504,34948885,12664983,467683,,12197300,7526352
2022-09-10,10636,1264,552,3168,34959521,12665967,468388,,12197579,7529284
2022-09-11,9412,980,667,3739,34968933,12666696,468695,,12198001,7532812
2022-09-12,3128,295,205,1080,34972061,12666706,468778,,12197928,7533654
2022-09-13,6019,545,284,1132,34978080,12666961,469030,,12197931,7534540
2022-09-14,14482,797,434,1844,34992562,12667438,469389,,12198049,7536117
2022-09-15,15759,781,411,1534,35008321,12667898,469754,,12198144,7537379
2022-09-16,17761,766,448,1693,35026082,12668401,470066,,12198335,7538848
2022-09-17,17623,723,458,1669,35043705,12668817,470327,,12198490,7540260
2022-09-18,11214,773,451,1688,35054919,12669326,470647,,12198679,7541722
2022-09-19,4979,404,288,670,35059898,12669456,470758,,12198698,7542177
2022-09-20,13774,443,332,948,35073672,12669584,470867,,12198717,7542862
2022-09-21,23044,647,410,1500,35096716,12669919,471099,,12198820,7544105
2022-09-22,22919,636,398,1382,35119635,12670245,471331,,12198914,7545224
2022-09-23,22951,727,604,1418,35142586,12670667,471449,,12199218,7546383
2022-09-24,21691,737,689,1499,35164277,12671109,471493,,12199616,7547646
2022-09-25,11320,595,702,1357,35175597,12671421,471380,,12200041,7548765
2022-09-26,4565,192,220,594,35180162,12671321,471346,,12199975,7549114
2022-09-27,37654,497,366,1497,35217816,12671547,471473,,12200074,7550383
2022-09-28,50971,730,670,1902,35268787,12672007,471532,,12200475,7552058
2022-09-29,48010,636,741,1838,35316797,12672318,471419,,12200899,7553616
2022-09-30,47274,677,807,2004,35364071,12672667,471287,,12201380,7555338
2022-10-01,34455,527,633,1549,35398526,12672884,471179,,12201705,7556619
2022-10-02,24246,736,1028,1712,35422772,12673322,470884,,12202438,7558077
2022-10-03,10871,238,231,613,35433643,12673267,470887,,12202380,7558451
2022-10-04,32199,477,460,1170,35465842,12673422,470900,,12202522,7559342
2022-10-05,40440,632,741,1561,35506282,12673729,470784,,12202945,7560635
2022-10-06,38697,610,653,1569,35544979,12674034,470739,,12203295,7561942
2022-10-07,42245,662,852,1742,35587224,12674348,470541,,12203807,7563382
2022-10-08,37397,782,1145,2120,35624621,12674797,470172,,12204625,7565226
2022-10-09,18814,549,727,1556,35643435,12675066,469991,,12205075,7566542
2022-10-10,6865,168,370,565,35650300,12674934,469786,,12205148,7566845
2022-10-11,4994,124,111,318,35655294,12674762,469794,,12204968,7566924
2022-10-12,35118,579,685,1429,35690412,12675005,469686,,12205319,7568061
2022-10-13,36763,643,859,1621,35727175,12675277,469466,,12205811,7569370
2022-10-14,36977,621,753,1541,35764152,12675562,469330,,12206232,7570629
2022-10-15,35454,714,1013,1628,35799606,12675982,469028,,12206954,7572006
2022-10-16,20663,654,1024,1593,35820269,12676363,468652,,12207711,7573366
2022-10-17,7356,206,477,541,35827625,12676279,468379,,12207900,7573663
2022-10-18,36431,454,503,1402,35864056,12676409,468325,,12208084,7574791
2022-10-19,49903,617,730,1982,35913959,12676722,468208,,12208514,7576521
2022-10-20,51294,621,650,2050,35965253,12677027,468176,,12208851,7578304
2022-10-21,52852,695,619,1936,36018105,12677392,468246,,12209146,7579970
2022-10-22,50865,750,904,2311,36068970,12677809,468087,,12209722,7582004
2022-10-23,30641,571,786,2121,36099611,12678062,467865,,12210197,7583860
2022-10-24,14134,232,271,978,36113745,12677988,467821,,12210167,7584577
2022-10-25,41376,473,489,1820,36155121,12678107,467802,,12210305,7586096
2022-10-26,51658,615,660,2124,36206779,12678384,467753,,12210631,7587938
2022-10-27,50119,603,768,2164,36256898,12678656,467580,,12211076,7589827
2022-10-28,49807,591,675,2096,36306705,12678883,467491,,12211392,7591612
2022-10-29,50606,734,779,2222,36357311,12679264,467442,,12211822,7593530
2022-10-30,28404,662,930,2038,36385715,12679636,467170,,12212466,7595320
2022-10-31,12440,200,234,777,36398155,12679551,467132,,12212419,7595859
2022-11-01,33094,338,197,1220,36431249,12679540,467267,,12212273,7596786
2022-11-02,44292,574,625,1903,36475541,12679778,467212,,12212566,7598386
2022-11-03,44195,540,606,1856,36519736,12679984,467141,,12212843,7599953
2022-11-04,44647,648,528,2030,36564383,12680324,467254,,12213070,7601726
2022-11-05,45208,646,753,2368,36609591,12680665,467144,,12213521,7603825
2022-11-06,26020,558,771,2097,36635611,12680878,466928,,12213950,7605621
2022-11-07,10711,242,235,877,36646322,12680825,466932,,12213893,7606254
2022-11-08,33490,486,397,1587,36679812,12681017,467018,,12213999,7607594
2022-11-09,40529,605,571,1964,36720341,12681297,467050,,12214247,7609282
2022-11-10,39179,620,547,1928,36759520,12681592,467117,,12214475,7610931
2022-11-11,43350,636,642,2209,36802870,12681906,467110,,12214796,7612861
2022-11-12,36852,638,591,2185,36839722,12682217,467149,,12215068,7614761
2022-11-13,24269,557,771,2277,36863991,12682473,466929,,12215544,7616780
2022-11-14,10967,232,204,1024,36874958,12682407,466956,,12215451,7617544
2022-11-15,33635,484,380,1695,36908593,12682519,467054,,12215465,7618924
2022-11-16,43541,798,583,2370,36952134,12683010,467263,,12215747,7621036
2022-11-17,38342,674,647,2241,36990476,12683340,467286,,12216054,7622984
2022-11-18,40629,725,530,2333,37031105,12683713,467477,,12216236,7625013
2022-11-19,39661,1005,1031,3060,37070766,12684366,467444,,12216922,7627764
2022-11-20,22424,658,718,2445,37093190,12684739,467380,,12217359,7629974
2022-11-21,8921,196,193,967,37102111,12684667,467378,,12217289,7630731
2022-11-22,26440,481,369,1513,37128551,12684778,467485,,12217293,7631921
2022-11-23,32090,685,668,2071,37160641,12685123,467499,,12217624,7633705
2022-11-24,31913,663,752,2086,37192554,12685465,467408,,12218057,7635523
2022-11-25,30754,763,827,1953,37223308,12685911,467338,,12218573,7637209
2022-11-26,30293,908,1193,2698,37253601,12686471,467044,,12219427,7639610
2022-11-27,18677,608,943,2087,37272278,12686765,466703,,12220062,7641433
2022-11-28,7540,190,282,787,37279818,12686647,466603,,12220044,7641952
2022-11-29,21028,421,454,1292,37300846,12686731,466566,,12220165,7642960
2022-11-30,27892,643,649,1841,37328738,12687046,466558,,12220488,7644516
2022-12-01,24807,593,682,1692,37353545,12687304,466465,,12220839,7645917
2022-12-02,25058,523,630,1776,37378603,12687490,466352,,12221138,7647403
2022-12-03,25559,588,781,1945,37404162,12687745,466149,,12221596,7649075
2022-12-04,15252,494,606,1702,37419414,12687896,466031,,12221865,7650477
2022-12-05,6877,167,157,746,37426291,12687763,466036,,12221727,7650969
2022-12-06,20355,419,353,1379,37446646,12687803,466096,,12221707,7652028
2022-12-07,24785,553,610,1673,37471431,12688028,466031,,12221997,7653422
2022-12-08,23163,563,520,1767,37494594,12688264,466072,,12222192,7654903
2022-12-09,23331,636,575,1633,37517925,12688558,466129,,12222429,7656252
2022-12-10,22580,508,602,1631,37540505,12688737,466032,,12222705,7657597
2022-12-11,14205,548,786,1567,37554710,12689009,465791,,12223218,7658928
2022-12-12,5507,149,156,595,37560217,12688858,465779,,12223079,7659277
2022-12-13,17798,375,371,1125,37578015,12688904,465781,,12223123,7660123
2022-12-14,21325,511,547,1454,37599340,12689110,465739,,12223371,7661324
2022-12-15,21976,530,603,1579,37621316,12689286,465664,,12223622,7662599
2022-12-16,16292,378,451,1031,37637608,12689333,465588,,12223745,7663351
2022-12-17,18702,556,510,1277,37656310,12689557,465632,,12223925,7664336
2022-12-18,12645,531,795,1307,37668955,12689798,465367,,12224431,7665383
2022-12-19,4587,131,116,450,37673542,12689585,465378,,12224207,7665540
2022-12-20,16216,499,450,1110,37689758,12689757,465419,,12224338,7666377
2022-12-21,18476,541,552,1303,37708234,12689985,465404,,12224581,7667407
2022-12-22,18607,574,591,1748,37726841,12690253,465387,,12224866,7668889
2022-12-23,15654,577,602,1716,37742495,12690464,465357,,12225107,7670301
2022-12-24,5339,224,172,674,37747834,12690364,465408,,12224956,7670685
2022-12-25,2445,153,154,480,37750279,12690203,465397,,12224806,7670895
2022-12-26,262,12,7,48,37750541,12689905,465397,,12224508,7670684
2022-12-27,2099,98,37,307,37752640,12689709,465454,,12224255,7670749
2022-12-28,8321,337,168,975,37760961,12689722,465618,,12224104,7671444
2022-12-29,13166,583,529,1601,37774127,12689959,465668,,12224291,7672747
2022-12-30,15824,667,658,1881,37789951,12690307,465674,,12224633,7674344
2022-12-31,11238,459,389,1356,37801189,12690401,465740,,12224661,7675386
2023-01-01,3910,201,219,562,37805099,12690279,465720,,12224559,7675666
2023-01-02,652,36,14,97,37805751,12690019,465741,,12224278,7675509
2023-01-03,8197,297,151,902,37813948,12690017,465881,,12224136,7676159
2023-01-04,14724,574,547,1547,37828672,12690297,465901,,12224396,7677449
2023-01-05,16119,643,535,1796,37844791,12690629,466001,,12224628,7678975
2023-01-06,18837,715,613,2047,37863628,12691037,466100,,12224937,7680757
2023-01-07,18524,701,639,2057,37882152,12691451,466157,,12225294,7682564
2023-01-08,11613,580,608,1632,37893765,12691767,466126,,12225641,7683965
2023-01-09,5299,215,196,664,37899064,12691666,466142,,12225524,7684363
2023-01-10,12163,415,317,786,37911227,12691765,466238,,12225527,7684874
2023-01-11,15546,458,370,1097,37926773,12691891,466320,,12225571,7685692
2023-01-12,14084,444,409,973,37940857,12692017,466354,,12225663,7686395
2023-01-13,14176,418,344,1041,37955033,12692169,466425,,12225744,7687203
2023-01-14,13393,471,451,1079,37968426,12692322,466439,,12225883,7688003
2023-01-15,9046,459,508,1055,37977472,12692487,466389,,12226098,7688810
2023-01-16,3746,146,130,479,37981218,12692347,466405,,12225942,7689037
2023-01-17,8855,265,179,654,37990073,12692265,466487,,12225778,7689398
2023-01-18,10268,349,273,762,38000341,12692308,466560,,12225748,7689887
2023-01-19,10593,315,318,761,38010934,12692317,466552,,12225765,7690391
2023-01-20,9838,318,272,717,38020772,12692337,466596,,12225741,7690846
2023-01-21,11311,354,401,905,38032083,12692379,466548,,12225831,7691489
2023-01-22,7570,343,405,819,38039653,12692449,466483,,12225966,7692069
2023-01-23,3380,143,131,288,38043033,12692343,466494,,12225849,7692138
2023-01-24,8291,226,166,553,38051324,12692245,466551,,12225694,7692409
2023-01-25,10311,346,299,663,38061635,12692312,466594,,12225718,7692838
2023-01-26,6727,236,205,469,38068362,12692243,466621,,12225622,7693052
2023-01-27,6912,237,197,498,38075274,12692161,466658,,12225503,7693278
2023-01-28,9353,313,339,695,38084627,12692174,466626,,12225548,7693716
2023-01-29,5973,234,341,694,38090600,12692121,466514,,12225607,7694155
2023-01-30,1900,88,80,215,38092500,12691912,466520,,12225392,7694111
2023-01-31,5884,156,151,414,38098384,12691747,466521,,12225226,7694241
2023-02-01,7304,248,250,494,38105688,12691732,466516,,12225216,7694513
2023-02-02,6485,297,241,503,38112173,12691746,466569,,12225177,7694787
2023-02-03,6551,197,194,463,38118724,12691670,466568,,12225102,7695010
2023-02-04,6731,233,307,544,38125455,12691629,466488,,12225141,7695320
2023-02-05,4178,199,291,485,38129633,12691540,466391,,12225149,7695568
2023-02-06,1834,90,98,212,38131467,12691324,466380,,12224944,7695510
2023-02-07,4967,160,182,385,38136434,12691169,466355,,12224814,7695633
2023-02-08,5771,212,206,430,38142205,12691092,466356,,12224736,7695813
2023-02-09,6124,211,244,439,38148329,12691019,466322,,12224697,7696011
2023-02-10,5092,159,208,372,38153421,12690940,466269,,12224671,7696177
2023-02-11,6056,186,261,458,38159477,12690832,466190,,12224642,7696369
2023-02-12,4085,220,342,409,38163562,12690794,466064,,12224730,7696550
2023-02-13,1483,57,87,146,38165045,12690593,466032,,12224561,7696479
2023-02-14,3947,131,179,310,38168992,12690432,465982,,12224450,7696528
2023-02-15,4541,119,191,286,38173533,12690271,465907,,12224364,7696576
2023-02-16,4917,175,284,400,38178450,12690158,465794,,12224364,7696728
2023-02-17,4983,179,210,344,38183433,12690078,465759,,12224319,7696852
2023-02-18,5118,232,294,487,38188551,12690036,465695,,12224341,7697106
2023-02-19,3354,132,244,373,38191905,12689893,465578,,12224315,7697250
2023-02-20,1424,63,54,158,38193329,12689693,465584,,12224109,7697186
2023-02-21,914,27,14,107,38194243,12689462,465593,,12223869,7697066
2023-02-22,4136,131,212,370,38198379,12689327,465506,,12223821,7697218
2023-02-23,4283,162,231,393,38202662,12689206,465430,,12223776,7697368
2023-02-24,3034,136,231,274,38205696,12689071,465331,,12223740,7697398
2023-02-25,5024,213,541,386,38210720,12689025,465001,,12224024,7697567
2023-02-26,3472,146,681,384,38214192,12688893,464462,,12224431,7697721
2023-02-27,1075,37,57,97,38215267,12688677,464437,,12224240,7697608
2023-02-28,2730,99,163,232,38217997,12688484,464371,,12224113,7697580
2023-03-01,3850,137,428,336,38221847,12688305,464074,,12224231,7697635
2023-03-02,4595,158,494,330,38226442,12688141,463727,,12224414,7697699
2023-03-03,4369,159,356,334,38230811,12688017,463527,,12224490,7697781
2023-03-04,4970,208,623,350,38235781,12687933,463109,,12224824,7697881
2023-03-05,2537,110,450,251,38238318,12687735,462768,,12224967,7697865
2023-03-06,1157,48,37,114,38239475,12687516,462776,,12224740,7697747
2023-03-07,3221,87,172,225,38242696,12687277,462686,,12224591,7697699
2023-03-08,4319,133,412,284,38247015,12687104,462405,,12224699,7697710
2023-03-09,4623,173,453,312,38251638,12686983,462119,,12224864,7697770
2023-03-10,3942,99,139,255,38255580,12686822,462076,,12224746,7697805
2023-03-11,4064,139,171,286,38259644,12686717,462040,,12224677,7697878
2023-03-12,2893,109,234,301,38262537,12686545,461906,,12224639,7697937
2023-03-13,862,29,32,106,38263399,12686322,461899,,12224423,7697823
2023-03-14,3080,100,109,257,38266479,12686137,461890,,12224247,7697838
2023-03-15,4099,138,163,313,38270578,12686013,461863,,12224150,7697921
2023-03-16,4027,176,234,277,38274605,12685860,461796,,12224064,7697927
2023-03-17,4292,168,202,311,38278897,12685721,461758,,12223963,7697965
2023-03-18,4362,144,194,298,38283259,12685581,461707,,12223874,7698014
2023-03-19,2722,128,233,256,38285981,12685475,461600,,12223875,7698058
2023-03-20,774,31,19,74,38286755,12685230,461610,,12223620,7697895
2023-03-21,2899,69,86,201,38289654,12685027,461588,,12223439,7697864
2023-03-22,3895,130,134,248,38293549,12684860,461581,,12223279,7697847
2023-03-23,3811,118,172,226,38297360,12684679,461521,,12223158,7697818
2023-03-24,3694,102,116,238,38301054,12684517,461505,,12223012,7697835
2023-03-25,4274,108,171,252,38305328,12684358,461435,,12222923,7697856
2023-03-26,2480,112,213,202,38307808,12684201,461328,,12222873,7697830
2023-03-27,915,48,32,68,38308723,12684017,461343,,12222674,7697693
2023-03-28,3107,87,79,203,38311830,12683815,461343,,12222472,7697650
2023-03-29,4172,127,136,224,38316002,12683656,461330,,12222326,7697628
2023-03-30,3838,108,164,211,38319840,12683487,461273,,12222214,7697589
2023-03-31,3987,140,109,222,38323827,12683348,461303,,12222045,7697575
2023-04-01,4195,135,147,225,38328022,12683211,461288,,12221923,7697571
2023-04-02,2182,59,122,172,38330204,12682973,461221,,12221752,7697488
2023-04-03,781,24,12,53,38330985,12682744,461231,,12221513,7697320
2023-04-04,3418,74,75,169,38334403,12682557,461228,,12221329,7697254
2023-04-05,4373,94,109,249,38338776,12682361,461210,,12221151,7697256
2023-04-06,3703,108,109,190,38342479,12682207,461207,,12221000,7697217
2023-04-07,4599,105,115,243,38347078,12682030,461194,,12220836,7697220
2023-04-08,836,23,11,54,38347914,12681801,461201,,12220600,7697058
2023-04-09,2441,81,103,161,38350355,12681655,461176,,12220479,7697027
2023-04-10,360,9,6,20,38350715,12681403,461173,,12220230,7696835
2023-04-11,2771,34,28,121,38353486,12681144,461178,,12219966,7696695
2023-04-12,6347,105,96,188,38359833,12680986,461180,,12219806,7696668
2023-04-13,6997,105,128,207,38366830,12680818,461149,,12219669,7696638
2023-04-14,6514,88,103,206,38373344,12680641,461126,,12219515,7696627
2023-04-15,6949,107,149,230,38380293,12680486,461082,,12219404,7696636
2023-04-16,3275,83,144,165,38383568,12680290,461017,,12219273,7696561
2023-04-17,864,12,13,49,38384432,12680070,461013,,12219057,7696418
2023-04-18,4786,101,77,161,38389218,12679891,461034,,12218857,7696336
2023-04-19,6568,117,99,177,38395786,12679730,461049,,12218681,7696270
2023-04-20,6391,102,153,210,38402177,12679581,460996,,12218585,7696263
2023-04-21,5774,85,76,133,38407951,12679397,461002,,12218395,7696167
2023-04-22,6391,95,91,180,38414342,12679233,461003,,12218230,7696132
2023-04-23,3301,119,147,170,38417643,12679113,460974,,12218139,7696093
2023-04-24,955,4,12,59,38418598,12678871,460964,,12217907,7695952
2023-04-25,4809,69,70,187,38423407,12678684,460963,,12217721,7695912
2023-04-26,6593,108,93,208,38430000,12678555,460977,,12217578,7695912
2023-04-27,6899,118,152,207,38436899,12678409,460938,,12217471,7695892
2023-04-28,6638,86,86,185,38443537,12678240,460936,,12217304,7695847
2023-04-29,6534,122,111,199,38450071,12678113,460943,,12217170,7695830
2023-04-30,2642,94,129,145,38452713,12677979,460907,,12217072,7695774
2023-05-01,1030,20,17,30,38453743,12677742,460905,,12216837,7695580
2023-05-02,4348,68,55,105,38458091,12677545,460913,,12216632,7695459
2023-05-03,5609,108,107,176,38463700,12677403,460908,,12216495,7695424
2023-05-04,8086,87,85,134,38471786,12677228,460907,,12216321,7695342
2023-05-05,13049,90,98,168,38484835,12677079,460896,,12216183,7695303
2023-05-06,15642,114,96,155,38500477,12676974,460912,,12216062,7695259
2023-05-07,6067,56,95,106,38506544,12676806,460869,,12215937,7695170
2023-05-08,2165,16,4,37,38508709,12676593,460878,,12215715,7695009
2023-05-09,12561,55,49,129,38521270,12676411,460881,,12215530,7694939
2023-05-10,14772,70,79,157,38536042,12676243,460870,,12215373,7694888
2023-05-11,13363,77,72,154,38549405,12676106,460874,,12215232,7694852
2023-05-12,13491,85,79,177,38562896,12675970,460878,,12215092,7694830
2023-05-13,11447,80,75,147,38574343,12675788,460879,,12214909,7694748
2023-05-14,4186,67,95,93,38578529,12675641,460848,,12214793,7694667
2023-05-15,1055,9,6,38,38579584,12675444,460845,,12214599,7694530
2023-05-16,8949,56,48,93,38588533,12675264,460847,,12214417,7694418
2023-05-17,11124,99,83,141,38599657,12675118,460860,,12214258,7694331
2023-05-18,10838,81,69,144,38610495,12674956,460871,,12214085,7694261
2023-05-19,10515,95,97,154,38621010,12674815,460865,,12213950,7694201
2023-05-20,9407,91,88,165,38630417,12674663,460867,,12213796,7694145
2023-05-21,3084,48,86,95,38633501,12674519,460827,,12213692,7694069
2023-05-22,970,14,11,30,38634471,12674319,460829,,12213490,7693910
2023-05-23,754,8,3,16,38635225,12674125,460833,,12213292,7693751
2023-05-24,8032,57,80,105,38643257,12673947,460809,,12213138,7693643
2023-05-25,9344,74,93,163,38652601,12673798,460788,,12213010,7693611
2023-05-26,7996,67,70,123,38660597,12673659,460785,,12212874,7693550
2023-05-27,8231,108,76,126,38668828,12673549,460815,,12212734,7693495
2023-05-28,2905,56,72,101,38671733,12673415,460796,,12212619,7693424
2023-05-29,972,13,11,30,38672705,12673218,460795,,12212423,7693263
2023-05-30,6072,61,50,112,38678777,12673056,460804,,12212252,7693176
2023-05-31,8173,91,94,122,38686950,12672919,460798,,12212121,7693105
2023-06-01,7403,70,91,125,38694353,12672773,460775,,12211998,7693038
2023-06-02,6340,52,49,121,38700693,12672605,460777,,12211828,7692958
2023-06-03,5491,70,63,123,38706184,12672447,460783,,12211664,7692881
2023-06-04,2051,47,78,77,38708235,12672301,460749,,12211552,7692784
2023-06-05,600,11,6,18,38708835,12672121,460752,,12211369,7692630
2023-06-06,4465,39,38,79,38713300,12671943,460750,,12211193,7692515
2023-06-07,5816,63,65,121,38719116,12671816,460744,,12211072,7692476
2023-06-08,5756,58,68,112,38724872,12671700,460731,,12210969,7692440
2023-06-09,6191,77,81,122,38731063,12671568,460726,,12210842,7692376
2023-06-10,5349,76,95,116,38736412,12671420,460702,,12210718,7692295
2023-06-11,2010,55,62,105,38738422,12671290,460690,,12210600,7692242
2023-06-12,691,11,7,38,38739113,12671134,460693,,12210441,7692133
2023-06-13,4229,55,58,103,38743342,12670988,460689,,12210299,7692067
2023-06-14,5469,72,83,117,38748811,12670840,460677,,12210163,7691997
2023-06-15,5107,70,75,121,38753918,12670681,460669,,12210012,7691916
2023-06-16,5695,70,64,121,38759613,12670545,460672,,12209873,7691856
2023-06-17,4118,63,62,113,38763731,12670397,460673,,12209724,7691782
2023-06-18,1561,41,61,98,38765292,12670246,460651,,12209595,7691713
2023-06-19,373,6,2,16,38765665,12670065,460653,,12209412,7691566
2023-06-20,3205,51,42,89,38768870,12669896,460659,,12209237,7691462
2023-06-21,3689,42,57,88,38772559,12669755,460640,,12209115,7691385
2023-06-22,3981,75,73,118,38776540,12669639,460640,,12208999,7691335
2023-06-23,4510,56,44,88,38781050,12669523,460650,,12208873,7691271
2023-06-24,3697,49,61,73,38784747,12669349,460635,,12208714,7691154
2023-06-25,1519,31,51,93,38786266,12669200,460613,,12208587,7691089
2023-06-26,510,12,9,23,38786776,12669056,460613,,12208443,7690969
2023-06-27,3111,80,45,91,38789887,12668934,460645,,12208289,7690888
2023-06-28,4074,69,60,91,38793961,12668815,460653,,12208162,7690807
2023-06-29,3971,64,72,83,38797932,12668713,460640,,12208073,7690748
2023-06-30,3833,74,61,128,38801765,12668605,460649,,12207956,7690709
2023-07-01,3219,51,88,118,38804984,12668458,460611,,12207847,7690659
2023-07-02,269,10,4,15,38805253,12668294,460616,,12207678,7690524
2023-07-03,379,6,5,26,38805632,12668148,460616,,12207532,7690418
2023-07-04,1244,18,14,49,38806876,12667990,460620,,12207370,7690308
2023-07-05,2387,56,40,70,38809263,12667875,460634,,12207241,7690235
2023-07-06,2535,38,69,85,38811798,12667721,460601,,12207120,7690153
2023-07-07,2823,53,46,71,38814621,12667627,460606,,12207021,7690097
2023-07-08,2407,64,43,93,38817028,12667514,460626,,12206888,7690033
2023-07-09,916,31,45,37,38817944,12667383,460612,,12206771,7689922
2023-07-10,289,4,2,15,38818233,12667195,460612,,12206583,7689769
2023-07-11,1790,34,20,59,38820023,12667058,460622,,12206436,7689685
2023-07-12,2317,51,52,84,38822340,12666949,460621,,12206328,7689627
2023-07-13,2280,52,68,67,38824620,12666841,460604,,12206237,7689558
2023-07-14,1944,65,48,59,38826564,12666762,460618,,12206144,7689492
2023-07-15,1937,52,56,77,38828501,12666672,460613,,12206059,7689446
2023-07-16,806,36,30,43,38829307,12666548,460619,,12205929,7689350
2023-07-17,193,5,1,11,38829500,12666416,460620,,12205796,7689242
2023-07-18,1305,42,44,56,38830805,12666305,460618,,12205687,7689167
2023-07-19,1776,55,51,56,38832581,12666223,460621,,12205602,7689108
2023-07-20,1591,77,57,60,38834172,12666161,460640,,12205521,7689038
2023-07-21,1732,54,40,50,38835904,12666078,460650,,12205428,7688965
2023-07-22,1505,39,62,75,38837409,12665993,460627,,12205366,7688920
2023-07-23,699,29,31,48,38838108,12665898,460624,,12205274,7688857
2023-07-24,235,12,2,14,38838343,12665792,460633,,12205159,7688765
2023-07-25,1080,48,25,51,38839423,12665684,460656,,12205028,7688674
2023-07-26,1344,49,49,41,38840767,12665613,460655,,12204958,7688606
2023-07-27,1281,69,46,55,38842048,12665574,460677,,12204897,7688561
2023-07-28,1438,46,47,58,38843486,12665492,460675,,12204817,7688505
2023-07-29,1295,50,49,69,38844781,12665429,460674,,12204755,7688477
2023-07-30,631,29,19,28,38845412,12665352,460683,,12204669,7688413
2023-07-31,229,6,4,15,38845641,12665264,460683,,12204581,7688346
2023-08-01,1112,47,32,35,38846753,12665205,460698,,12204507,7688286
2023-08-02,1429,73,55,56,38848182,12665162,460714,,12204448,7688248
2023-08-03,1112,61,38,47,38849294,12665114,460737,,12204377,7688193
2023-08-04,1282,49,47,59,38850576,12665059,460739,,12204320,7688156
2023-08-05,1309,47,50,48,38851885,12665006,460735,,12204271,7688115
2023-08-06,576,25,19,23,38852461,12664967,460741,,12204226,7688077
2023-08-07,243,7,4,9,38852704,12664897,460743,,12204154,7688019
2023-08-08,324,7,3,14,38853028,12664840,460744,,12204096,7687979
2023-08-09,1238,46,43,44,38854266,12664819,460747,,12204072,7687964
2023-08-10,1580,97,51,68,38855846,12664868,460793,,12204075,7687988
2023-08-11,1628,57,46,61,38857474,12664867,460804,,12204063,7687997
2023-08-12,1628,65,46,66,38859102,12664896,460823,,12204073,7688033
2023-08-13,781,28,31,32,38859883,12664892,460820,,12204072,7688036
2023-08-14,241,6,1,6,38860124,12664881,460825,,12204056,7688028
2023-08-15,1262,38,27,39,38861386,12664896,460836,,12204060,7688046
2023-08-16,1581,58,49,47,38862967,12664953,460845,,12204108,7688092
2023-08-17,1600,81,64,56,38864567,12665034,460862,,12204172,7688148
