"report_date","previous_day_total_doses_administered","previous_day_at_least_one","previous_day_fully_vaccinated","previous_day_3doses","total_doses_administered","total_individuals_at_least_one","total_individuals_partially_vaccinated","total_doses_in_fully_vaccinated_individuals","total_individuals_fully_vaccinated","total_individuals_3doses"
2021-01-01,6251,6241,2,,32199,32144,32133,22,11,
2021-01-02,4613,4601,6,,36812,36693,36680,26,13,
2021-01-03,5395,5388,3,,42207,42081,42065,32,16,
2021-01-04,5995,5993,0,,48202,48073,48058,30,15,
2021-01-05,9684,9659,20,,57886,57730,57696,68,34,
2021-01-06,12793,12328,450,,70679,70054,69574,960,480,
2021-01-07,16218,15507,697,,86897,85560,84383,2354,1177,
2021-01-08,18037,17022,1002,,104934,102582,100403,4358,2179,
2021-01-09,19500,18423,1064,,124434,121004,117761,6486,3243,
2021-01-10,11371,11331,38,,135805,132326,129046,6560,3280,
2021-01-11,11711,11661,48,,147516,143987,140659,6656,3328,
2021-01-12,14467,14160,298,,161983,158139,154513,7252,3626,
2021-01-13,15436,13813,1593,,177419,171938,166721,10434,5217,
2021-01-14,19186,16735,2436,,196605,188667,181015,15304,7652,
2021-01-15,20063,18005,2038,,216668,206661,196971,19380,9690,
2021-01-16,17116,15933,1170,,233784,222578,211718,21720,10860,
2021-01-17,11259,10015,1237,,245043,232578,220483,24190,12095,
2021-01-18,6794,6712,72,,251837,239267,227103,24328,12164,
2021-01-19,11827,9719,2094,,263664,248965,234707,28516,14258,
2021-01-20,10801,7212,3572,,274465,256154,238325,35658,17829,
2021-01-21,10971,6852,4091,,285436,262990,241070,43840,21920,
2021-01-22,9039,4321,4698,,294475,267274,240658,53232,26616,
2021-01-23,7455,3039,4388,,301930,270283,239280,62006,31003,
2021-01-24,4383,1826,2536,,306313,272091,238552,67078,33539,
2021-01-25,5321,1048,4264,,311634,273107,235305,75604,37802,
2021-01-26,9391,2867,6496,,321025,275942,231645,88594,44297,
2021-01-27,9895,2863,7004,,330920,278776,227476,102600,51300,
2021-01-28,13112,5735,7335,,344032,284478,225843,117270,58635,
2021-01-29,10693,3280,7379,,354725,287727,221714,132026,66013,
2021-01-30,9188,2728,6423,,363913,290413,217980,144866,72433,
2021-01-31,3377,1564,1768,,367290,291943,217743,148400,74200,
2021-02-01,2122,485,1609,,369412,292394,216589,151610,75805,
2021-02-02,4410,1357,2995,,373822,293713,214917,157592,78796,
2021-02-03,6235,1715,4458,,380057,295387,212140,166494,83247,
2021-02-04,9077,1707,7291,,389134,297051,206519,181064,90532,
2021-02-05,8441,1466,6902,,397575,298477,201049,194856,97428,
2021-02-06,10663,1867,8736,,408238,300289,194134,212310,106155,
2021-02-07,7574,1729,5796,,415812,301978,190039,223878,111939,
2021-02-08,8218,3095,5080,,424030,305025,188019,234012,117006,
2021-02-09,15005,3856,11081,,439035,308839,180768,256142,128071,
2021-02-10,15505,4926,10518,,454540,313713,175149,277128,138564,
2021-02-11,16362,3898,12408,,470902,317559,166618,301882,150941,
2021-02-12,17666,2097,15519,,488568,319617,153177,332880,166440,
2021-02-13,16208,2443,13750,,504776,322015,141844,360342,180171,
2021-02-14,12878,921,11925,,517654,322888,130822,384132,192066,
2021-02-15,7861,485,7328,,525515,323325,123957,398736,199368,
2021-02-16,5990,1040,4900,,531505,324322,120077,408490,204245,
2021-02-17,10166,1609,8523,,541671,325887,113147,425480,212740,
2021-02-18,13867,2953,10870,,555538,328792,105212,447160,223580,
2021-02-19,18488,6213,12208,,574026,334953,99196,471514,235757,
2021-02-20,22626,11130,11444,,596652,346020,98857,494326,247163,
2021-02-21,17235,10379,6822,,613887,356339,102396,507886,253943,
2021-02-22,13585,8759,4774,,627472,365029,106361,517336,258668,
2021-02-23,17862,11124,6667,,645334,376097,110798,530598,265299,
2021-02-24,18573,13609,4883,,663907,389650,119510,540280,270140,
2021-02-25,20807,16487,4263,,684714,406071,131716,548710,274355,
2021-02-26,24893,21831,3001,,709607,427842,150523,554638,277319,
2021-02-27,27457,23578,3837,,737064,451356,170248,562216,281108,
2021-02-28,20579,19140,1404,,757643,470442,187972,564940,282470,
2021-03-01,18221,17025,1148,,775864,487405,203834,567142,283571,
2021-03-02,24681,22272,2324,,800545,509616,223767,571698,285849,
2021-03-03,30593,27963,2577,,831138,537528,249135,576786,288393,
2021-03-04,34690,32460,2145,,865828,569922,279434,580976,290488,
2021-03-05,39994,38163,1782,,905822,608037,315801,584472,292236,
2021-03-06,44145,41941,2166,,949967,649923,355562,588722,294361,
2021-03-07,32734,31554,1176,,982701,681403,385924,590958,295479,
2021-03-08,24037,22162,1861,,1006738,703497,406211,594572,297286,
2021-03-09,33289,29840,3421,,1040027,733271,432610,601322,300661,
2021-03-10,38333,34073,4215,,1078360,767270,462442,609656,304828,
2021-03-11,43975,40703,3233,,1122335,807907,499898,616018,308009,
2021-03-12,47709,45997,1688,,1170044,853840,544193,619294,309647,
2021-03-13,57920,55045,2848,,1227964,908814,596373,624882,312441,
2021-03-14,43415,42177,1220,,1271379,950908,637315,627186,313593,
2021-03-15,32804,31106,1682,,1304183,981955,666723,630464,315232,
2021-03-16,53949,51653,2280,,1358132,1033543,716074,634938,317469,
2021-03-17,61056,58518,2495,,1419188,1091995,772081,639828,319914,
2021-03-18,61541,59084,2429,,1480729,1151007,828717,644580,322290,
2021-03-19,64465,61139,3272,,1545194,1212068,886559,651018,325509,
2021-03-20,62561,59973,2557,,1607755,1271985,943967,656036,328018,
2021-03-21,43991,42470,1535,,1651746,1314390,984874,659032,329516,
2021-03-22,30997,30032,976,,1682743,1344334,1013898,660872,330436,
2021-03-23,54614,51841,2722,,1737357,1396080,1062985,666190,333095,
2021-03-24,76426,73245,3133,,1813783,1469235,1133064,672342,336171,
2021-03-25,82906,80326,2533,,1896689,1549482,1210835,677294,338647,
2021-03-26,87002,83472,3490,,1983691,1632873,1290788,684170,342085,
2021-03-27,80842,77892,2866,,2064533,1710662,1365776,689772,344886,
2021-03-28,66984,65395,1554,,2131517,1775967,1429584,692766,346383,
2021-03-29,51733,49045,2651,,2183250,1824932,1475944,697976,348988,
2021-03-30,73577,70168,3349,,2256827,1895023,1542727,704592,352296,
2021-03-31,93147,89497,3583,,2349974,1984422,1628596,711652,355826,
2021-04-01,89310,85433,3838,,2439284,2069757,1710146,719222,359611,
2021-04-02,93075,88852,4207,,2532359,2158523,1794757,727532,363766,
2021-04-03,61005,59327,1735,,2593364,2217759,1852309,730900,365450,
2021-04-04,72326,70673,1650,,2665690,2288321,1921279,734084,367042,
2021-04-05,53726,53256,470,,2719416,2341493,1974029,734928,367464,
2021-04-06,79574,77710,1884,,2798990,2419101,2049807,738588,369294,
2021-04-07,107999,104935,3054,,2906989,2523911,2151621,744580,372290,
2021-04-08,114071,110104,4022,,3021060,2633904,2257648,752512,376256,
2021-04-09,109838,105615,4296,,3130898,2739401,2358914,760974,380487,
2021-04-10,109232,105473,3850,,3240130,2844746,2460475,768542,384271,
2021-04-11,98620,95505,3258,,3338750,2940126,2552656,774940,387470,
2021-04-12,76063,75001,1155,,3414813,3014979,2626422,777114,388557,
2021-04-13,99468,96088,3398,,3514281,3110958,2719051,783814,391907,
2021-04-14,117042,113280,3650,,3631323,3224120,2828603,791034,395517,
2021-04-15,113557,109502,3897,,3744880,3333496,2934139,798714,399357,
2021-04-16,118084,113711,4193,,3862964,3447097,3043591,807012,403506,
2021-04-17,112409,107822,4447,,3975373,3554785,3146891,815788,407894,
2021-04-18,88737,86501,2102,,4064110,3641163,3231221,819884,409942,
2021-04-19,68969,67439,1451,,4133079,3708472,3297130,822684,411342,
2021-04-20,102016,98695,3116,,4235095,3807005,3392612,828786,414393,
2021-04-21,142015,137741,4038,,4377110,3944572,3526209,836726,418363,
2021-04-22,139477,135332,3905,,4516587,4079775,3657563,844424,422212,
2021-04-23,138204,131792,6166,,4654791,4211413,3783093,856640,428320,
2021-04-24,130280,126221,3885,,4785071,4337486,3905337,864298,432149,
2021-04-25,102013,98603,3179,,4887084,4435941,4000680,870522,435261,
2021-04-26,70999,69295,1556,,4958083,4505105,4068348,873514,436757,
2021-04-27,98497,95419,2888,,5056580,4600363,4160781,879164,439582,
2021-04-28,120568,115946,4431,,5177148,4716141,4272200,887882,443941,
2021-04-29,124479,119286,5045,,5301627,4835260,4386343,897834,448917,
2021-04-30,115811,110559,5011,,5417438,4945646,4491795,907702,453851,
2021-05-01,111289,107429,3644,,5528727,5052894,4595476,914836,457418,
2021-05-02,79135,76162,2860,,5607862,5128899,4668687,920424,460212,
2021-05-03,56789,55121,1595,,5664651,5183865,4722118,923494,461747,
2021-05-04,91917,88550,3281,,5756568,5272237,4807286,929902,464951,
2021-05-05,137990,133286,4620,,5894558,5405354,4935846,939016,469508,
2021-05-06,141829,136878,4814,,6036387,5542048,5067788,948520,474260,
2021-05-07,150276,145241,4831,,6186663,5687129,5208097,958064,479032,
2021-05-08,142448,137764,4435,,6329111,5824698,5341310,966776,483388,
2021-05-09,124797,121151,3477,,6453908,5945685,5458884,973602,486801,
2021-05-10,97799,95818,1878,,6551707,6041314,5552702,977224,488612,
2021-05-11,113524,108852,4489,,6665231,6149964,5656934,986060,493030,
2021-05-12,145036,138012,6877,,6810267,6287797,5787956,999682,499841,
2021-05-13,142697,135311,7234,,6952964,6422933,5915932,1014002,507001,
2021-05-14,148853,138768,9916,,7101817,6561513,6044661,1033704,516852,
2021-05-15,159724,149684,9862,,7261541,6711010,6184371,1053278,526639,
2021-05-16,144357,136091,8060,,7405898,6846933,6312314,1069238,534619,
2021-05-17,114971,110876,3942,,7520869,6957620,6419135,1076970,538485,
2021-05-18,111323,100459,10662,,7632192,7057883,6508798,1098170,549085,
2021-05-19,149869,133462,16230,,7782061,7191193,6625952,1130482,565241,
2021-05-20,151557,131570,19774,,7933618,7322574,6737628,1169892,584946,
2021-05-21,165373,140872,24243,,8098991,7463265,6854153,1218224,609112,
2021-05-22,199425,172234,26964,,8298416,7635302,6999307,1271990,635995,
2021-05-23,139817,127448,12224,,8438233,7762572,7114415,1296314,648157,
2021-05-24,100294,93323,6826,,8538527,7855722,7200809,1309826,654913,
2021-05-25,90455,82973,7273,,8628982,7938532,7276413,1324238,662119,
2021-05-26,139772,113005,26503,,8768754,8051350,7362798,1377104,688552,
2021-05-27,152053,123036,28765,,8920807,8174229,7456981,1434496,717248,
2021-05-28,163857,132303,31248,,9084664,8306359,7557922,1496874,748437,
2021-05-29,153376,117116,36027,,9238040,8423325,7638917,1568816,784408,
2021-05-30,149714,119010,30478,,9387754,8542165,7727341,1629648,814824,
2021-05-31,99213,79818,19202,,9486967,8621813,7787851,1667924,833962,
2021-06-01,124184,90603,33247,,9611151,8712221,7845087,1734268,867134,
2021-06-02,145307,102146,42911,,9756458,8814186,7904210,1819952,909976,
2021-06-03,155352,99903,55171,,9911810,8913904,7948828,1930152,965076,
2021-06-04,181705,115525,65908,,10093515,9029230,7998334,2061792,1030896,
2021-06-05,172012,103428,68307,,10265527,9132460,8033342,2198236,1099118,
2021-06-06,163381,91858,71243,,10428908,9224140,8053849,2340582,1170291,
2021-06-07,119552,63047,56288,,10548460,9286990,8060486,2453008,1226504,
2021-06-08,161885,72443,89003,,10710345,9359244,8043817,2630854,1315427,
2021-06-09,181461,70804,110188,,10891806,9429871,8004337,2851068,1425534,
2021-06-10,185570,66419,118663,,11077376,9496087,7951981,3088212,1544106,
2021-06-11,204774,67510,136511,,11282150,9563411,7882876,3361070,1680535,
2021-06-12,199721,62669,136453,,11481871,9625898,7809002,3633792,1816896,
2021-06-13,190323,58877,130916,,11672194,9684600,7736868,3895464,1947732,
2021-06-14,137685,38692,98594,,11809879,9723096,7676875,4092442,2046221,
2021-06-15,189500,42604,146542,,11999379,9765482,7572816,4385332,2192666,
2021-06-16,206220,42427,163152,,12205599,9807713,7451998,4711430,2355715,
2021-06-17,210433,37929,171921,,12416032,9845427,7317883,5055088,2527544,
2021-06-18,217159,35350,181206,,12633191,9880587,7171929,5417316,2708658,
2021-06-19,215873,35490,179711,,12849064,9915871,7027614,5776514,2888257,
2021-06-20,186261,35560,150124,,13035325,9951233,6912960,6076546,3038273,
2021-06-21,120424,20823,99100,,13155749,9971861,6834580,6274562,3137281,
2021-06-22,204924,27506,176663,,13360673,9999173,6685338,6627670,3313835,
2021-06-23,230518,28624,201155,,13591191,10027597,6512715,7029764,3514882,
2021-06-24,227682,26667,200260,,13818873,10054068,6339036,7430064,3715032,
2021-06-25,251104,27980,222376,,14069977,10081847,6144557,7874580,3937290,
2021-06-26,261285,30000,230583,,14331262,10111622,5943889,8335466,4167733,
2021-06-27,204990,27783,176603,,14536252,10139223,5794997,8688452,4344226,
2021-06-28,199245,20953,177728,,14735497,10159978,5638149,9043658,4521829,
2021-06-29,250106,24492,224882,,14985603,10184229,5437672,9493114,4746557,
2021-06-30,275530,24171,250792,,15261133,10208197,5210977,9994440,4997220,
2021-07-01,271963,25304,246105,,15533096,10233283,4990097,10486372,5243186,
2021-07-02,144719,11588,132904,,15677815,10244697,4868709,10751976,5375988,
2021-07-03,216892,19928,196733,,15894707,10264403,4691831,11145144,5572572,
2021-07-04,196178,19418,176537,,16090885,10283635,4534645,11497980,5748990,
2021-07-05,148715,12438,136134,,16239600,10295883,4410887,11769992,5884996,
2021-07-06,220024,19987,199822,,16459624,10315654,4230982,12169344,6084672,
2021-07-07,246606,22964,223402,,16706230,10338392,4030466,12615852,6307926,
2021-07-08,231200,21351,209638,,16937430,10359537,3842108,13034858,6517429,
2021-07-09,226988,21505,205315,,17164418,10380840,3658228,13445224,6722612,
2021-07-10,209055,20535,188364,,17373473,10401171,3490332,13821678,6910839,
2021-07-11,171670,17579,153965,,17545143,10418549,3353892,14129314,7064657,
2021-07-12,123132,11444,111591,,17668275,10429804,3253693,14352222,7176111,
2021-07-13,178497,19026,159329,,17846772,10448608,3113323,14670570,7335285,
2021-07-14,180033,19300,160576,,18026805,10467693,2971995,14991396,7495698,
2021-07-15,167189,19582,147434,,18193994,10487064,2844096,15285936,7642968,
2021-07-16,169341,19895,149293,,18363335,10506757,2714649,15584216,7792108,
2021-07-17,173000,20260,152613,,18536335,10526768,2582239,15889058,7944529,
2021-07-18,133624,15928,117559,,18669959,10542512,2480572,16123880,8061940,
2021-07-19,91977,10416,81453,,18761936,10552715,2409497,16286436,8143218,
2021-07-20,133533,16945,116529,,18895469,10569420,2309849,16519142,8259571,
2021-07-21,140083,16983,123028,,19035552,10586188,2203751,16764874,8382437,
2021-07-22,125600,17636,107826,,19161152,10603600,2113514,16980172,8490086,
2021-07-23,120255,16984,103064,,19281407,10620343,2027392,17185902,8592951,
2021-07-24,126689,18331,108118,,19408096,10638471,1937565,17401812,8700906,
2021-07-25,103629,14858,88642,,19511725,10653105,1863738,17578734,8789367,
2021-07-26,66681,9884,56705,,19578406,10662771,1816880,17691782,8845891,
2021-07-27,92371,15314,76894,,19670777,10677824,1755256,17845136,8922568,
2021-07-28,93934,16459,77402,,19764711,10694048,1694269,17999558,8999779,
2021-07-29,89391,16700,72528,,19854102,10710516,1638397,18144238,9072119,
2021-07-30,84056,16101,67841,,19938158,10726389,1586617,18279544,9139772,
2021-07-31,83836,15709,67976,,20021994,10741880,1534322,18415116,9207558,
2021-08-01,61860,11314,50364,,20083854,10752968,1495237,18515462,9257731,
2021-08-02,42480,7410,34952,,20126334,10760180,1467663,18585034,9292517,
2021-08-03,33283,5949,27164,,20159617,10765896,1446425,18638942,9319471,
2021-08-04,61310,12368,48752,,20220927,10778029,1410004,18736050,9368025,
2021-08-05,59444,12539,46752,,20280371,10790360,1375747,18829226,9414613,
2021-08-06,56011,11851,43944,,20336382,10801951,1343623,18916656,9458328,
2021-08-07,62364,12130,50040,,20398746,10813820,1305670,19016300,9508150,
2021-08-08,48671,9262,39221,,20447417,10822854,1275688,19094332,9547166,
2021-08-09,30851,5933,24740,,20478268,10828573,1256854,19143438,9571719,
2021-08-10,49248,10504,38442,,20527516,10838797,1228882,19219830,9609915,
2021-08-11,48715,10763,37707,,20576231,10849313,1201907,19294812,9647406,
2021-08-12,49236,11190,37817,,20625467,10860252,1175238,19370028,9685014,
2021-08-13,49615,11725,37614,,20675082,10871736,1149319,19444834,9722417,
2021-08-14,51213,12129,38873,,20726295,10883615,1122549,19522132,9761066,
2021-08-15,41755,9846,31686,,20768050,10893259,1100679,19585160,9792580,
2021-08-16,26729,6178,20399,,20794779,10899214,1086432,19625564,9812782,
2021-08-17,40495,11053,29177,,20835274,10910017,1068284,19683466,9841733,
2021-08-18,41883,11962,29679,,20877157,10921737,1050535,19742404,9871202,
2021-08-19,45885,16528,29094,,20923042,10938014,1037941,19800146,9900073,
2021-08-20,46431,16282,29733,,20969473,10954040,1024463,19859154,9929577,
2021-08-21,47944,15140,32435,,21017417,10968920,1007135,19923570,9961785,
2021-08-22,34378,10800,23311,,21051795,10979474,994600,19969748,9984874,
2021-08-23,23218,7003,15999,,21075013,10986242,985583,20001318,10000659,
2021-08-24,37647,13373,23819,,21112660,10999361,975114,20048494,10024247,
2021-08-25,41331,14412,26310,,21153991,11013517,963197,20100640,10050320,
2021-08-26,39259,13550,24967,,21193250,11026791,951745,20150092,10075046,
2021-08-27,37663,12933,23686,,21230913,11039483,940965,20197036,10098518,
2021-08-28,40105,13418,25511,,21271018,11052622,928848,20247548,10123774,
2021-08-29,30545,10246,19940,,21301563,11062636,919135,20287002,10143501,
2021-08-30,18230,6138,11843,,21319793,11068526,913401,20310250,10155125,
2021-08-31,32706,11935,19620,,21352499,11080193,905688,20349010,10174505,
2021-09-01,36230,12938,21947,,21388729,11092898,896663,20392470,10196235,
2021-09-02,37767,15639,19664,,21426496,11108285,892613,20431344,10215672,
2021-09-03,46868,21083,22436,,21473364,11129119,891241,20475756,10237878,
2021-09-04,46868,20584,24770,,21520232,11149457,887032,20524850,10262425,
2021-09-05,33062,14199,18573,,21553294,11163412,882638,20561548,10280774,
2021-09-06,21706,9485,12029,,21575000,11172648,880077,20585142,10292571,
2021-09-07,14999,6724,8091,,21589999,11179115,878693,20600844,10300422,
2021-09-08,41135,17110,20929,,21631134,11195961,874856,20642210,10321105,
2021-09-09,41442,16972,19674,,21672576,11212656,872129,20681054,10340527,
2021-09-10,39629,15504,18993,,21712205,11227898,868622,20718552,10359276,
2021-09-11,42366,15928,23334,,21754571,11243547,861195,20764704,10382352,
2021-09-12,29958,11529,17865,,21784529,11254782,854829,20799906,10399953,
2021-09-13,16082,6406,9180,,21800611,11260954,852040,20817828,10408914,
2021-09-14,29896,11554,15286,,21830507,11272206,848281,20847850,10423925,
2021-09-15,39267,14020,19413,,21869774,11285967,842873,20886188,10443094,
2021-09-16,39336,13980,19241,,21909110,11299712,837589,20924246,10462123,
2021-09-17,38917,13608,19329,,21948027,11313077,831856,20962442,10481221,
2021-09-18,41227,14077,23526,,21989254,11326881,822386,21008990,10504495,
2021-09-19,30651,10826,18977,,22019905,11337448,814222,21046452,10523226,
2021-09-20,16729,6098,10176,,22036634,11343292,810121,21066342,10533171,
2021-09-21,31353,11211,16987,,22067987,11354238,804329,21099818,10549909,
2021-09-22,41805,14812,22924,,22109792,11368754,796196,21145116,10572558,
2021-09-23,47223,16135,26028,,22157015,11384626,786284,21196684,10598342,
2021-09-24,46292,15626,26644,,22203307,11399991,775247,21249488,10624744,
2021-09-25,48186,15250,29944,,22251493,11414988,760534,21308908,10654454,
2021-09-26,37486,12416,24478,,22288979,11427129,748451,21357356,10678678,
2021-09-27,19150,6528,12316,,22308129,11433403,742647,21381512,10690756,
2021-09-28,30948,11291,17875,,22339077,11444435,736051,21416768,10708384,
2021-09-29,37878,12472,21721,,22376955,11456636,726782,21459708,10729854,
2021-09-30,37327,11650,21366,,22414282,11468027,717047,21501960,10750980,
2021-10-01,30870,9809,18408,,22445152,11477610,708435,21538350,10769175,
2021-10-02,37129,11155,23580,,22482281,11488495,695992,21585006,10792503,
2021-10-03,27200,8161,18322,,22509481,11496415,685818,21621194,10810597,
2021-10-04,14866,4746,9801,,22524347,11500915,680745,21640340,10820170,
2021-10-05,26810,8591,15863,,22551157,11509245,673458,21671574,10835787,
2021-10-06,31653,9636,18501,,22582810,11518622,664585,21708074,10854037,
2021-10-07,30341,9393,17115,,22613151,11527764,656850,21741828,10870914,
2021-10-08,32831,10739,18847,,22645982,11538233,648729,21779008,10889504,
2021-10-09,34132,10659,21012,,22680114,11548629,638362,21820534,10910267,
2021-10-10,23403,7657,15080,,22703517,11556035,630927,21850216,10925108,
2021-10-11,12000,3839,7863,,22715517,11559624,626887,21865474,10932737,
2021-10-12,5104,1625,3262,,22720621,11560971,625235,21871472,10935736,
2021-10-13,29098,9189,18080,,22749719,11569870,616328,21907084,10953542,
2021-10-14,29006,8903,17742,,22778725,11578498,607479,21942038,10971019,
2021-10-15,29088,8824,18164,,22807813,11587059,598126,21977866,10988933,
2021-10-16,31134,8985,19867,,22838947,11595753,587232,22017042,11008521,
2021-10-17,23699,7259,15368,,22862646,11602758,579110,22047296,11023648,
2021-10-18,12305,3747,8146,,22874951,11606224,574699,22063050,11031525,
2021-10-19,21262,6623,12627,,22896213,11612565,568682,22087766,11043883,
2021-10-20,25659,7537,14915,,22921872,11619855,561291,22117128,11058564,
2021-10-21,23166,6675,13027,,22945038,11626261,554928,22142666,11071333,
2021-10-22,26109,7308,15107,,22971147,11633246,547113,22172266,11086133,
2021-10-23,28167,7603,17150,,22999314,11640587,537559,22206056,11103028,
2021-10-24,19344,5727,12596,,23018658,11646058,530678,22230760,11115380,
2021-10-25,9926,2709,6474,,23028584,11648498,526905,22243186,11121593,
2021-10-26,18902,5387,11095,,23047486,11653607,521188,22264838,11132419,
2021-10-27,22845,6076,13206,,23070331,11659428,514044,22290768,11145384,
2021-10-28,22302,5791,12643,,23092633,11664931,507181,22315500,11157750,
2021-10-29,22806,5731,13044,,23115439,11670360,499853,22341014,11170507,
2021-10-30,24102,6038,14609,,23139541,11676126,491270,22369712,11184856,
2021-10-31,16471,4593,10594,,23156012,11680425,485264,22390322,11195161,
2021-11-01,7865,2079,5053,,23163877,11682224,482277,22399894,11199947,
2021-11-02,15619,4362,7743,,23179496,11686295,478885,22414820,11207410,
2021-11-03,18619,5066,9601,,23198115,11691058,474340,22433436,11216718,
2021-11-04,19503,4874,10030,,23217618,11695656,469169,22452974,11226487,
2021-11-05,21456,4402,9516,,23239074,11699769,464041,22471456,11235728,
2021-11-06,25330,5205,12154,,23264404,11704705,457075,22495260,11247630,
2021-11-07,21445,4024,8919,,23285849,11708448,452168,22512560,11256280,
2021-11-08,11989,2110,4730,,23297838,11710263,449532,22521462,11260731,
2021-11-09,24117,3848,7645,,23321955,11713790,445725,22536130,11268065,
2021-11-10,28469,4508,8989,,23350424,11718021,441230,22553582,11276791,
2021-11-11,28752,4304,9093,,23379176,11722029,436432,22571194,11285597,
2021-11-12,26735,4162,8233,,23405911,11725900,432347,22587106,11293553,
2021-11-13,34302,5079,11405,,23440213,11730673,426012,22609322,11304661,
2021-11-14,23215,3897,8602,,23463428,11734307,421300,22626014,11313007,
2021-11-15,12700,2184,4494,,23476128,11736231,418982,22634498,11317249,
2021-11-16,26168,3928,7477,,23502296,11739902,415429,22648946,11324473,
2021-11-17,31158,4046,7810,,23533454,11743666,411655,22664022,11332011,
2021-11-18,32488,3862,7515,,23565942,11747222,407988,22678468,11339234,
2021-11-19,35462,3858,7748,,23601404,11750779,404086,22693386,11346693,
2021-11-20,40108,4381,8815,,23641512,11754880,399643,22710474,11355237,
2021-11-21,28112,3434,6944,,23669624,11758052,396119,22723866,11361933,
2021-11-22,14896,1950,3892,,23684520,11759726,394171,22731110,11365555,
2021-11-23,33044,3272,6005,,23717564,11762718,391430,22742576,11371288,
2021-11-24,42638,3752,6796,,23760202,11766166,388375,22755582,11377791,
2021-11-25,46033,3931,6566,,23806235,11769822,385737,22768170,11384085,
2021-11-26,52858,11345,6611,,23859093,11780897,390464,22780866,11390433,
2021-11-27,63506,22350,7030,,23922599,11802966,405774,22794384,11397192,
2021-11-28,51451,27739,5310,,23974050,11830413,428191,22804444,11402222,
2021-11-29,33525,18934,2879,,24007575,11849086,444235,22809702,11404851,
2021-11-30,56018,20678,5126,,24063593,11869483,459777,22819412,11409706,
2021-12-01,69535,26241,5633,,24133128,11895418,480371,22830094,11415047,
2021-12-02,71621,26486,5033,,24204749,11921606,501811,22839590,11419795,
2021-12-03,73414,25096,5165,,24278163,11946406,521736,22849340,11424670,
2021-12-04,81143,27783,6066,47274,24359306,11973896,543444,,11430452,807604
2021-12-05,62620,31926,4406,26267,24421926,12005527,570956,,11434571,833767
2021-12-06,38623,19141,2711,16755,24460549,12024379,587379,,11437000,850444
2021-12-07,60277,14850,4468,40946,24520826,12038957,597751,,11441206,891316
2021-12-08,73441,19054,4677,49707,24594267,12057734,612118,,11445616,940945
2021-12-09,74488,18271,4340,51857,24668755,12075696,626041,,11449655,992717
2021-12-10,77489,17588,4653,55239,24746244,12093003,638971,,11454032,1047875
2021-12-11,83172,20403,5824,56933,24829416,12113117,653536,,11459581,1104722
2021-12-12,60747,22696,4153,33855,24890163,12135533,672073,,11463460,1138488
2021-12-13,34930,11602,2408,20897,24925093,12146838,681257,,11465581,1159290
2021-12-14,101966,9000,3858,89065,25027059,12155527,686384,,11469143,1248235
2021-12-15,127685,12427,4506,110714,25154744,12167650,694295,,11473355,1358849
2021-12-16,139339,12455,4244,122625,25294083,12179819,702496,,11477323,1481375
2021-12-17,159160,12401,4514,142223,25453243,12191945,710374,,11481571,1623501
2021-12-18,175583,13523,4922,157093,25628826,12205174,718963,,11486211,1780499
2021-12-19,140433,18157,3929,118311,25769259,12223030,733183,,11489847,1898699
2021-12-20,106818,10304,2744,93723,25876077,12233066,740733,,11492333,1992324
2021-12-21,215373,12963,4312,198076,26091450,12245713,749377,,11496336,2190279
2021-12-22,237240,14419,5196,217740,26328690,12259833,758586,,11501247,2407901
2021-12-23,257741,11718,5082,240844,26586431,12271246,765216,,11506030,2648639
2021-12-24,223541,9449,4564,209461,26809972,12280398,770097,,11510301,2857984
2021-12-25,89717,3885,2505,83339,26899689,12284008,771472,,11512536,2941216
2021-12-26,11894,387,358,11139,26911583,12284103,771493,,11512610,2952225
2021-12-27,46937,1491,1113,44302,26958520,12285349,771864,,11513485,2996407
2021-12-28,144768,6098,4005,134605,27103288,12291153,773946,,11517207,3130881
2021-12-29,175461,9376,4578,161436,27278749,12300233,778740,,11521493,3292189
2021-12-30,200052,10130,5344,184536,27478801,12310060,783511,,11526549,3476591
2021-12-31,195195,10006,5798,179140,27673996,12319777,787710,,11532067,3655605
2022-01-01,96946,5381,3878,87361,27770942,12324849,789205,,11535644,3742817
2022-01-02,19442,941,928,17444,27790384,12325499,789209,,11536290,3760115
2022-01-03,88252,4773,4591,78807,27878636,12329962,789383,,11540579,3838769
2022-01-04,146356,5997,5313,135006,28024992,12335631,790054,,11545577,3973619
2022-01-05,177488,7624,7292,162399,28202480,12342901,790375,,11552526,4135858
2022-01-06,191520,7202,6784,177007,28394000,12349784,790782,,11559002,4312710
2022-01-07,191272,7961,6991,175507,28585272,12357401,791740,,11565661,4488044
2022-01-08,181661,8624,6633,165216,28766933,12365693,793718,,11571975,4653104
2022-01-09,131095,9865,7181,113956,28898028,12375236,796397,,11578839,4766900
2022-01-10,90557,5107,4489,80830,28988585,12380021,797005,,11583016,4847577
2022-01-11,138869,6153,6567,125443,29127454,12385827,796578,,11589249,4972830
2022-01-12,157019,8159,8052,138685,29284473,12393657,796680,,11596977,5111347
2022-01-13,162680,9211,9214,141545,29447153,12402506,796663,,11605843,5252709
2022-01-14,159868,10750,10375,136053,29607021,12412895,797033,,11615862,5388564
2022-01-15,161198,11011,11671,135882,29768219,12423535,796362,,11627173,5524253
2022-01-16,109778,9290,9674,89454,29877997,12432463,795971,,11636492,5613489
2022-01-17,65781,5935,6564,52641,29943778,12438062,795332,,11642730,5665945
2022-01-18,36103,2003,2128,31148,29979881,12439710,795196,,11644514,5696897
2022-01-19,101315,5582,6717,85955,30081196,12444892,794043,,11650849,5782625
2022-01-20,103594,6321,7004,85731,30184790,12450829,793352,,11657477,5868133
2022-01-21,102103,6230,8058,82503,30286893,12456655,791510,,11665145,5950408
2022-01-22,102569,8712,12068,78111,30389462,12464978,788147,,11676831,6028291
2022-01-23,76693,7307,13992,54794,30466155,12471942,781455,,11690487,6082863
2022-01-24,42262,3195,7935,30743,30508417,12474773,776697,,11698076,6113399
2022-01-25,62558,3755,8369,48115,30570975,12478149,772068,,11706081,6161295
2022-01-26,77883,4914,13170,55691,30648858,12482686,763807,,11718879,6216744
2022-01-27,78072,4894,13243,56048,30726930,12487208,755448,,11731760,6272555
2022-01-28,77281,4672,13675,53895,30804211,12491522,746432,,11745090,6326231
2022-01-29,84814,5526,17712,58114,30889025,12496684,734239,,11762445,6384100
2022-01-30,66501,5025,20627,40154,30955526,12501367,718623,,11782744,6424029
2022-01-31,34743,2175,9881,22348,30990269,12503223,710908,,11792315,6446188
2022-02-01,51349,3264,9664,36526,31041618,12506134,704498,,11801636,6482489
2022-02-02,57707,3845,12397,38680,31099325,12509648,695931,,11813717,6520969
2022-02-03,52575,3610,11508,34299,31151900,12512881,688021,,11824860,6555017
2022-02-04,43089,2947,10559,27284,31194989,12515518,680399,,11835119,6582107
2022-02-05,58717,3742,14472,37563,31253706,12518928,669657,,11849271,6619457
2022-02-06,49857,3639,16115,29572,31303563,12522244,657176,,11865068,6648805
2022-02-07,23232,1690,7809,13440,31326795,12523608,651044,,11872564,6662021
2022-02-08,33388,2355,7246,21970,31360183,12525633,646146,,11879487,6683758
2022-02-09,38878,2784,8915,24410,31399061,12528058,640009,,11888049,6707916
2022-02-10,37535,2764,8835,22551,31436596,12530486,633934,,11896552,6730237
2022-02-11,39448,2724,10292,23005,31476044,12532864,626357,,11906507,6753004
2022-02-12,42043,2956,11455,25316,31518087,12535486,617847,,11917639,6778096
2022-02-13,36315,2799,13142,19941,31554402,12537998,607501,,11930497,6797839
2022-02-14,16975,1175,6119,9472,31571377,12538898,602549,,11936349,6807111
2022-02-15,19350,1384,4748,11878,31590727,12539958,599175,,11940783,6818762
2022-02-16,26017,1766,7729,14947,31616744,12541427,593208,,11948219,6833508
2022-02-17,26763,1683,7524,14984,31643507,12542755,587358,,11955397,6848237
2022-02-18,23937,1354,6608,13675,31667444,12543792,582092,,11961700,6861703
2022-02-19,37832,1902,8337,26050,31705276,12545363,575652,,11969711,6887512
2022-02-20,32574,1498,7963,22804,31737850,12546561,569179,,11977382,6910112
2022-02-21,17502,913,3678,12757,31755352,12547179,566405,,11980774,6922658
2022-02-22,9105,428,1552,6955,31764457,12547317,565276,,11982041,6929402
2022-02-23,25331,1327,4792,17293,31789788,12548334,561804,,11986530,6946459
2022-02-24,24571,1401,5233,15482,31814359,12549413,557967,,11991446,6961698
2022-02-25,23100,1389,5137,14507,31837459,12550508,554212,,11996296,6975979
2022-02-26,25229,1385,5909,16555,31862688,12551583,549681,,12001902,6992308
2022-02-27,26953,1370,7367,17702,31889641,12552684,543673,,12009011,7009815
2022-02-28,10129,594,2531,6745,31899770,12553025,541728,,12011297,7016377
2022-03-01,13194,945,3150,8165,31912964,12553665,539513,,12014152,7024325
2022-03-02,15413,1163,3575,9618,31928377,12554567,537094,,12017473,7033766
2022-03-03,14296,1077,3226,8688,31942673,12555332,534937,,12020395,7042223
2022-03-04,14473,991,3445,8314,31957146,12556002,532479,,12023523,7050284
2022-03-05,18528,1276,4996,11183,31975674,12556969,528748,,12028221,7061243
2022-03-06,16513,1088,5523,9604,31992187,12557777,524307,,12033470,7070640
2022-03-07,5947,466,1861,3509,31998134,12557958,522905,,12035053,7073932
2022-03-08,7361,698,1943,4158,32005495,12558378,521653,,12036725,7077891
2022-03-09,11156,907,2736,6406,32016651,12559009,519818,,12039191,7084095
2022-03-10,12758,1044,3255,6836,32029409,12559776,517600,,12042176,7090718
2022-03-11,12887,904,3406,6864,32042296,12560391,515090,,12045301,7097366
2022-03-12,14681,1046,4181,8310,32056977,12561165,511952,,12049213,7105472
2022-03-13,14745,1091,4999,8330,32071722,12561965,508040,,12053925,7113565
2022-03-14,6332,449,2228,3499,32078054,12562143,506258,,12055885,7116850
2022-03-15,10196,791,2625,5972,32088250,12562644,504412,,12058232,7122608
2022-03-16,13060,934,3664,6953,32101310,12563290,501679,,12061611,7129331
2022-03-17,13196,1047,3960,6757,32114506,12564049,498759,,12065290,7135868
2022-03-18,11904,913,3145,6432,32126410,12564659,496517,,12068142,7142076
2022-03-19,14438,1003,4161,7901,32140848,12565382,493357,,12072025,7149758
2022-03-20,11744,990,3957,6370,32152592,12566101,490385,,12075716,7155920
2022-03-21,5057,414,1589,2814,32157649,12566256,489206,,12077050,7158531
2022-03-22,6707,552,1558,3890,32164356,12566520,488194,,12078326,7162205
2022-03-23,9968,785,2298,5194,32174324,12566989,486678,,12080311,7167158
2022-03-24,9295,724,2377,4610,32183619,12567449,485016,,12082433,7171564
2022-03-25,9220,782,2153,4747,32192839,12567968,483637,,12084331,7176099
2022-03-26,10926,936,2833,5506,32203765,12568627,481738,,12086889,7181386
2022-03-27,10224,909,3537,5301,32213989,12569276,479106,,12090170,7186476
2022-03-28,3580,320,1108,1987,32217569,12569356,478315,,12091041,7188269
2022-03-29,5342,498,1211,2692,32222911,12569569,477596,,12091973,7190739
2022-03-30,7854,749,1836,4122,32230765,12570039,476504,,12093535,7194636
2022-03-31,8648,689,1924,4413,32239413,12570439,475263,,12095176,7198827
2022-04-01,9308,802,1914,4886,32248721,12570949,474142,,12096807,7203474
2022-04-02,10442,886,2215,5570,32259163,12571548,472801,,12098747,7208827
2022-04-03,9204,880,2567,5065,32268367,12572171,471108,,12101063,7213690
2022-04-04,4200,387,1006,2406,32272567,12572297,470486,,12101811,7215893
2022-04-05,6072,600,1036,3050,32278639,12572557,470044,,12102513,7218668
2022-04-06,8376,714,1477,4382,32287015,12572980,469276,,12103704,7222823
2022-04-07,10341,733,1687,4836,32297356,12573413,468317,,12105096,7227416
2022-04-08,23991,811,1582,4835,32321347,12573946,467540,,12106406,7232035
2022-04-09,30495,969,1974,5895,32351842,12574617,466526,,12108091,7237707
2022-04-10,24862,976,2389,5332,32376704,12575334,465107,,12110227,7242837
2022-04-11,12570,385,876,2431,32389274,12575469,464612,,12110857,7245066
2022-04-12,28120,693,1017,3535,32417394,12575858,464281,,12111577,7248368
2022-04-13,37780,853,1560,4927,32455174,12576412,463570,,12112842,7253065
2022-04-14,37901,761,1615,4913,32493075,12576861,462713,,12114148,7257725
2022-04-15,43397,1230,2104,6725,32536472,12577793,461835,,12115958,7264213
2022-04-16,8093,358,650,1740,32544565,12577891,461541,,12116350,7265737
2022-04-17,21012,871,1924,4317,32565577,12578478,460481,,12117997,7269831
2022-04-18,5457,305,461,1289,32571034,12578496,460320,,12118176,7270879
2022-04-19,22652,615,774,3103,32593686,12578828,460152,,12118676,7273762
2022-04-20,40330,1063,1395,4619,32634016,12579565,459817,,12119748,7278117
2022-04-21,38754,943,1600,4682,32672770,12580212,459151,,12121061,7282565
2022-04-22,35620,1014,1431,4267,32708390,12580954,458727,,12122227,7286614
2022-04-23,34653,1006,1736,4712,32743043,12581676,457994,,12123682,7291087
2022-04-24,20815,1021,1888,3776,32763858,12582447,457124,,12125323,7294669
2022-04-25,8298,453,691,1707,32772156,12582631,456885,,12125746,7296160
2022-04-26,24616,732,945,3144,32796772,12583071,456666,,12126405,7299067
2022-04-27,33597,955,1368,3936,32830369,12583750,456245,,12127505,7302786
2022-04-28,32833,928,1413,3930,32863202,12584405,455751,,12128654,7306493
2022-04-29,32058,1097,1379,3911,32895260,12585204,455462,,12129742,7310175
2022-04-30,30280,923,1534,4024,32925540,12585830,454844,,12130986,7313963
2022-05-01,16752,769,1579,2970,32942292,12586302,454029,,12132273,7316690
2022-05-02,5933,309,524,1097,32948225,12586315,453810,,12132505,7317560
2022-05-03,20928,588,831,2347,32969153,12586598,453561,,12133037,7319668
2022-05-04,29416,799,1091,3293,32998569,12587087,453264,,12133823,7322712
2022-05-05,29095,873,1161,3125,33027664,12587648,452966,,12134682,7325593
2022-05-06,29095,1147,1284,2986,33056759,12588507,452824,,12135683,7328352
2022-05-07,28487,869,1262,3113,33085246,12589086,452426,,12136660,7331241
2022-05-08,15998,896,1309,2323,33101244,12589725,452011,,12137714,7333363
2022-05-09,5897,293,474,943,33107141,12589752,451824,,12137928,7334096
2022-05-10,21227,696,719,2120,33128368,12590130,451794,,12138336,7335956
2022-05-11,28949,836,1083,2655,33157317,12590633,451543,,12139090,7338339
2022-05-12,28239,799,1084,2512,33185556,12591135,451254,,12139881,7340610
2022-05-13,27593,878,1118,2468,33213149,12591702,451009,,12140693,7342821
2022-05-14,25690,807,1098,2609,33238839,12592193,450711,,12141482,7345175
2022-05-15,14846,751,1274,2056,33253685,12592672,450181,,12142491,7347012
2022-05-16,6382,325,532,1047,33260067,12592759,449970,,12142789,7347872
2022-05-17,19603,589,778,1742,33279670,12593032,449774,,12143258,7349365
2022-05-18,26544,878,1101,2272,33306214,12593646,449546,,12144100,7351422
2022-05-19,24438,681,1156,2161,33330652,12594060,449064,,12144996,7353366
2022-05-20,24262,801,1136,2216,33354914,12594593,448725,,12145868,7355364
2022-05-21,22400,692,1167,2346,33377314,12594976,448241,,12146735,7357468
2022-05-22,10559,551,888,1489,33387873,12595266,447899,,12147367,7358740
2022-05-23,4566,242,462,788,33392439,12595248,447677,,12147571,7359319
2022-05-24,2619,119,179,436,33395058,12595114,447615,,12147499,7359546
2022-05-25,19360,655,947,1951,33414418,12595503,447313,,12148190,7361287
2022-05-26,20643,665,949,1909,33435061,12595895,447023,,12148872,7362974
2022-05-27,21757,818,1057,2076,33456818,12596425,446781,,12149644,7364817
2022-05-28,19403,721,1165,2147,33476221,12596876,446334,,12150542,7366750
2022-05-29,12111,761,1282,1725,33488332,12597402,445806,,12151596,7368283
2022-05-30,4580,311,550,751,33492912,12597467,445564,,12151903,7368836
2022-05-31,13546,572,749,1665,33506458,12597737,445381,,12152356,7370261
2022-06-01,16610,702,970,1878,33523068,12598136,445111,,12153025,7371885
2022-06-02,14603,557,867,1675,33537671,12598381,444794,,12153587,7373319
2022-06-03,16101,697,1095,1814,33553772,12598800,444390,,12154410,7374915
2022-06-04,13321,648,1164,1843,33567093,12599190,443869,,12155321,7376556
2022-06-05,7866,587,1109,1432,33574959,12599528,443343,,12156185,7377796
2022-06-06,3293,206,444,641,33578252,12599486,443102,,12156384,7378236
2022-06-07,11219,475,727,1370,33589471,12599661,442845,,12156816,7379362
2022-06-08,14064,667,1013,1609,33603535,12600068,442494,,12157574,7380752
2022-06-09,13373,663,924,1674,33616908,12600443,442228,,12158215,7382194
2022-06-10,13851,685,1068,1697,33630759,12600842,441837,,12159005,7383661
2022-06-11,12982,616,1030,1844,33643741,12601172,441421,,12159751,7385282
2022-06-12,8096,643,1236,1503,33651837,12601558,440824,,12160734,7386579
2022-06-13,3188,284,422,711,33655025,12601575,440681,,12160894,7387081
2022-06-14,10128,511,666,1264,33665153,12601797,440520,,12161277,7388107
2022-06-15,13507,472,832,1620,33678660,12601974,440158,,12161816,7389490
2022-06-16,12542,495,856,1616,33691202,12602164,439792,,12162372,7390859
2022-06-17,11693,479,818,1653,33702895,12602357,439446,,12162911,7392277
2022-06-18,11451,436,875,1860,33714346,12602522,439004,,12163518,7393913
2022-06-19,7002,483,898,1419,33721348,12602754,438588,,12164166,7395119
2022-06-20,2286,147,301,643,33723634,12602677,438428,,12164249,7395592
2022-06-21,9541,357,615,1384,33733175,12602747,438165,,12164582,7396728
2022-06-22,13607,406,724,1703,33746782,12602881,437840,,12165041,7398206
2022-06-23,13703,401,775,1683,33760485,12603015,437463,,12165552,7399675
2022-06-24,15364,435,811,1673,33775849,12603190,437083,,12166107,7401133
2022-06-25,14468,425,851,1713,33790317,12603354,436646,,12166708,7402637
2022-06-26,8157,432,885,1279,33798474,12603524,436186,,12167338,7403699
2022-06-27,3212,171,364,594,33801686,12603446,435989,,12167457,7404086
2022-06-28,9619,369,557,1226,33811305,12603530,435797,,12167733,7405080
2022-06-29,13314,414,730,1631,33824619,12603654,435479,,12168175,7406471
2022-06-30,12230,482,847,1578,33836849,12603852,435112,,12168740,7407816
2022-07-01,13038,548,971,1949,33849887,12604142,434684,,12169458,7409559
2022-07-02,1613,110,115,363,33851500,12603976,434677,,12169299,7409690
2022-07-03,5159,260,493,960,33856659,12603979,434435,,12169544,7410434
2022-07-04,2757,132,279,614,33859416,12603864,434287,,12169577,7410851
2022-07-05,11142,372,599,1573,33870558,12603939,434052,,12169887,7412176
2022-07-06,15957,546,858,2009,33886515,12604190,433734,,12170456,7413943
2022-07-07,15664,520,832,1926,33902179,12604422,433421,,12171001,7415616
2022-07-08,17883,555,870,2244,33920062,12604672,433105,,12171567,7417611
2022-07-09,14139,450,597,1843,33934201,12604846,432957,,12171889,7419218
2022-07-10,8746,475,754,1502,33942947,12605073,432677,,12172396,7420514
2022-07-11,4092,199,331,870,33947039,12605007,432542,,12172465,7421164
2022-07-12,12106,412,524,1654,33959145,12605120,432425,,12172695,7422564
2022-07-13,16720,564,772,2143,33975865,12605388,432211,,12173177,7424464
2022-07-14,16859,483,675,2025,33992724,12605565,432008,,12173557,7426249
2022-07-15,28892,598,822,2185,34021616,12605863,431783,,12174080,7428193
2022-07-16,30297,586,772,2327,34051913,12606135,431588,,12174547,7430268
2022-07-17,22929,537,636,1889,34074842,12606435,431486,,12174949,7431963
2022-07-18,11396,188,254,857,34086238,12606355,431415,,12174940,7432598
2022-07-19,28953,593,591,2135,34115191,12606673,431414,,12175259,7434501
2022-07-20,37636,840,923,2591,34152827,12607234,431326,,12175908,7436855
2022-07-21,36355,733,811,2807,34189182,12607680,431241,,12176439,7439422
2022-07-22,35799,824,891,2684,34224981,12608217,431168,,12177049,7441869
2022-07-23,35148,820,912,2833,34260129,12608722,431068,,12177654,7444446
2022-07-24,21735,599,804,1775,34281864,12609058,430860,,12178198,7445996
2022-07-25,11934,308,311,1080,34293798,12609082,430852,,12178230,7446846
2022-07-26,26090,619,603,2212,34319888,12609418,430867,,12178551,7448816
2022-07-27,32467,808,847,2649,34352355,12609967,430826,,12179141,7451254
2022-07-28,31537,724,884,2606,34383892,12610394,430662,,12179732,7453609
2022-07-29,29992,1791,875,2645,34413884,12611893,431574,,12180319,7456004
2022-07-30,25830,2526,747,2435,34439714,12614138,433351,,12180787,7458205
2022-07-31,14304,1068,541,1560,34454018,12614937,433874,,12181063,7459537
2022-08-01,5913,337,223,681,34459931,12615015,433986,,12181029,7459995
2022-08-02,4477,305,135,602,34464408,12615050,434152,,12180898,7460375
2022-08-03,22936,2636,737,2239,34487344,12617410,436047,,12181363,7462378
2022-08-04,22230,2482,679,2131,34509574,12619565,437844,,12181721,7464246
2022-08-05,21793,2755,745,2068,34531367,12622039,439846,,12182193,7466086
2022-08-06,19644,2877,657,1991,34551011,12624605,442060,,12182545,7467819
2022-08-07,12705,2236,620,1421,34563716,12626566,443670,,12182896,7469022
2022-08-08,4766,570,188,603,34568482,12626848,444045,,12182803,7469388
2022-08-09,14009,1466,558,1591,34582491,12628027,444947,,12183080,7470738
2022-08-10,19129,2364,718,1992,34601620,12630118,446591,,12183527,7472502
2022-08-11,17074,2040,718,1854,34618694,12631882,447911,,12183971,7474123
2022-08-12,16981,2048,734,1852,34635675,12633641,449224,,12184417,7475746
2022-08-13,15951,2223,763,1807,34651626,12635582,450682,,12184900,7477314
2022-08-14,9524,1621,618,1083,34661150,12636914,451681,,12185233,7478161
2022-08-15,3870,388,270,477,34665020,12637049,451796,,12185253,7478429
2022-08-16,10804,1073,514,1356,34675824,12637823,452353,,12185470,7479535
2022-08-17,16096,1833,739,1782,34691920,12639369,453446,,12185923,7481081
2022-08-18,14930,1641,748,1693,34706850,12640685,454335,,12186350,7482502
2022-08-19,15314,1846,749,1550,34722164,12642254,455428,,12186826,7483818
2022-08-20,14283,1641,740,1545,34736447,12643604,456323,,12187281,7485125
2022-08-21,9902,1532,660,1164,34746349,12644871,457191,,12187680,7486072
2022-08-22,4163,481,271,561,34750512,12645049,457398,,12187651,7486374
2022-08-23,11132,1248,554,1493,34761644,12645990,458088,,12187902,7487615
2022-08-24,14757,1808,870,2185,34776401,12647527,459026,,12188501,7489569
2022-08-25,14028,1718,780,2121,34790429,12648957,459957,,12189000,7491445
2022-08-26,13926,1689,815,2090,34804355,12650351,460824,,12189527,7493286
2022-08-27,12414,1486,876,1998,34816769,12651512,461428,,12190084,7495018
2022-08-28,7923,1258,621,1397,34824692,12652510,462063,,12190447,7496196
2022-08-29,3397,502,286,682,34828089,12652731,462274,,12190457,7496644
2022-08-30,9905,1169,649,1855,34837994,12653544,462788,,12190756,7498198
2022-08-31,13511,1628,946,2312,34851505,12654882,463466,,12191416,7500267
2022-09-01,12905,1721,912,2140,34864410,12656307,464270,,12192037,7502161
2022-09-02,15043,1616,991,4917,34879453,12657648,464887,,12192761,7506852
2022-09-03,14716,1524,922,5515,34894169,12658890,465486,,12193404,7512133
2022-09-04,8665,1010,675,3236,34902834,12659636,465812,,12193824,7515149
2022-09-05,3555,321,229,1386,34906389,12659692,465901,,12193791,7516313
2022-09-06,2466,158,114,1130,34908855,12659596,465942,,12193654,7517234
2022-09-07,10924,1018,587,3491,34919779,12660316,466369,,12193947,7520474
2022-09-08,10868,1021,526,2790,34930647,12661009,466861,,12194148,7522988
2022-09-09,9580,1012,488,2501,34940227,12661734,467380,,12194354,7525254
2022-09-10,10633,1264,551,3165,34950860,12662722,468086,,12194636,7528186
2022-09-11,9409,982,667,3735,34960269,12663456,468395,,12195061,7531712
2022-09-12,3125,294,204,1079,34963394,12663468,468479,,12194989,7532554
2022-09-13,6015,542,281,1132,34969409,12663725,468731,,12194994,7533444
2022-09-14,14481,797,434,1845,34983890,12664203,469090,,12195113,7535023
2022-09-15,15752,779,408,1532,34999642,12664662,469456,,12195206,7536284
2022-09-16,17755,766,447,1690,35017397,12665169,469769,,12195400,7537754
2022-09-17,17613,722,456,1666,35035010,12665587,470031,,12195556,7539166
2022-09-18,11212,775,451,1686,35046222,12666104,470353,,12195751,7540631
2022-09-19,4978,404,288,669,35051200,12666238,470464,,12195774,7541088
2022-09-20,13768,443,332,944,35064968,12666366,470573,,12195793,7541769
2022-09-21,23037,646,409,1497,35088005,12666704,470805,,12195899,7543012
2022-09-22,22911,636,398,1378,35110916,12667033,471037,,12195996,7544129
2022-09-23,22945,725,601,1418,35133861,12667459,471156,,12196303,7545293
2022-09-24,21690,737,689,1498,35155551,12667902,471200,,12196702,7546555
2022-09-25,11318,595,702,1355,35166869,12668219,471087,,12197132,7547677
2022-09-26,4561,192,218,594,35171430,12668121,471055,,12197066,7548028
2022-09-27,37651,498,365,1497,35209081,12668352,471184,,12197168,7549300
2022-09-28,50966,731,671,1900,35260047,12668814,471243,,12197571,7550974
2022-09-29,48001,637,740,1836,35308048,12669134,471132,,12198002,7552536
2022-09-30,47270,678,806,2002,35355318,12669485,471002,,12198483,7554257
2022-10-01,34445,526,633,1545,35389763,12669705,470893,,12198812,7555537
2022-10-02,24245,736,1028,1711,35414008,12670148,470598,,12199550,7556997
2022-10-03,10866,238,230,611,35424874,12670095,470602,,12199493,7557370
2022-10-04,32194,478,458,1169,35457068,12670254,470618,,12199636,7558263
2022-10-05,40429,625,740,1561,35497497,12670564,470497,,12200067,7559563
2022-10-06,38690,610,653,1568,35536187,12670871,470452,,12200419,7560871
2022-10-07,42235,661,851,1742,35578422,12671188,470254,,12200934,7562315
2022-10-08,37392,783,1145,2120,35615814,12671640,469886,,12201754,7564160
2022-10-09,18813,549,727,1556,35634627,12671914,469705,,12202209,7565481
2022-10-10,6864,169,370,567,35641491,12671785,469501,,12202284,7565788
2022-10-11,4992,124,111,318,35646483,12671615,469509,,12202106,7565868
2022-10-12,35110,579,685,1427,35681593,12671862,469401,,12202461,7567007
2022-10-13,36756,645,858,1619,35718349,12672147,469185,,12202962,7568322
2022-10-14,36973,621,752,1542,35755322,12672439,469051,,12203388,7569585
2022-10-15,35451,715,1013,1626,35790773,12672864,468750,,12204114,7570963
2022-10-16,20662,654,1024,1593,35811435,12673250,468374,,12204876,7572327
2022-10-17,7355,206,477,540,35818790,12673174,468101,,12205073,7572628
2022-10-18,36420,457,500,1397,35855210,12673315,468053,,12205262,7573756
2022-10-19,49898,619,730,1982,35905108,12673636,467939,,12205697,7575490
2022-10-20,51282,623,649,2049,35956390,12673949,467910,,12206039,7577278
2022-10-21,52845,697,618,1935,36009235,12674321,467985,,12206336,7578945
2022-10-22,50863,751,904,2309,36060098,12674746,467827,,12206919,7580983
2022-10-23,30634,574,784,2121,36090732,12675008,467611,,12207397,7582843
2022-10-24,14132,232,271,978,36104864,12674943,467567,,12207376,7583568
2022-10-25,41360,473,489,1818,36146224,12675071,467548,,12207523,7585094
2022-10-26,51648,616,660,2124,36197872,12675357,467500,,12207857,7586942
2022-10-27,50107,607,768,2162,36247979,12675643,467331,,12208312,7588838
2022-10-28,49793,590,675,2094,36297772,12675881,467241,,12208640,7590629
2022-10-29,50591,733,779,2220,36348363,12676268,467191,,12209077,7592551
2022-10-30,28394,661,930,2037,36376757,12676651,466918,,12209733,7594348
2022-10-31,12438,200,234,777,36389195,12676577,466881,,12209696,7594894
2022-11-01,33089,339,198,1220,36422284,12676575,467016,,12209559,7595824
2022-11-02,44283,575,624,1903,36466567,12676827,466963,,12209864,7597436
2022-11-03,44182,540,604,1856,36510749,12677045,466895,,12210150,7599013
2022-11-04,44640,649,529,2028,36555389,12677393,467008,,12210385,7600789
2022-11-05,45200,648,753,2370,36600589,12677743,466900,,12210843,7602895
2022-11-06,26016,559,771,2097,36626605,12677966,466685,,12211281,7604700
2022-11-07,10710,243,235,876,36637315,12677934,466690,,12211244,7605348
2022-11-08,33477,487,396,1585,36670792,12678138,466778,,12211360,7606694
2022-11-09,40527,604,570,1964,36711319,12678432,466810,,12211622,7608395
2022-11-10,39166,622,547,1928,36750485,12678741,466880,,12211861,7610053
2022-11-11,43335,633,640,2209,36793820,12679061,466872,,12212189,7611991
2022-11-12,36844,638,591,2183,36830664,12679380,466911,,12212469,7613896
2022-11-13,24266,559,770,2276,36854930,12679653,466694,,12212959,7615928
2022-11-14,10966,232,204,1024,36865896,12679597,466721,,12212876,7616700
2022-11-15,33606,485,380,1691,36899502,12679721,466821,,12212900,7618086
2022-11-16,43532,798,583,2369,36943034,12680226,467030,,12213196,7620209
2022-11-17,38342,674,647,2241,36981376,12680572,467053,,12213519,7622170
2022-11-18,40619,727,531,2330,37021995,12680960,467245,,12213715,7624204
2022-11-19,39651,1007,1029,3060,37061646,12681627,467219,,12214408,7626963
2022-11-20,22418,661,718,2440,37084064,12682017,467158,,12214859,7629177
2022-11-21,8921,197,193,969,37092985,12681953,467157,,12214796,7629942
2022-11-22,26438,480,368,1512,37119423,12682084,467265,,12214819,7631149
2022-11-23,32076,686,669,2069,37151499,12682447,467280,,12215167,7632944
2022-11-24,31896,663,750,2083,37183395,12682803,467191,,12215612,7634771
2022-11-25,30751,764,828,1950,37214146,12683262,467121,,12216141,7636465
2022-11-26,30280,906,1191,2697,37244426,12683837,466827,,12217010,7638880
2022-11-27,18675,608,944,2087,37263101,12684148,466486,,12217662,7640716
2022-11-28,7537,191,280,786,37270638,12684050,466390,,12217660,7641249
2022-11-29,21020,421,453,1291,37291658,12684151,466354,,12217797,7642268
2022-11-30,27889,643,650,1842,37319547,12684486,466345,,12218141,7643843
2022-12-01,24802,593,681,1693,37344349,12684758,466254,,12218504,7645256
2022-12-02,25052,525,630,1771,37369401,12684965,466143,,12218822,7646752
2022-12-03,25553,587,780,1944,37394954,12685237,465940,,12219297,7648440
2022-12-04,15246,495,606,1701,37410200,12685409,465824,,12219585,7649855
2022-12-05,6877,168,156,746,37417077,12685290,465831,,12219459,7650358
2022-12-06,20343,421,351,1376,37437420,12685354,465896,,12219458,7651431
2022-12-07,24777,554,607,1670,37462197,12685601,465837,,12219764,7652838
2022-12-08,23161,563,521,1763,37485358,12685858,465877,,12219981,7654332
2022-12-09,23322,635,574,1632,37508680,12686177,465935,,12220242,7655697
2022-12-10,22569,509,601,1629,37531249,12686382,465840,,12220542,7657061
2022-12-11,14201,548,786,1566,37545450,12686671,465599,,12221072,7658404
2022-12-12,5506,149,156,595,37550956,12686537,465587,,12220950,7658763
2022-12-13,17793,375,370,1124,37568749,12686601,465590,,12221011,7659623
2022-12-14,21320,511,547,1454,37590069,12686830,465548,,12221282,7660841
2022-12-15,21964,531,603,1579,37612033,12687036,465474,,12221562,7662139
2022-12-16,16286,379,451,1030,37628319,12687098,465399,,12221699,7662901
2022-12-17,18696,557,507,1275,37647015,12687345,465447,,12221898,7663899
2022-12-18,12637,529,794,1306,37659652,12687605,465181,,12222424,7664964
2022-12-19,4585,131,116,449,37664237,12687420,465192,,12222228,7665140
2022-12-20,16204,501,449,1106,37680441,12687615,465237,,12222378,7665987
2022-12-21,18470,543,552,1301,37698911,12687870,465224,,12222646,7667037
2022-12-22,18594,575,589,1745,37717505,12688157,465210,,12222947,7668531
2022-12-23,15640,580,598,1712,37733145,12688397,465187,,12223210,7669959
2022-12-24,5336,224,171,672,37738481,12688328,465239,,12223089,7670369
2022-12-25,2444,153,153,480,37740925,12688186,465230,,12222956,7670594
2022-12-26,262,12,7,48,37741187,12687912,465230,,12222682,7670398
2022-12-27,2094,98,36,306,37743281,12687735,465289,,12222446,7670474
2022-12-28,8317,337,167,975,37751598,12687772,465454,,12222318,7671186
2022-12-29,13160,582,526,1601,37764758,12688046,465506,,12222540,7672521
2022-12-30,15820,666,658,1881,37780578,12688418,465511,,12222907,7674139
2022-12-31,11230,462,386,1354,37791808,12688545,465583,,12222962,7675203
2023-01-01,3907,201,219,563,37795715,12688447,465565,,12222882,7675501
2023-01-02,651,36,14,97,37796366,12688210,465586,,12222624,7675360
2023-01-03,8194,297,151,900,37804560,12688235,465726,,12222509,7676030
2023-01-04,14719,575,547,1545,37819279,12688533,465748,,12222785,7677331
2023-01-05,16115,651,534,1795,37835394,12688895,465857,,12223038,7678876
2023-01-06,18827,716,609,2045,37854221,12689336,465961,,12223375,7680681
2023-01-07,18522,701,638,2055,37872743,12689766,466019,,12223747,7682501
2023-01-08,11611,581,609,1632,37884354,12690102,465988,,12224114,7683917
2023-01-09,5299,215,196,664,37889653,12690024,466005,,12224019,7684331
2023-01-10,12158,416,317,785,37901811,12690149,466102,,12224047,7684862
2023-01-11,15541,458,370,1094,37917352,12690298,466187,,12224111,7685692
2023-01-12,14062,445,408,973,37931414,12690446,466223,,12224223,7686408
2023-01-13,14167,422,345,1040,37945581,12690623,466298,,12224325,7687231
2023-01-14,13381,473,452,1078,37958962,12690813,466314,,12224499,7688059
2023-01-15,9046,464,507,1053,37968008,12691022,466270,,12224752,7688898
2023-01-16,3745,148,130,479,37971753,12690912,466288,,12224624,7689146
2023-01-17,8849,269,179,651,37980602,12690860,466375,,12224485,7689524
2023-01-18,10262,349,272,761,37990864,12690930,466449,,12224481,7690033
2023-01-19,10589,318,318,760,38001453,12690968,466445,,12224523,7690553
2023-01-20,9827,317,272,717,38011280,12691014,466488,,12224526,7691027
2023-01-21,11304,356,398,904,38022584,12691095,466446,,12224649,7691699
2023-01-22,7567,345,404,816,38030151,12691195,466385,,12224810,7692294
2023-01-23,3380,143,131,288,38033531,12691123,466397,,12224726,7692391
2023-01-24,8283,227,166,549,38041814,12691064,466456,,12224608,7692690
2023-01-25,10306,348,297,661,38052120,12691159,466503,,12224656,7693135
2023-01-26,6721,236,203,469,38058841,12691120,466534,,12224586,7693369
2023-01-27,6910,237,197,497,38065751,12691073,466571,,12224502,7693622
2023-01-28,9346,312,339,694,38075097,12691115,466540,,12224575,7694080
2023-01-29,5966,235,341,691,38081063,12691091,466429,,12224662,7694538
2023-01-30,1899,88,79,215,38082962,12690918,466436,,12224482,7694523
2023-01-31,5879,157,150,413,38088841,12690793,466441,,12224352,7694683
2023-02-01,7301,250,248,491,38096142,12690813,466441,,12224372,7694974
2023-02-02,6482,295,239,502,38102624,12690878,466495,,12224383,7695286
2023-02-03,6549,197,193,463,38109173,12690844,466497,,12224347,7695543
2023-02-04,6729,231,306,543,38115902,12690858,466417,,12224441,7695902
2023-02-05,4176,198,291,484,38120078,12690811,466322,,12224489,7696183
2023-02-06,1834,90,98,212,38121912,12690650,466312,,12224338,7696167
2023-02-07,4964,160,182,384,38126876,12690550,466288,,12224262,7696327
2023-02-08,5769,212,206,430,38132645,12690524,466293,,12224231,7696544
2023-02-09,6124,211,244,439,38138769,12690517,466260,,12224257,7696796
2023-02-10,5087,160,207,371,38143856,12690503,466211,,12224292,7697011
2023-02-11,6051,185,259,458,38149907,12690459,466133,,12224326,7697261
2023-02-12,4082,219,342,409,38153989,12690460,466007,,12224453,7697471
2023-02-13,1482,57,87,146,38155471,12690313,465976,,12224337,7697446
2023-02-14,3943,131,179,309,38159414,12690203,465927,,12224276,7697540
2023-02-15,4539,119,191,286,38163953,12690105,465855,,12224250,7697635
2023-02-16,4913,174,284,400,38168866,12690053,465743,,12224310,7697834
2023-02-17,4982,181,210,342,38173848,12690029,465713,,12224316,7697998
2023-02-18,5113,232,294,487,38178961,12690040,465649,,12224391,7698289
2023-02-19,3352,133,243,373,38182313,12689959,465536,,12224423,7698483
2023-02-20,1419,64,54,157,38183732,12689821,465544,,12224277,7698466
2023-02-21,912,25,14,107,38184644,12689651,465553,,12224098,7698396
2023-02-22,4134,131,212,369,38188778,12689580,465467,,12224113,7698597
2023-02-23,4279,163,231,390,38193057,12689507,465392,,12224115,7698780
2023-02-24,3031,138,229,273,38196088,12689444,465297,,12224147,7698870
2023-02-25,5024,214,540,386,38201112,12689443,464970,,12224473,7699075
2023-02-26,3472,146,681,384,38204584,12689375,464433,,12224942,7699275
2023-02-27,1074,37,57,97,38205658,12689214,464410,,12224804,7699207
2023-02-28,2728,99,163,232,38208386,12689070,464344,,12224726,7699219
2023-03-01,3848,138,428,333,38212234,12688956,464052,,12224904,7699321
2023-03-02,4588,158,494,328,38216822,12688866,463710,,12225156,7699439
2023-03-03,4367,160,357,333,38221189,12688803,463511,,12225292,7699568
2023-03-04,4966,207,623,350,38226155,12688794,463093,,12225701,7699726
2023-03-05,2532,110,449,251,38228687,12688674,462753,,12225921,7699773
2023-03-06,1156,48,37,114,38229843,12688514,462762,,12225752,7699705
2023-03-07,3216,87,172,223,38233059,12688340,462674,,12225666,7699709
2023-03-08,4314,133,412,283,38237373,12688237,462394,,12225843,7699779
2023-03-09,4613,173,453,312,38241986,12688177,462109,,12226068,7699893
2023-03-10,3940,101,138,254,38245926,12688075,462070,,12226005,7699970
2023-03-11,4064,140,171,285,38249990,12688022,462036,,12225986,7700080
2023-03-12,2883,109,234,301,38252873,12687911,461906,,12226005,7700184
2023-03-13,862,30,32,105,38253735,12687748,461902,,12225846,7700120
2023-03-14,3078,102,109,256,38256813,12687635,461895,,12225740,7700190
2023-03-15,4099,141,163,310,38260912,12687575,461873,,12225702,7700320
2023-03-16,4017,175,234,277,38264929,12687491,461810,,12225681,7700380
2023-03-17,4290,170,202,308,38269219,12687413,461774,,12225639,7700464
2023-03-18,4361,145,194,297,38273580,12687330,461725,,12225605,7700556
2023-03-19,2722,129,233,255,38276302,12687287,461621,,12225666,7700652
2023-03-20,774,31,19,74,38277076,12687099,461633,,12225466,7700535
2023-03-21,2892,70,84,199,38279968,12686953,461615,,12225338,7700547
2023-03-22,3893,130,132,248,38283861,12686870,461610,,12225260,7700605
2023-03-23,3807,119,171,224,38287668,12686770,461553,,12225217,7700639
2023-03-24,3690,102,115,237,38291358,12686679,461539,,12225140,7700708
2023-03-25,4270,108,171,249,38295628,12686579,461471,,12225108,7700777
2023-03-26,2472,114,212,200,38298100,12686508,461370,,12225138,7700813
2023-03-27,915,48,32,68,38299015,12686391,461386,,12225005,7700736
2023-03-28,3102,86,78,202,38302117,12686268,461388,,12224880,7700754
2023-03-29,4167,128,136,221,38306284,12686178,461377,,12224801,7700782
2023-03-30,3838,108,164,211,38310122,12686090,461321,,12224769,7700812
2023-03-31,3979,141,109,220,38314101,12686024,461352,,12224672,7700852
2023-04-01,4187,136,146,225,38318288,12685969,461341,,12224628,7700910
2023-04-02,2180,58,122,173,38320468,12685802,461273,,12224529,7700886
2023-04-03,779,24,12,54,38321247,12685633,461284,,12224349,7700772
2023-04-04,3403,74,73,168,38324650,12685518,461284,,12224234,7700765
2023-04-05,4355,95,107,247,38329005,12685413,461270,,12224143,7700842
2023-04-06,3695,108,108,188,38332700,12685339,461269,,12224070,7700863
2023-04-07,4595,105,115,242,38337295,12685238,461256,,12223982,7700929
2023-04-08,833,22,11,54,38338128,12685085,461263,,12223822,7700835
2023-04-09,2437,83,103,159,38340565,12685020,461241,,12223779,7700865
2023-04-10,360,9,6,20,38340925,12684865,461238,,12223627,7700751
2023-04-11,2771,35,28,120,38343696,12684687,461244,,12223443,7700679
2023-04-12,6339,104,96,187,38350035,12684624,461250,,12223374,7700723
2023-04-13,6994,105,128,207,38357029,12684547,461224,,12223323,7700766
2023-04-14,6511,89,102,205,38363540,12684461,461208,,12223253,7700818
2023-04-15,6943,107,149,229,38370483,12684395,461165,,12223230,7700897
2023-04-16,3267,85,144,165,38373750,12684300,461105,,12223195,7700904
2023-04-17,863,12,13,49,38374613,12684162,461103,,12223059,7700821
2023-04-18,4772,101,77,160,38379385,12684094,461126,,12222968,7700831
2023-04-19,6562,118,98,176,38385947,12684047,461145,,12222902,7700859
2023-04-20,6331,99,151,208,38392278,12683987,461092,,12222895,7700924
2023-04-21,5767,85,73,133,38398045,12683901,461102,,12222799,7700908
2023-04-22,6384,92,91,180,38404429,12683839,461101,,12222738,7700962
2023-04-23,3297,119,147,171,38407726,12683816,461073,,12222743,7701006
2023-04-24,953,4,12,58,38408679,12683684,461064,,12222620,7700955
2023-04-25,4804,69,70,186,38413483,12683592,461063,,12222529,7700996
2023-04-26,6564,109,93,207,38420047,12683561,461079,,12222482,7701077
2023-04-27,6872,120,152,206,38426919,12683525,461045,,12222480,7701143
2023-04-28,6586,86,86,184,38433505,12683456,461044,,12222412,7701186
2023-04-29,6509,124,109,195,38440014,12683444,461058,,12222386,7701263
2023-04-30,2634,95,127,144,38442648,12683409,461026,,12222383,7701287
2023-05-01,1028,20,17,29,38443676,12683292,461027,,12222265,7701197
2023-05-02,4287,69,55,105,38447963,12683221,461039,,12222182,7701178
2023-05-03,5586,108,107,175,38453549,12683200,461039,,12222161,7701241
2023-05-04,8072,88,85,133,38461621,12683160,461041,,12222119,7701263
2023-05-05,13018,90,98,168,38474639,12683126,461033,,12222093,7701316
2023-05-06,15612,115,94,152,38490251,12683134,461054,,12222080,7701368
2023-05-07,6056,58,96,104,38496307,12683080,461013,,12222067,7701373
2023-05-08,2165,16,4,37,38498472,12682992,461023,,12221969,7701319
2023-05-09,12492,56,49,125,38510964,12682935,461027,,12221908,7701350
2023-05-10,14681,72,78,157,38525645,12682906,461020,,12221886,7701413
2023-05-11,13242,77,71,153,38538887,12682914,461026,,12221888,7701507
2023-05-12,13329,87,76,174,38552216,12682927,461036,,12221891,7701612
2023-05-13,11402,80,76,145,38563618,12682903,461040,,12221863,7701661
2023-05-14,4179,71,94,92,38567797,12682892,461016,,12221876,7701684
2023-05-15,1051,10,6,37,38568848,12682825,461018,,12221807,7701658
2023-05-16,8882,58,47,92,38577730,12682802,461027,,12221775,7701677
2023-05-17,11009,100,81,140,38588739,12682835,461045,,12221790,7701756
2023-05-18,10762,86,68,143,38599501,12682879,461063,,12221816,7701860
2023-05-19,10323,95,95,151,38609824,12682938,461062,,12221876,7701978
2023-05-20,9131,99,86,153,38618955,12683029,461075,,12221954,7702125
2023-05-21,3017,50,86,95,38621972,12683079,461039,,12222040,7702220
2023-05-22,944,14,10,26,38622916,12683093,461043,,12222050,7702246
2023-05-23,715,7,3,16,38623631,12683100,461047,,12222053,7702262
2023-05-24,7759,61,79,102,38631390,12683159,461029,,12222130,7702362
2023-05-25,8654,77,88,144,38640044,12683236,461018,,12222218,7702506
