"report_date","previous_day_total_doses_administered","previous_day_at_least_one","previous_day_fully_vaccinated","previous_day_3doses","total_doses_administered","total_individuals_at_least_one","total_individuals_partially_vaccinated","total_doses_in_fully_vaccinated_individuals","total_individuals_fully_vaccinated","total_individuals_3doses"
2021-01-01,6251,6241,2,,32199,32144,32133,22,11,
2021-01-02,4613,4601,6,,36812,36693,36680,26,13,
2021-01-03,5395,5388,3,,42207,42081,42065,32,16,
2021-01-04,5995,5993,0,,48202,48073,48058,30,15,
2021-01-05,9684,9659,20,,57886,57730,57696,68,34,
2021-01-06,12793,12328,450,,70679,70054,69574,960,480,
2021-01-07,16218,15507,697,,86897,85560,84383,2354,1177,
2021-01-08,18037,17022,1002,,104934,102582,100403,4358,2179,
2021-01-09,19500,18423,1064,,124434,121004,117761,6486,3243,
2021-01-10,11372,11332,38,,135806,132327,129047,6560,3280,
2021-01-11,11710,11660,48,,147516,143987,140659,6656,3328,
2021-01-12,14467,14160,298,,161983,158139,154513,7252,3626,
2021-01-13,15436,13813,1593,,177419,171938,166721,10434,5217,
2021-01-14,19188,16737,2436,,196607,188669,181017,15304,7652,
2021-01-15,20067,18009,2038,,216674,206667,196977,19380,9690,
2021-01-16,17117,15934,1170,,233791,222585,211725,21720,10860,
2021-01-17,11259,10015,1237,,245050,232585,220490,24190,12095,
2021-01-18,6794,6712,72,,251844,239274,227110,24328,12164,
2021-01-19,11828,9720,2094,,263672,248973,234715,28516,14258,
2021-01-20,10801,7212,3572,,274473,256162,238333,35658,17829,
2021-01-21,10973,6854,4091,,285446,263000,241080,43840,21920,
2021-01-22,9039,4321,4698,,294485,267284,240668,53232,26616,
2021-01-23,7456,3040,4388,,301941,270294,239291,62006,31003,
2021-01-24,4385,1828,2536,,306326,272104,238565,67078,33539,
2021-01-25,5321,1048,4264,,311647,273120,235318,75604,37802,
2021-01-26,9391,2867,6496,,321038,275955,231658,88594,44297,
2021-01-27,9895,2863,7004,,330933,278789,227489,102600,51300,
2021-01-28,13112,5735,7335,,344045,284491,225856,117270,58635,
2021-01-29,10694,3281,7379,,354739,287741,221728,132026,66013,
2021-01-30,9188,2728,6423,,363927,290427,217994,144866,72433,
2021-01-31,3379,1566,1768,,367306,291959,217759,148400,74200,
2021-02-01,2122,485,1609,,369428,292410,216605,151610,75805,
2021-02-02,4410,1357,2995,,373838,293729,214933,157592,78796,
2021-02-03,6235,1715,4458,,380073,295403,212156,166494,83247,
2021-02-04,9079,1709,7291,,389152,297069,206537,181064,90532,
2021-02-05,8442,1466,6903,,397594,298495,201066,194858,97429,
2021-02-06,10664,1868,8736,,408258,300308,194152,212312,106156,
2021-02-07,7574,1729,5796,,415832,301997,190057,223880,111940,
2021-02-08,8218,3095,5080,,424050,305044,188037,234014,117007,
2021-02-09,15006,3856,11082,,439056,308858,180785,256146,128073,
2021-02-10,15505,4926,10518,,454561,313732,175166,277132,138566,
2021-02-11,16366,3898,12410,,470927,317578,166633,301890,150945,
2021-02-12,17670,2098,15522,,488597,319637,153190,332894,166447,
2021-02-13,16209,2443,13751,,504806,322035,141856,360358,180179,
2021-02-14,12878,921,11925,,517684,322908,130834,384148,192074,
2021-02-15,7861,485,7328,,525545,323345,123969,398752,199376,
2021-02-16,5992,1040,4902,,531537,324342,120087,408510,204255,
2021-02-17,10166,1609,8523,,541703,325907,113157,425500,212750,
2021-02-18,13867,2953,10870,,555570,328812,105222,447180,223590,
2021-02-19,18488,6213,12208,,574058,334973,99206,471534,235767,
2021-02-20,22626,11130,11444,,596684,346040,98867,494346,247173,
2021-02-21,17235,10379,6822,,613919,356359,102406,507906,253953,
2021-02-22,13585,8759,4774,,627504,365049,106371,517356,258678,
2021-02-23,17862,11124,6667,,645366,376117,110808,530618,265309,
2021-02-24,18574,13610,4883,,663940,389671,119521,540300,270150,
2021-02-25,20807,16487,4263,,684747,406092,131727,548730,274365,
2021-02-26,24893,21831,3001,,709640,427863,150534,554658,277329,
2021-02-27,27459,23579,3838,,737099,451378,170259,562238,281119,
2021-02-28,20580,19140,1405,,757679,470464,187982,564964,282482,
2021-03-01,18221,17025,1148,,775900,487427,203844,567166,283583,
2021-03-02,24681,22272,2324,,800581,509638,223777,571722,285861,
2021-03-03,30595,27965,2577,,831176,537552,249147,576810,288405,
2021-03-04,34689,32459,2145,,865865,569945,279445,581000,290500,
2021-03-05,39995,38163,1783,,905860,608060,315811,584498,292249,
2021-03-06,44147,41942,2167,,950007,649947,355572,588750,294375,
2021-03-07,32732,31553,1175,,982739,681426,385934,590984,295492,
2021-03-08,24037,22162,1861,,1006776,703520,406221,594598,297299,
2021-03-09,33289,29840,3421,,1040065,733294,432620,601348,300674,
2021-03-10,38333,34073,4215,,1078398,767293,462452,609682,304841,
2021-03-11,43976,40704,3233,,1122374,807931,499909,616044,308022,
2021-03-12,47710,45998,1689,,1170084,853865,544204,619322,309661,
2021-03-13,57922,55047,2848,,1228006,908841,596386,624910,312455,
2021-03-14,43415,42177,1220,,1271421,950935,637328,627214,313607,
2021-03-15,32808,31110,1682,,1304229,981986,666740,630492,315246,
2021-03-16,53950,51653,2280,,1358179,1033574,716091,634966,317483,
2021-03-17,61057,58518,2496,,1419236,1092026,772097,639858,319929,
2021-03-18,61542,59085,2429,,1480778,1151039,828734,644610,322305,
2021-03-19,64467,61139,3273,,1545245,1212100,886575,651050,325525,
2021-03-20,62562,59974,2557,,1607807,1272018,943984,656068,328034,
2021-03-21,43992,42471,1535,,1651799,1314424,984892,659064,329532,
2021-03-22,30998,30033,976,,1682797,1344369,1013917,660904,330452,
2021-03-23,54616,51843,2722,,1737413,1396117,1063006,666222,333111,
2021-03-24,76428,73247,3133,,1813841,1469274,1133087,672374,336187,
2021-03-25,82906,80326,2533,,1896747,1549521,1210858,677326,338663,
2021-03-26,87004,83474,3490,,1983751,1632914,1290813,684202,342101,
2021-03-27,80843,77893,2866,,2064594,1710704,1365802,689804,344902,
2021-03-28,66984,65395,1554,,2131578,1776009,1429610,692798,346399,
2021-03-29,51733,49045,2651,,2183311,1824974,1475970,698008,349004,
2021-03-30,73577,70168,3349,,2256888,1895065,1542753,704624,352312,
2021-03-31,93147,89497,3583,,2350035,1984464,1628622,711684,355842,
2021-04-01,89311,85433,3839,,2439346,2069799,1710171,719256,359628,
2021-04-02,93080,88857,4207,,2532426,2158570,1794787,727566,363783,
2021-04-03,61005,59327,1735,,2593431,2217806,1852339,730934,365467,
2021-04-04,72327,70674,1650,,2665758,2288369,1921310,734118,367059,
2021-04-05,53726,53256,470,,2719484,2341541,1974060,734962,367481,
2021-04-06,79577,77710,1886,,2799061,2419149,2049836,738626,369313,
2021-04-07,107999,104935,3054,,2907060,2523959,2151650,744618,372309,
2021-04-08,114071,110104,4022,,3021131,2633952,2257677,752550,376275,
2021-04-09,109840,105617,4296,,3130971,2739451,2358945,761012,380506,
2021-04-10,109234,105474,3851,,3240205,2844797,2460506,768582,384291,
2021-04-11,98620,95505,3258,,3338825,2940177,2552687,774980,387490,
2021-04-12,76064,75001,1156,,3414889,3015030,2626452,777156,388578,
2021-04-13,99469,96088,3399,,3514358,3111009,2719080,783858,391929,
2021-04-14,117045,113281,3650,,3631403,3224172,2828633,791078,395539,
2021-04-15,113557,109502,3897,,3744960,3333548,2934169,798758,399379,
2021-04-16,118084,113711,4193,,3863044,3447149,3043621,807056,403528,
2021-04-17,112409,107822,4447,,3975453,3554837,3146921,815832,407916,
2021-04-18,88740,86504,2102,,4064193,3641218,3231254,819928,409964,
2021-04-19,68970,67440,1451,,4133163,3708528,3297164,822728,411364,
2021-04-20,102087,98765,3117,,4235250,3807131,3392715,828832,414416,
2021-04-21,142032,137758,4038,,4377282,3944715,3526329,836772,418386,
2021-04-22,139492,135346,3906,,4516774,4079932,3657696,844472,422236,
2021-04-23,138206,131794,6166,,4654980,4211572,3783228,856688,428344,
2021-04-24,130282,126223,3885,,4785262,4337647,3905474,864346,432173,
2021-04-25,102013,98603,3179,,4887275,4436102,4000817,870570,435285,
2021-04-26,70999,69295,1556,,4958274,4505266,4068485,873562,436781,
2021-04-27,98497,95419,2888,,5056771,4600524,4160918,879212,439606,
2021-04-28,120572,115950,4431,,5177343,4716306,4272341,887930,443965,
2021-04-29,124480,119287,5045,,5301823,4835426,4386485,897882,448941,
2021-04-30,115812,110560,5011,,5417635,4945813,4491938,907750,453875,
2021-05-01,111290,107428,3646,,5528925,5053060,4595616,914888,457444,
2021-05-02,79135,76162,2860,,5608060,5129065,4668827,920476,460238,
2021-05-03,56789,55121,1595,,5664849,5184031,4722258,923546,461773,
2021-05-04,91919,88552,3281,,5756768,5272405,4807428,929954,464977,
2021-05-05,137989,133285,4620,,5894757,5405521,4935987,939068,469534,
2021-05-06,141830,136878,4815,,6036587,5542215,5067928,948574,474287,
2021-05-07,150278,145241,4833,,6186865,5687296,5208235,958122,479061,
2021-05-08,142450,137766,4435,,6329315,5824867,5341450,966834,483417,
2021-05-09,124800,121153,3478,,6454115,5945856,5459025,973662,486831,
2021-05-10,97802,95818,1879,,6551917,6041485,5552842,977286,488643,
2021-05-11,113527,108854,4490,,6665444,6150137,5657075,986124,493062,
2021-05-12,145037,138013,6877,,6810481,6287971,5788098,999746,499873,
2021-05-13,142700,135312,7235,,6953181,6423108,5916074,1014068,507034,
2021-05-14,148858,138770,9918,,7102039,6561690,6044803,1033774,516887,
2021-05-15,159727,149685,9863,,7261766,6711188,6184513,1053350,526675,
2021-05-16,144356,136090,8060,,7406122,6847110,6312455,1069310,534655,
2021-05-17,114972,110877,3942,,7521094,6957798,6419277,1077042,538521,
2021-05-18,111328,100461,10665,,7632422,7058063,6508939,1098248,549124,
2021-05-19,149873,133464,16232,,7782295,7191375,6626093,1130564,565282,
2021-05-20,151562,131573,19774,,7933857,7322759,6737772,1169974,584987,
2021-05-21,165379,140878,24243,,8099236,7463456,6854303,1218306,609153,
2021-05-22,199429,172237,26964,,8298665,7635496,6999460,1272072,636036,
2021-05-23,139818,127450,12223,,8438483,7762768,7114571,1296394,648197,
2021-05-24,100294,93323,6826,,8538777,7855918,7200965,1309906,654953,
2021-05-25,90456,82973,7274,,8629233,7938728,7276568,1324320,662160,
2021-05-26,139775,113008,26503,,8769008,8051549,7362956,1377186,688593,
2021-05-27,152052,123035,28764,,8921060,8174427,7457139,1434576,717288,
2021-05-28,163859,132305,31248,,9084919,8306559,7558082,1496954,748477,
2021-05-29,153377,117117,36027,,9238296,8423526,7639078,1568896,784448,
2021-05-30,149716,119010,30479,,9388012,8542366,7727501,1629730,814865,
2021-05-31,99212,79818,19201,,9487224,8622014,7788012,1668004,834002,
2021-06-01,124187,90603,33248,,9611411,8712422,7845247,1734350,867175,
2021-06-02,145309,102148,42911,,9756720,8814389,7904372,1820034,910017,
2021-06-03,155360,99908,55174,,9912080,8914112,7948992,1930240,965120,
2021-06-04,181708,115527,65909,,10093788,9029440,7998499,2061882,1030941,
2021-06-05,172017,103430,68307,,10265805,9132672,8033509,2198326,1099163,
2021-06-06,163385,91862,71243,,10429190,9224356,8054020,2340672,1170336,
2021-06-07,119554,63049,56288,,10548744,9287208,8060659,2453098,1226549,
2021-06-08,161887,72445,89003,,10710631,9359464,8043992,2630944,1315472,
2021-06-09,181462,70805,110188,,10892093,9430092,8004513,2851158,1425579,
2021-06-10,185571,66419,118663,,11077664,9496308,7952157,3088302,1544151,
2021-06-11,204778,67512,136512,,11282442,9563634,7883053,3361162,1680581,
2021-06-12,199723,62670,136454,,11482165,9626122,7809179,3633886,1816943,
2021-06-13,190325,58879,130916,,11672490,9684826,7737047,3895558,1947779,
2021-06-14,137684,38692,98593,,11810174,9723322,7677055,4092534,2046267,
2021-06-15,189532,42614,146564,,11999706,9765718,7572984,4385468,2192734,
2021-06-16,206243,42431,163171,,12205949,9807953,7452151,4711604,2355802,
2021-06-17,210448,37931,171934,,12416397,9845669,7318025,5055288,2527644,
2021-06-18,217180,35352,181225,,12633577,9880831,7172054,5417554,2708777,
2021-06-19,215882,35492,179718,,12849459,9916117,7027734,5776766,2888383,
2021-06-20,186265,35564,150124,,13035724,9951483,6913084,6076798,3038399,
2021-06-21,120427,20825,99101,,13156151,9972113,6834705,6274816,3137408,
2021-06-22,204928,27509,176662,,13361079,9999428,6685467,6627922,3313961,
2021-06-23,230524,28627,201157,,13591603,10027855,6512845,7030020,3515010,
2021-06-24,227685,26670,200260,,13819288,10054329,6339169,7430320,3715160,
2021-06-25,251105,27981,222376,,14070393,10082109,6144691,7874836,3937418,
2021-06-26,261288,30002,230584,,14331681,10111886,5944024,8335724,4167862,
2021-06-27,204992,27783,176604,,14536673,10139487,5795131,8688712,4344356,
2021-06-28,199246,20953,177729,,14735919,10160242,5638282,9043920,4521960,
2021-06-29,250108,24493,224883,,14986027,10184494,5437805,9493378,4746689,
2021-06-30,275531,24172,250792,,15261558,10208463,5211111,9994704,4997352,
2021-07-01,271964,25305,246105,,15533522,10233550,4990232,10486636,5243318,
2021-07-02,144722,11588,132907,,15678244,10244964,4868841,10752246,5376123,
2021-07-03,216892,19928,196733,,15895136,10264670,4691963,11145414,5572707,
2021-07-04,196184,19423,176538,,16091320,10283906,4534781,11498250,5749125,
2021-07-05,148717,12440,136134,,16240037,10296156,4411025,11770262,5885131,
2021-07-06,220029,19991,199823,,16460066,10315931,4231123,12169616,6084808,
2021-07-07,246609,22966,223402,,16706675,10338671,4030609,12616124,6308062,
2021-07-08,231201,21352,209638,,16937876,10359817,3842252,13035130,6517565,
2021-07-09,226994,21509,205316,,17164870,10381124,3658375,13445498,6722749,
2021-07-10,209055,20535,188364,,17373925,10401455,3490479,13821952,6910976,
2021-07-11,171672,17579,153966,,17545597,10418833,3354038,14129590,7064795,
2021-07-12,123133,11445,111591,,17668730,10430089,3253840,14352498,7176249,
2021-07-13,178502,19026,159333,,17847232,10448893,3113466,14670854,7335427,
2021-07-14,180035,19301,160577,,18027267,10467979,2972138,14991682,7495841,
2021-07-15,167194,19584,147437,,18194461,10487352,2844238,15286228,7643114,
2021-07-16,169342,19896,149293,,18363803,10507046,2714792,15584508,7792254,
2021-07-17,173004,20261,152614,,18536807,10527058,2582382,15889352,7944676,
2021-07-18,133625,15929,117559,,18670432,10542803,2480716,16124174,8062087,
2021-07-19,91979,10416,81455,,18762411,10553006,2409639,16286734,8143367,
2021-07-20,133533,16945,116529,,18895944,10569711,2309991,16519440,8259720,
2021-07-21,140082,16982,123028,,19036026,10586478,2203892,16765172,8382586,
2021-07-22,125602,17636,107828,,19161628,10603890,2113653,16980474,8490237,
2021-07-23,120263,16988,103068,,19281891,10620637,2027531,17186212,8593106,
2021-07-24,126691,18330,108121,,19408582,10638764,1937700,17402128,8701064,
2021-07-25,103630,14859,88642,,19512212,10653399,1863874,17579050,8789525,
2021-07-26,66682,9885,56705,,19578894,10663066,1817017,17692098,8846049,
2021-07-27,92375,15314,76897,,19671269,10678119,1755390,17845458,8922729,
2021-07-28,93938,16462,77403,,19765207,10694346,1694405,17999882,8999941,
2021-07-29,89391,16700,72528,,19854598,10710814,1638533,18144562,9072281,
2021-07-30,84059,16103,67841,,19938657,10726689,1586755,18279868,9139934,
2021-07-31,83840,15712,67977,,20022497,10742183,1534462,18415442,9207721,
2021-08-01,61863,11315,50366,,20084360,10753272,1495376,18515792,9257896,
2021-08-02,42484,7412,34954,,20126844,10760486,1467802,18585368,9292684,
2021-08-03,33288,5953,27164,,20160132,10766206,1446568,18639276,9319638,
2021-08-04,61311,12368,48753,,20221443,10778339,1410146,18736386,9368193,
2021-08-05,59451,12542,46756,,20280894,10790673,1375888,18829570,9414785,
2021-08-06,56013,11853,43945,,20336907,10802266,1343765,18917002,9458501,
2021-08-07,62367,12132,50041,,20399274,10814137,1305813,19016648,9508324,
2021-08-08,48678,9268,39222,,20447952,10823177,1275836,19094682,9547341,
2021-08-09,30853,5935,24740,,20478805,10828898,1257004,19143788,9571894,
2021-08-10,49250,10505,38443,,20528055,10839123,1229032,19220182,9610091,
2021-08-11,48717,10763,37707,,20576772,10849639,1202057,19295164,9647582,
2021-08-12,49240,11192,37818,,20626012,10860580,1175389,19370382,9685191,
2021-08-13,49617,11725,37616,,20675629,10872064,1149468,19445192,9722596,
2021-08-14,51216,12130,38875,,20726845,10883944,1122697,19522494,9761247,
2021-08-15,41758,9846,31689,,20768603,10893588,1100824,19585528,9792764,
2021-08-16,26730,6178,20400,,20795333,10899543,1086576,19625934,9812967,
2021-08-17,40497,11054,29178,,20835830,10910347,1068428,19683838,9841919,
2021-08-18,41885,11964,29679,,20877715,10922069,1050681,19742776,9871388,
2021-08-19,45887,16529,29096,,20923602,10938347,1038086,19800522,9900261,
2021-08-20,46433,16284,29734,,20970035,10954375,1024609,19859532,9929766,
2021-08-21,47946,15140,32438,,21017981,10969255,1007278,19923954,9961977,
2021-08-22,34382,10802,23312,,21052363,10979811,994744,19970134,9985067,
2021-08-23,23218,7003,15999,,21075581,10986579,985727,20001704,10000852,
2021-08-24,37648,13374,23819,,21113229,10999699,975259,20048880,10024440,
2021-08-25,41334,14413,26311,,21154563,11013856,963342,20101028,10050514,
2021-08-26,39261,13551,24968,,21193824,11027131,951890,20150482,10075241,
2021-08-27,37665,12934,23687,,21231489,11039824,941110,20197428,10098714,
2021-08-28,40112,13420,25515,,21271601,11052965,928991,20247948,10123974,
2021-08-29,30547,10248,19940,,21302148,11062981,919280,20287402,10143701,
2021-08-30,18231,6138,11843,,21320379,11068871,913546,20310650,10155325,
2021-08-31,32707,11936,19620,,21353086,11080539,905834,20349410,10174705,
2021-09-01,36236,12939,21952,,21389322,11093245,896805,20392880,10196440,
2021-09-02,37769,15641,19663,,21427091,11108634,892758,20431752,10215876,
2021-09-03,46872,21087,22436,,21473963,11129472,891390,20476164,10238082,
2021-09-04,46870,20584,24771,,21520833,11149810,887180,20525260,10262630,
2021-09-05,33064,14200,18573,,21553897,11163766,882787,20561958,10280979,
2021-09-06,21709,9487,12030,,21575606,11173004,880227,20585554,10292777,
2021-09-07,15005,6727,8094,,21590611,11179474,878843,20601262,10300631,
2021-09-08,41138,17112,20930,,21631749,11196322,875007,20642630,10321315,
2021-09-09,41442,16972,19674,,21673191,11213017,872280,20681474,10340737,
2021-09-10,39636,15505,18999,,21712827,11228260,868768,20718984,10359492,
2021-09-11,42369,15930,23335,,21755196,11243911,861342,20765138,10382569,
2021-09-12,29961,11529,17865,,21785157,11255146,854976,20800340,10400170,
2021-09-13,16086,6406,9183,,21801243,11261318,852184,20818268,10409134,
2021-09-14,29897,11554,15287,,21831140,11272570,848424,20848292,10424146,
2021-09-15,39271,14020,19417,,21870411,11286331,843012,20886638,10443319,
2021-09-16,39340,13982,19243,,21909751,11300078,837728,20924700,10462350,
2021-09-17,38920,13609,19331,,21948671,11313444,831994,20962900,10481450,
2021-09-18,41236,14079,23533,,21989907,11327250,822519,21009462,10504731,
2021-09-19,30652,10826,18977,,22020559,11337817,814355,21046924,10523462,
2021-09-20,16729,6098,10176,,22037288,11343661,810254,21066814,10533407,
2021-09-21,31355,11213,16987,,22068643,11354609,804464,21100290,10550145,
2021-09-22,41809,14812,22927,,22110452,11369125,796328,21145594,10572797,
2021-09-23,47225,16136,26029,,22157677,11384998,786416,21197164,10598582,
2021-09-24,46295,15627,26645,,22203972,11400364,775379,21249970,10624985,
2021-09-25,48189,15251,29945,,22252161,11415362,760666,21309392,10654696,
2021-09-26,37492,12417,24482,,22289653,11427504,748580,21357848,10678924,
2021-09-27,19152,6529,12317,,22308805,11433779,742776,21382006,10691003,
2021-09-28,30952,11292,17877,,22339757,11444812,736179,21417266,10708633,
2021-09-29,37884,12474,21725,,22377641,11457015,726908,21460214,10730107,
2021-09-30,37330,11650,21369,,22414971,11468406,717170,21502472,10751236,
2021-10-01,30871,9809,18408,,22445842,11477989,708558,21538862,10769431,
2021-10-02,37131,11155,23582,,22482973,11488874,696113,21585522,10792761,
2021-10-03,27201,8161,18323,,22510174,11496794,685938,21621712,10810856,
2021-10-04,14866,4746,9801,,22525040,11501294,680865,21640858,10820429,
2021-10-05,26820,8592,15869,,22551860,11509625,673573,21672104,10836052,
2021-10-06,31656,9636,18505,,22583516,11519002,664696,21708612,10854306,
2021-10-07,30342,9393,17116,,22613858,11528144,656960,21742368,10871184,
2021-10-08,32832,10739,18848,,22646690,11538613,648838,21779550,10889775,
2021-10-09,34132,10659,21012,,22680822,11549009,638471,21821076,10910538,
2021-10-10,23404,7658,15080,,22704226,11556416,631037,21850758,10925379,
2021-10-11,12001,3839,7863,,22716227,11560005,626997,21866016,10933008,
2021-10-12,5105,1625,3263,,22721332,11561352,625344,21872016,10936008,
2021-10-13,29101,9189,18082,,22750433,11570251,616435,21907632,10953816,
2021-10-14,29006,8903,17742,,22779439,11578879,607586,21942586,10971293,
2021-10-15,29092,8826,18166,,22808531,11587442,598233,21978418,10989209,
2021-10-16,31135,8985,19868,,22839666,11596136,587338,22017596,11008798,
2021-10-17,23699,7259,15368,,22863365,11603141,579216,22047850,11023925,
2021-10-18,12305,3747,8146,,22875670,11606607,574805,22063604,11031802,
2021-10-19,21264,6623,12628,,22896934,11612948,568787,22088322,11044161,
2021-10-20,25663,7539,14917,,22922597,11620240,561396,22117688,11058844,
2021-10-21,23172,6680,13027,,22945769,11626651,555038,22143226,11071613,
2021-10-22,26113,7310,15109,,22971882,11633638,547223,22172830,11086415,
2021-10-23,28168,7604,17150,,23000050,11640980,537670,22206620,11103310,
2021-10-24,19345,5727,12596,,23019395,11646451,530789,22231324,11115662,
2021-10-25,9927,2709,6474,,23029322,11648891,527016,22243750,11121875,
2021-10-26,18903,5387,11096,,23048225,11654000,521298,22265404,11132702,
2021-10-27,22847,6077,13207,,23071072,11659822,514154,22291336,11145668,
2021-10-28,22302,5791,12643,,23093374,11665325,507291,22316068,11158034,
2021-10-29,22807,5731,13045,,23116181,11670754,499962,22341584,11170792,
2021-10-30,24104,6039,14610,,23140285,11676521,491379,22370284,11185142,
2021-10-31,16474,4594,10596,,23156759,11680821,485372,22390898,11195449,
2021-11-01,7867,2081,5053,,23164626,11682622,482387,22400470,11200235,
2021-11-02,15619,4362,7743,,23180245,11686693,478995,22415396,11207698,
2021-11-03,18620,5066,9602,,23198865,11691456,474449,22434014,11217007,
2021-11-04,19504,4874,10031,,23218369,11696054,469277,22453554,11226777,
2021-11-05,21460,4403,9518,,23239829,11700168,464148,22472040,11236020,
2021-11-06,25330,5205,12154,,23265159,11705104,457182,22495844,11247922,
2021-11-07,21445,4024,8919,,23286604,11708847,452275,22513144,11256572,
2021-11-08,11989,2110,4730,,23298593,11710662,449639,22522046,11261023,
2021-11-09,24119,3850,7645,,23322712,11714191,445834,22536714,11268357,
2021-11-10,28472,4508,8992,,23351184,11718422,441336,22554172,11277086,
2021-11-11,28753,4304,9094,,23379937,11722430,436537,22571786,11285893,
2021-11-12,26737,4162,8235,,23406674,11726301,432450,22587702,11293851,
2021-11-13,34305,5080,11407,,23440979,11731075,426114,22609922,11304961,
2021-11-14,23217,3897,8604,,23464196,11734709,421400,22626618,11313309,
2021-11-15,12700,2184,4494,,23476896,11736633,419082,22635102,11317551,
2021-11-16,26169,3928,7478,,23503065,11740305,415528,22649554,11324777,
2021-11-17,31160,4046,7812,,23534225,11744069,411752,22664634,11332317,
2021-11-18,32497,3865,7521,,23566722,11747628,408082,22679092,11339546,
2021-11-19,35465,3859,7750,,23602187,11751186,404179,22694014,11347007,
2021-11-20,40109,4381,8815,,23642296,11755287,399736,22711102,11355551,
2021-11-21,28114,3434,6945,,23670410,11758459,396211,22724496,11362248,
2021-11-22,14896,1950,3892,,23685306,11760133,394263,22731740,11365870,
2021-11-23,33046,3273,6007,,23718352,11763126,391521,22743210,11371605,
2021-11-24,42643,3753,6799,,23760995,11766575,388464,22756222,11378111,
2021-11-25,46034,3931,6567,,23807029,11770231,385825,22768812,11384406,
2021-11-26,52858,11345,6611,,23859887,11781306,390552,22781508,11390754,
2021-11-27,63509,22351,7031,,23923396,11803376,405862,22795028,11397514,
2021-11-28,51451,27739,5310,,23974847,11830823,428279,22805088,11402544,
2021-11-29,33525,18933,2880,,24008372,11849495,444321,22810348,11405174,
2021-11-30,56019,20679,5126,,24064391,11869893,459864,22820058,11410029,
2021-12-01,69536,26242,5633,,24133927,11895829,480459,22830740,11415370,
2021-12-02,71626,26486,5035,,24205553,11922017,501897,22840240,11420120,
2021-12-03,73415,25095,5167,,24278968,11946816,521819,22849994,11424997,
2021-12-04,81145,27784,6065,47276,24360113,11974307,543529,,11430778,807625
2021-12-05,62621,31926,4406,26268,24422734,12005938,571041,,11434897,833789
2021-12-06,38623,19141,2711,16755,24461357,12024790,587464,,11437326,850466
2021-12-07,60279,14850,4470,40946,24521636,12039368,597834,,11441534,891338
2021-12-08,73444,19055,4677,49709,24595080,12058146,612202,,11445944,940969
2021-12-09,74493,18273,4341,51859,24669573,12076110,626126,,11449984,992743
2021-12-10,77491,17588,4654,55240,24747064,12093417,639055,,11454362,1047902
2021-12-11,83174,20403,5825,56934,24830238,12113531,653619,,11459912,1104750
2021-12-12,60750,22696,4155,33856,24890988,12135947,672154,,11463793,1138517
2021-12-13,34931,11603,2408,20897,24925919,12147253,681339,,11465914,1159319
2021-12-14,101969,9000,3860,89066,25027888,12155942,686464,,11469478,1248265
2021-12-15,127688,12427,4508,110715,25155576,12168065,694373,,11473692,1358880
2021-12-16,139351,12458,4249,122628,25294927,12180237,702572,,11477665,1481409
2021-12-17,159163,12401,4516,142224,25454090,12192363,710448,,11481915,1623536
2021-12-18,175584,13523,4922,157093,25629674,12205592,719037,,11486555,1780534
2021-12-19,140435,18158,3929,118311,25770109,12223449,733258,,11490191,1898734
2021-12-20,106820,10304,2745,93724,25876929,12233485,740807,,11492678,1992360
2021-12-21,215380,12963,4312,198083,26092309,12246132,749451,,11496681,2190322
2021-12-22,237243,14419,5199,217740,26329552,12260252,758657,,11501595,2407944
2021-12-23,257751,11720,5083,240852,26587303,12271667,765288,,11506379,2648690
2021-12-24,223593,9452,4565,209509,26810896,12280822,770171,,11510651,2858083
2021-12-25,89718,3885,2505,83340,26900614,12284432,771546,,11512886,2941316
2021-12-26,11895,388,358,11139,26912509,12284528,771568,,11512960,2952325
2021-12-27,46939,1491,1113,44304,26959448,12285774,771939,,11513835,2996509
2021-12-28,144769,6098,4006,134605,27104217,12291578,774020,,11517558,3130983
2021-12-29,175461,9375,4578,161437,27279678,12300657,778813,,11521844,3292292
2021-12-30,200057,10131,5346,184538,27479735,12310485,783583,,11526902,3476696
2021-12-31,195195,10006,5798,179140,27674930,12320202,787782,,11532420,3655710
2022-01-01,96948,5382,3878,87362,27771878,12325275,789278,,11535997,3742923
2022-01-02,19442,941,928,17444,27791320,12325925,789282,,11536643,3760221
2022-01-03,88252,4773,4591,78807,27879572,12330388,789456,,11540932,3838875
2022-01-04,146358,5997,5314,135007,28025930,12336057,790126,,11545931,3973726
2022-01-05,177491,7625,7292,162401,28203421,12343328,790448,,11552880,4135967
2022-01-06,191526,7203,6785,177011,28394947,12350212,790855,,11559357,4312823
2022-01-07,191275,7961,6992,175509,28586222,12357829,791812,,11566017,4488159
2022-01-08,181665,8624,6633,165220,28767887,12366121,793790,,11572331,4653223
2022-01-09,131097,9865,7182,113957,28898984,12375664,796468,,11579196,4767020
2022-01-10,90558,5107,4489,80831,28989542,12380449,797076,,11583373,4847698
2022-01-11,138874,6153,6568,125447,29128416,12386255,796648,,11589607,4972955
2022-01-12,157023,8160,8053,138687,29285439,12394086,796750,,11597336,5111474
2022-01-13,162680,9211,9215,141544,29448119,12402935,796732,,11606203,5252835
2022-01-14,159875,10752,10378,136055,29607994,12413326,797101,,11616225,5388692
2022-01-15,161202,11011,11672,135885,29769196,12423966,796429,,11627537,5524384
2022-01-16,109780,9291,9674,89455,29878976,12432895,796039,,11636856,5613621
2022-01-17,65782,5936,6564,52641,29944758,12438495,795401,,11643094,5666077
2022-01-18,36105,2003,2128,31150,29980863,12440143,795265,,11644878,5697031
2022-01-19,101317,5582,6719,85955,30082180,12445325,794110,,11651215,5782759
2022-01-20,103595,6321,7004,85732,30185775,12451262,793419,,11657843,5868268
2022-01-21,102105,6230,8058,82505,30287880,12457088,791577,,11665511,5950545
2022-01-22,102569,8712,12068,78111,30390449,12465411,788214,,11677197,6028428
2022-01-23,76697,7307,13992,54798,30467146,12472375,781522,,11690853,6083004
2022-01-24,42262,3195,7935,30743,30509408,12475206,776764,,11698442,6113540
2022-01-25,62559,3756,8369,48115,30571967,12478583,772136,,11706447,6161436
2022-01-26,77884,4914,13170,55692,30649851,12483120,763875,,11719245,6216886
2022-01-27,78072,4894,13243,56048,30727923,12487642,755516,,11732126,6272697
2022-01-28,77282,4672,13675,53896,30805205,12491956,746500,,11745456,6326374
2022-01-29,84816,5527,17712,58115,30890021,12497119,734308,,11762811,6384244
2022-01-30,66502,5025,20627,40155,30956523,12501802,718692,,11783110,6424174
2022-01-31,34743,2175,9881,22348,30991266,12503658,710977,,11792681,6446333
2022-02-01,51349,3264,9664,36526,31042615,12506569,704567,,11802002,6482634
2022-02-02,57708,3846,12397,38680,31100323,12510084,696001,,11814083,6521114
2022-02-03,52577,3610,11509,34299,31152900,12513317,688090,,11825227,6555162
2022-02-04,43090,2947,10560,27284,31195990,12515954,680467,,11835487,6582252
2022-02-05,58717,3742,14472,37563,31254707,12519364,669725,,11849639,6619602
2022-02-06,49857,3639,16115,29572,31304564,12522680,657244,,11865436,6648950
2022-02-07,23233,1690,7810,13440,31327797,12524044,651111,,11872933,6662166
2022-02-08,33391,2355,7249,21970,31361188,12526069,646210,,11879859,6683903
2022-02-09,38880,2784,8916,24409,31400068,12528494,640072,,11888422,6708060
2022-02-10,37535,2764,8835,22551,31437603,12530922,633997,,11896925,6730381
2022-02-11,39447,2724,10292,23004,31477050,12533300,626420,,11906880,6753147
2022-02-12,42044,2956,11455,25317,31519094,12535922,617910,,11918012,6778240
2022-02-13,36316,2800,13142,19941,31555410,12538435,607565,,11930870,6797983
2022-02-14,16975,1175,6119,9472,31572385,12539335,602613,,11936722,6807255
2022-02-15,19351,1384,4749,11878,31591736,12540395,599238,,11941157,6818906
2022-02-16,26017,1766,7729,14947,31617753,12541864,593271,,11948593,6833652
2022-02-17,26763,1683,7524,14984,31644516,12543192,587421,,11955771,6848381
2022-02-18,23939,1354,6608,13675,31668455,12544229,582155,,11962074,6861847
2022-02-19,37832,1902,8337,26050,31706287,12545800,575715,,11970085,6887656
2022-02-20,32575,1498,7963,22805,31738862,12546998,569242,,11977756,6910257
2022-02-21,17502,913,3678,12757,31756364,12547616,566468,,11981148,6922803
2022-02-22,9108,429,1555,6955,31765472,12547755,565337,,11982418,6929547
2022-02-23,25331,1326,4792,17294,31790803,12548771,561864,,11986907,6946605
2022-02-24,24571,1401,5233,15482,31815374,12549850,558027,,11991823,6961844
2022-02-25,23101,1389,5137,14508,31838475,12550945,554272,,11996673,6976126
2022-02-26,25231,1385,5909,16556,31863706,12552020,549741,,12002279,6992456
2022-02-27,26956,1370,7369,17703,31890662,12553121,543731,,12009390,7009964
2022-02-28,10129,594,2531,6745,31900791,12553462,541786,,12011676,7016526
2022-03-01,13195,945,3150,8166,31913986,12554102,539571,,12014531,7024475
2022-03-02,15415,1164,3576,9618,31929401,12555005,537152,,12017853,7033916
2022-03-03,14298,1077,3227,8689,31943699,12555770,534994,,12020776,7042374
2022-03-04,14473,991,3445,8314,31958172,12556440,532536,,12023904,7050435
2022-03-05,18528,1276,4996,11183,31976700,12557407,528805,,12028602,7061394
2022-03-06,16514,1088,5524,9604,31993214,12558215,524363,,12033852,7070791
2022-03-07,5947,466,1861,3509,31999161,12558396,522961,,12035435,7074083
2022-03-08,7361,698,1943,4158,32006522,12558816,521709,,12037107,7078042
2022-03-09,11156,907,2736,6406,32017678,12559447,519874,,12039573,7084246
2022-03-10,12760,1044,3256,6837,32030438,12560214,517655,,12042559,7090870
2022-03-11,12887,904,3406,6864,32043325,12560829,515145,,12045684,7097518
2022-03-12,14683,1046,4183,8310,32058008,12561603,512005,,12049598,7105624
2022-03-13,14746,1091,4999,8331,32072754,12562403,508093,,12054310,7113718
2022-03-14,6332,449,2228,3499,32079086,12562581,506311,,12056270,7117003
2022-03-15,10196,791,2625,5972,32089282,12563082,504465,,12058617,7122761
2022-03-16,13061,934,3665,6953,32102343,12563728,501731,,12061997,7129484
2022-03-17,13196,1047,3960,6757,32115539,12564487,498811,,12065676,7136021
2022-03-18,11904,913,3145,6432,32127443,12565097,496569,,12068528,7142229
2022-03-19,14441,1004,4163,7901,32141884,12565821,493408,,12072413,7149911
2022-03-20,11746,990,3958,6371,32153630,12566540,490435,,12076105,7156074
2022-03-21,5057,414,1589,2814,32158687,12566695,489256,,12077439,7158685
2022-03-22,6707,552,1558,3890,32165394,12566959,488244,,12078715,7162359
2022-03-23,9970,785,2299,5195,32175364,12567428,486727,,12080701,7167313
2022-03-24,9295,723,2378,4610,32184659,12567887,485063,,12082824,7171719
2022-03-25,9223,781,2154,4750,32193882,12568405,483682,,12084723,7176257
2022-03-26,10926,936,2833,5506,32204808,12569064,481783,,12087281,7181544
2022-03-27,10224,909,3537,5301,32215032,12569713,479151,,12090562,7186634
2022-03-28,3581,320,1109,1987,32218613,12569793,478359,,12091434,7188427
2022-03-29,5342,498,1211,2692,32223955,12570006,477640,,12092366,7190897
2022-03-30,7854,749,1836,4122,32231809,12570476,476548,,12093928,7194794
2022-03-31,8651,689,1924,4413,32240460,12570876,475307,,12095569,7198985
2022-04-01,9309,801,1914,4888,32249769,12571385,474185,,12097200,7203634
2022-04-02,10443,886,2215,5571,32260212,12571984,472844,,12099140,7208988
2022-04-03,9204,880,2567,5065,32269416,12572607,471151,,12101456,7213851
2022-04-04,4200,387,1006,2406,32273616,12572733,470529,,12102204,7216054
2022-04-05,6075,600,1036,3050,32279691,12572993,470087,,12102906,7218829
2022-04-06,8378,714,1477,4382,32288069,12573416,469319,,12104097,7222984
2022-04-07,10342,733,1687,4836,32298411,12573849,468360,,12105489,7227577
2022-04-08,23994,811,1582,4836,32322405,12574382,467583,,12106799,7232197
2022-04-09,30495,969,1974,5895,32352900,12575053,466569,,12108484,7237869
2022-04-10,24863,976,2390,5332,32377763,12575770,465149,,12110621,7242999
2022-04-11,12570,385,876,2431,32390333,12575905,464654,,12111251,7245228
2022-04-12,28125,693,1017,3536,32418458,12576294,464323,,12111971,7248531
2022-04-13,37780,853,1560,4927,32456238,12576848,463612,,12113236,7253228
2022-04-14,37901,761,1615,4913,32494139,12577297,462755,,12114542,7257888
2022-04-15,43398,1231,2104,6725,32537537,12578230,461878,,12116352,7264376
2022-04-16,8094,357,650,1741,32545631,12578327,461583,,12116744,7265901
2022-04-17,21015,870,1924,4318,32566646,12578913,460522,,12118391,7269996
2022-04-18,5458,306,462,1289,32572104,12578932,460361,,12118571,7271044
2022-04-19,22652,615,773,3103,32594756,12579264,460194,,12119070,7273927
2022-04-20,40332,1063,1395,4619,32635088,12580001,459859,,12120142,7278282
2022-04-21,38754,943,1600,4682,32673842,12580648,459193,,12121455,7282730
2022-04-22,35622,1014,1432,4267,32709464,12581390,458768,,12122622,7286779
2022-04-23,34654,1006,1736,4712,32744118,12582112,458035,,12124077,7291252
2022-04-24,20815,1021,1888,3776,32764933,12582883,457165,,12125718,7294834
2022-04-25,8298,453,691,1707,32773231,12583067,456926,,12126141,7296325
2022-04-26,24617,732,945,3145,32797848,12583507,456707,,12126800,7299233
2022-04-27,33599,955,1368,3938,32831447,12584186,456286,,12127900,7302954
2022-04-28,32833,928,1413,3930,32864280,12584841,455792,,12129049,7306661
2022-04-29,32059,1098,1379,3911,32896339,12585641,455504,,12130137,7310343
2022-04-30,30281,924,1534,4024,32926620,12586269,454887,,12131382,7314132
2022-05-01,16752,769,1579,2970,32943372,12586741,454072,,12132669,7316859
2022-05-02,5934,309,524,1098,32949306,12586754,453853,,12132901,7317730
2022-05-03,20928,588,831,2347,32970234,12587037,453604,,12133433,7319838
2022-05-04,29416,799,1091,3291,32999650,12587526,453307,,12134219,7322880
2022-05-05,29095,872,1161,3125,33028745,12588086,453008,,12135078,7325761
2022-05-06,29097,1147,1285,2987,33057842,12588945,452865,,12136080,7328521
2022-05-07,28487,869,1262,3113,33086329,12589524,452467,,12137057,7331410
2022-05-08,15998,896,1309,2323,33102327,12590163,452052,,12138111,7333532
2022-05-09,5897,293,474,943,33108224,12590190,451865,,12138325,7334265
2022-05-10,21227,696,719,2120,33129451,12590568,451835,,12138733,7336125
2022-05-11,28949,836,1083,2655,33158400,12591071,451584,,12139487,7338508
2022-05-12,28239,799,1084,2512,33186639,12591573,451295,,12140278,7340779
2022-05-13,27593,878,1118,2468,33214232,12592140,451050,,12141090,7342990
2022-05-14,25690,807,1098,2609,33239922,12592631,450752,,12141879,7345344
2022-05-15,14847,751,1275,2056,33254769,12593110,450221,,12142889,7347181
2022-05-16,6383,325,532,1047,33261152,12593197,450010,,12143187,7348041
2022-05-17,19602,589,778,1741,33280754,12593470,449814,,12143656,7349533
2022-05-18,26544,878,1101,2272,33307298,12594084,449586,,12144498,7351590
2022-05-19,24440,681,1156,2163,33331738,12594498,449104,,12145394,7353536
2022-05-20,24263,801,1137,2216,33356001,12595031,448764,,12146267,7355534
2022-05-21,22401,692,1167,2347,33378402,12595414,448280,,12147134,7357639
2022-05-22,10559,550,889,1489,33388961,12595703,447936,,12147767,7358911
2022-05-23,4568,242,462,790,33393529,12595685,447714,,12147971,7359492
2022-05-24,2620,119,179,437,33396149,12595551,447652,,12147899,7359720
2022-05-25,19361,656,947,1951,33415510,12595941,447351,,12148590,7361461
2022-05-26,20643,665,949,1909,33436153,12596333,447061,,12149272,7363148
2022-05-27,21758,818,1057,2077,33457911,12596863,446819,,12150044,7364992
2022-05-28,19404,721,1165,2147,33477315,12597314,446372,,12150942,7366925
2022-05-29,12110,761,1282,1724,33489425,12597840,445844,,12151996,7368457
2022-05-30,4580,311,550,751,33494005,12597905,445602,,12152303,7369010
2022-05-31,13546,572,749,1665,33507551,12598175,445419,,12152756,7370435
2022-06-01,16611,702,971,1879,33524162,12598574,445148,,12153426,7372060
2022-06-02,14604,557,867,1675,33538766,12598819,444831,,12153988,7373494
2022-06-03,16102,697,1096,1814,33554868,12599238,444426,,12154812,7375090
2022-06-04,13322,648,1165,1843,33568190,12599628,443904,,12155724,7376731
2022-06-05,7867,587,1110,1432,33576057,12599966,443377,,12156589,7377971
2022-06-06,3293,206,444,641,33579350,12599924,443136,,12156788,7378411
2022-06-07,11219,475,727,1370,33590569,12600099,442879,,12157220,7379537
2022-06-08,14066,667,1013,1610,33604635,12600506,442528,,12157978,7380928
2022-06-09,13374,663,924,1675,33618009,12600881,442262,,12158619,7382371
2022-06-10,13851,685,1068,1697,33631860,12601280,441871,,12159409,7383838
2022-06-11,12982,616,1030,1844,33644842,12601610,441455,,12160155,7385459
2022-06-12,8098,643,1236,1504,33652940,12601995,440858,,12161137,7386756
2022-06-13,3188,284,422,711,33656128,12602012,440715,,12161297,7387258
2022-06-14,10128,511,666,1264,33666256,12602234,440554,,12161680,7388284
2022-06-15,13508,472,832,1620,33679764,12602411,440192,,12162219,7389667
2022-06-16,12542,495,856,1616,33692306,12602601,439826,,12162775,7391036
2022-06-17,11693,479,818,1653,33703999,12602794,439480,,12163314,7392454
2022-06-18,11451,436,875,1860,33715450,12602959,439038,,12163921,7394090
2022-06-19,7003,483,899,1419,33722453,12603191,438621,,12164570,7395296
2022-06-20,2286,147,301,643,33724739,12603114,438461,,12164653,7395769
2022-06-21,9542,357,616,1384,33734281,12603184,438197,,12164987,7396905
2022-06-22,13609,406,724,1703,33747890,12603318,437872,,12165446,7398383
2022-06-23,13704,401,775,1683,33761594,12603452,437495,,12165957,7399852
2022-06-24,15364,435,811,1673,33776958,12603627,437115,,12166512,7401310
2022-06-25,14468,425,851,1713,33791426,12603791,436678,,12167113,7402814
2022-06-26,8157,432,885,1279,33799583,12603961,436218,,12167743,7403876
2022-06-27,3213,171,365,594,33802796,12603883,436020,,12167863,7404263
2022-06-28,9619,369,557,1226,33812415,12603967,435828,,12168139,7405257
2022-06-29,13315,415,730,1631,33825730,12604092,435511,,12168581,7406648
2022-06-30,12233,482,847,1581,33837963,12604290,435144,,12169146,7407996
2022-07-01,13037,548,971,1949,33851000,12604580,434716,,12169864,7409739
2022-07-02,1614,110,115,364,33852614,12604414,434709,,12169705,7409871
2022-07-03,5159,260,493,960,33857773,12604417,434467,,12169950,7410615
2022-07-04,2757,132,279,614,33860530,12604302,434319,,12169983,7411032
2022-07-05,11142,372,599,1573,33871672,12604377,434084,,12170293,7412357
2022-07-06,15959,548,858,2009,33887631,12604630,433768,,12170862,7414124
2022-07-07,15665,520,832,1926,33903296,12604862,433455,,12171407,7415797
2022-07-08,17884,555,870,2245,33921180,12605112,433139,,12171973,7417793
2022-07-09,14141,450,597,1845,33935321,12605286,432991,,12172295,7419402
2022-07-10,8747,475,754,1503,33944068,12605513,432711,,12172802,7420699
2022-07-11,4093,199,331,871,33948161,12605447,432576,,12172871,7421350
2022-07-12,12107,412,524,1655,33960268,12605560,432459,,12173101,7422751
2022-07-13,16720,564,772,2143,33976988,12605828,432245,,12173583,7424651
2022-07-14,16860,483,675,2023,33993848,12606005,432042,,12173963,7426434
2022-07-15,28893,598,822,2186,34022741,12606303,431817,,12174486,7428379
2022-07-16,30297,586,772,2327,34053038,12606575,431622,,12174953,7430454
2022-07-17,22930,537,636,1890,34075968,12606875,431520,,12175355,7432150
2022-07-18,11397,189,255,856,34087365,12606796,431449,,12175347,7432784
2022-07-19,28955,593,591,2136,34116320,12607114,431448,,12175666,7434688
2022-07-20,37636,840,923,2591,34153956,12607675,431360,,12176315,7437042
2022-07-21,36356,733,811,2808,34190312,12608121,431275,,12176846,7439610
2022-07-22,35800,824,891,2685,34226112,12608658,431202,,12177456,7442058
2022-07-23,35150,821,912,2833,34261262,12609164,431103,,12178061,7444635
2022-07-24,21736,599,804,1776,34282998,12609500,430895,,12178605,7446186
2022-07-25,11935,308,311,1080,34294933,12609524,430887,,12178637,7447036
2022-07-26,26090,619,603,2212,34321023,12609860,430902,,12178958,7449006
2022-07-27,32468,808,847,2649,34353491,12610409,430861,,12179548,7451444
2022-07-28,31540,724,884,2608,34385031,12610836,430697,,12180139,7453801
2022-07-29,29992,1790,875,2645,34415023,12612334,431608,,12180726,7456196
2022-07-30,25830,2526,747,2435,34440853,12614579,433385,,12181194,7458397
2022-07-31,14307,1068,541,1560,34455160,12615378,433908,,12181470,7459729
2022-08-01,5914,336,223,682,34461074,12615455,434019,,12181436,7460188
2022-08-02,4478,306,136,602,34465552,12615491,434185,,12181306,7460568
2022-08-03,22939,2637,738,2240,34488491,12617852,436080,,12181772,7462572
2022-08-04,22230,2482,679,2131,34510721,12620007,437877,,12182130,7464440
2022-08-05,21793,2755,745,2068,34532514,12622481,439879,,12182602,7466280
2022-08-06,19644,2875,657,1993,34552158,12625045,442091,,12182954,7468015
2022-08-07,12705,2236,620,1421,34564863,12627006,443701,,12183305,7469218
2022-08-08,4766,570,188,603,34569629,12627288,444076,,12183212,7469584
2022-08-09,14009,1466,558,1591,34583638,12628467,444978,,12183489,7470934
2022-08-10,19130,2364,718,1992,34602768,12630558,446622,,12183936,7472698
2022-08-11,17074,2040,718,1854,34619842,12632322,447942,,12184380,7474319
2022-08-12,16981,2048,734,1852,34636823,12634081,449255,,12184826,7475942
2022-08-13,15951,2223,763,1807,34652774,12636022,450713,,12185309,7477510
2022-08-14,9524,1621,618,1083,34662298,12637354,451712,,12185642,7478357
2022-08-15,3870,388,270,477,34666168,12637489,451827,,12185662,7478625
2022-08-16,10804,1073,514,1356,34676972,12638263,452384,,12185879,7479731
2022-08-17,16096,1833,739,1782,34693068,12639809,453477,,12186332,7481277
2022-08-18,14930,1641,748,1693,34707998,12641125,454366,,12186759,7482698
2022-08-19,15315,1846,749,1549,34723313,12642694,455459,,12187235,7484013
2022-08-20,14284,1641,740,1545,34737597,12644044,456354,,12187690,7485320
2022-08-21,9903,1532,660,1164,34747500,12645311,457222,,12188089,7486267
2022-08-22,4163,481,271,561,34751663,12645489,457429,,12188060,7486569
2022-08-23,11133,1248,554,1494,34762796,12646430,458119,,12188311,7487811
2022-08-24,14758,1808,871,2185,34777554,12647967,459056,,12188911,7489765
2022-08-25,14028,1718,780,2121,34791582,12649397,459987,,12189410,7491641
2022-08-26,13928,1689,816,2091,34805510,12650791,460853,,12189938,7493483
2022-08-27,12414,1486,876,1998,34817924,12651952,461457,,12190495,7495215
2022-08-28,7923,1258,621,1397,34825847,12652950,462092,,12190858,7496393
2022-08-29,3399,502,286,684,34829246,12653171,462303,,12190868,7496843
2022-08-30,9905,1169,649,1855,34839151,12653984,462817,,12191167,7498397
2022-08-31,13511,1628,946,2312,34852662,12655322,463495,,12191827,7500466
2022-09-01,12906,1721,912,2141,34865568,12656747,464299,,12192448,7502361
2022-09-02,15043,1616,991,4917,34880611,12658088,464916,,12193172,7507052
2022-09-03,14716,1524,922,5515,34895327,12659330,465515,,12193815,7512333
2022-09-04,8665,1010,675,3236,34903992,12660076,465841,,12194235,7515349
2022-09-05,3555,321,229,1386,34907547,12660132,465930,,12194202,7516513
2022-09-06,2466,158,114,1130,34910013,12660036,465971,,12194065,7517434
2022-09-07,10924,1018,587,3491,34920937,12660756,466398,,12194358,7520674
2022-09-08,10868,1021,526,2790,34931805,12661448,466890,,12194558,7523187
2022-09-09,9581,1011,488,2502,34941386,12662172,467408,,12194764,7525454
2022-09-10,10633,1264,551,3165,34952019,12663160,468114,,12195046,7528386
2022-09-11,9410,983,667,3735,34961429,12663895,468424,,12195471,7531912
2022-09-12,3125,294,204,1079,34964554,12663907,468508,,12195399,7532754
2022-09-13,6015,542,281,1132,34970569,12664163,468760,,12195403,7533644
2022-09-14,14481,797,434,1844,34985050,12664641,469119,,12195522,7535222
2022-09-15,15752,779,408,1532,35000802,12665100,469485,,12195615,7536483
2022-09-16,17755,766,447,1690,35018557,12665607,469798,,12195809,7537953
2022-09-17,17614,722,456,1666,35036171,12666025,470060,,12195965,7539365
2022-09-18,11213,773,451,1688,35047384,12666540,470380,,12196160,7540832
2022-09-19,4978,404,288,669,35052362,12666674,470491,,12196183,7541289
2022-09-20,13768,442,332,944,35066130,12666801,470599,,12196202,7541970
2022-09-21,23037,646,409,1497,35089167,12667139,470831,,12196308,7543213
2022-09-22,22911,636,398,1378,35112078,12667468,471063,,12196405,7544330
2022-09-23,22945,725,601,1418,35135023,12667894,471182,,12196712,7545494
2022-09-24,21690,737,689,1498,35156713,12668337,471226,,12197111,7546756
2022-09-25,11318,595,702,1355,35168031,12668654,471113,,12197541,7547878
2022-09-26,4563,192,218,594,35172594,12668556,471081,,12197475,7548229
2022-09-27,37650,498,365,1497,35210244,12668787,471210,,12197577,7549501
2022-09-28,50966,731,671,1900,35261210,12669249,471269,,12197980,7551175
2022-09-29,48003,637,740,1835,35309213,12669569,471158,,12198411,7552736
2022-09-30,47270,678,806,2002,35356483,12669920,471028,,12198892,7554457
2022-10-01,34446,526,633,1545,35390929,12670140,470919,,12199221,7555737
2022-10-02,24245,736,1028,1711,35415174,12670583,470624,,12199959,7557197
2022-10-03,10867,238,230,611,35426041,12670529,470628,,12199901,7557570
2022-10-04,32194,478,458,1169,35458235,12670688,470644,,12200044,7558463
2022-10-05,40429,625,740,1561,35498664,12670998,470523,,12200475,7559763
2022-10-06,38690,611,653,1567,35537354,12671306,470479,,12200827,7561070
2022-10-07,42239,661,851,1742,35579593,12671623,470281,,12201342,7562514
2022-10-08,37393,783,1145,2120,35616986,12672075,469913,,12202162,7564359
2022-10-09,18813,549,727,1556,35635799,12672349,469732,,12202617,7565680
2022-10-10,6864,168,370,566,35642663,12672219,469527,,12202692,7565986
2022-10-11,4993,124,111,318,35647656,12672049,469535,,12202514,7566066
2022-10-12,35112,579,685,1427,35682768,12672296,469427,,12202869,7567205
2022-10-13,36757,645,858,1619,35719525,12672580,469211,,12203369,7568519
2022-10-14,36974,621,753,1542,35756499,12672872,469076,,12203796,7569782
2022-10-15,35451,715,1013,1626,35791950,12673297,468775,,12204522,7571160
2022-10-16,20663,654,1024,1593,35812613,12673683,468399,,12205284,7572524
2022-10-17,7356,206,477,541,35819969,12673607,468126,,12205481,7572826
2022-10-18,36421,457,500,1397,35856390,12673748,468078,,12205670,7573954
2022-10-19,49899,619,730,1982,35906289,12674069,467964,,12206105,7575688
2022-10-20,51283,623,649,2049,35957572,12674382,467935,,12206447,7577476
2022-10-21,52845,697,618,1935,36010417,12674754,468010,,12206744,7579143
2022-10-22,50863,751,904,2309,36061280,12675179,467852,,12207327,7581181
2022-10-23,30637,574,784,2121,36091917,12675441,467636,,12207805,7583041
2022-10-24,14133,232,271,978,36106050,12675376,467592,,12207784,7583766
2022-10-25,41361,473,489,1818,36147411,12675504,467573,,12207931,7585292
2022-10-26,51653,616,660,2124,36199064,12675790,467525,,12208265,7587140
2022-10-27,50111,606,768,2162,36249175,12676075,467355,,12208720,7589036
2022-10-28,49794,590,675,2094,36298969,12676312,467265,,12209047,7590826
2022-10-29,50593,733,779,2220,36349562,12676699,467215,,12209484,7592748
2022-10-30,28397,661,930,2037,36377959,12677082,466942,,12210140,7594545
2022-10-31,12438,200,234,777,36390397,12677008,466905,,12210103,7595091
2022-11-01,33092,339,198,1220,36423489,12677006,467040,,12209966,7596021
2022-11-02,44283,575,624,1903,36467772,12677257,466987,,12210270,7597632
2022-11-03,44184,540,604,1856,36511956,12677475,466919,,12210556,7599209
2022-11-04,44642,647,528,2028,36556598,12677821,467031,,12210790,7600985
2022-11-05,45202,647,753,2369,36601800,12678170,466922,,12211248,7603090
2022-11-06,26016,558,771,2097,36627816,12678392,466706,,12211686,7604895
2022-11-07,10710,243,235,876,36638526,12678360,466711,,12211649,7605543
2022-11-08,33477,487,396,1585,36672003,12678564,466799,,12211765,7606889
2022-11-09,40527,604,570,1964,36712530,12678858,466831,,12212027,7608590
2022-11-10,39169,622,547,1928,36751699,12679167,466901,,12212266,7610248
2022-11-11,43337,633,640,2209,36795036,12679487,466893,,12212594,7612186
2022-11-12,36845,638,591,2183,36831881,12679806,466932,,12212874,7614091
2022-11-13,24266,559,770,2276,36856147,12680079,466715,,12213364,7616123
2022-11-14,10966,232,204,1024,36867113,12680023,466742,,12213281,7616895
2022-11-15,33612,484,380,1691,36900725,12680146,466841,,12213305,7618281
2022-11-16,43539,799,583,2370,36944264,12680652,467051,,12213601,7620405
2022-11-17,38342,674,647,2241,36982606,12680998,467074,,12213924,7622366
2022-11-18,40620,727,531,2330,37023226,12681386,467266,,12214120,7624400
2022-11-19,39652,1005,1031,3060,37062878,12682051,467236,,12214815,7627159
2022-11-20,22418,659,718,2442,37085296,12682439,467173,,12215266,7629375
2022-11-21,8921,197,193,969,37094217,12682375,467172,,12215203,7630140
2022-11-22,26438,480,368,1512,37120655,12682506,467280,,12215226,7631347
2022-11-23,32078,686,669,2069,37152733,12682869,467295,,12215574,7633142
2022-11-24,31898,664,751,2084,37184631,12683226,467206,,12216020,7634970
2022-11-25,30751,763,828,1951,37215382,12683684,467135,,12216549,7636665
2022-11-26,30284,906,1191,2698,37245666,12684259,466841,,12217418,7639081
2022-11-27,18675,608,944,2087,37264341,12684570,466500,,12218070,7640917
2022-11-28,7537,191,280,786,37271878,12684472,466404,,12218068,7641450
2022-11-29,21021,421,453,1292,37292899,12684573,466368,,12218205,7642470
2022-11-30,27889,643,650,1842,37320788,12684908,466359,,12218549,7644045
2022-12-01,24804,593,681,1693,37345592,12685180,466268,,12218912,7645458
2022-12-02,25053,526,630,1771,37370645,12685388,466158,,12219230,7646954
2022-12-03,25553,587,780,1944,37396198,12685661,465955,,12219706,7648643
2022-12-04,15248,495,606,1701,37411446,12685832,465839,,12219993,7650057
2022-12-05,6877,167,157,746,37418323,12685711,465844,,12219867,7650559
2022-12-06,20343,421,351,1376,37438666,12685775,465909,,12219866,7651632
2022-12-07,24777,554,607,1670,37463443,12686022,465850,,12220172,7653039
2022-12-08,23161,563,521,1763,37486604,12686279,465890,,12220389,7654533
2022-12-09,23323,635,574,1632,37509927,12686598,465948,,12220650,7655898
2022-12-10,22569,508,601,1630,37532496,12686802,465852,,12220950,7657263
2022-12-11,14201,548,786,1566,37546697,12687091,465611,,12221480,7658606
2022-12-12,5506,149,156,595,37552203,12686956,465599,,12221357,7658965
2022-12-13,17795,375,370,1124,37569998,12687020,465602,,12221418,7659825
2022-12-14,21320,511,547,1454,37591318,12687249,465560,,12221689,7661043
2022-12-15,21965,531,603,1579,37613283,12687455,465486,,12221969,7662341
2022-12-16,16286,379,451,1030,37629569,12687517,465411,,12222106,7663103
2022-12-17,18696,557,507,1275,37648265,12687764,465459,,12222305,7664101
2022-12-18,12637,529,794,1306,37660902,12688024,465193,,12222831,7665166
2022-12-19,4585,131,116,449,37665487,12687838,465204,,12222634,7665341
2022-12-20,16204,500,449,1107,37681691,12688032,465248,,12222784,7666189
2022-12-21,18472,541,552,1303,37700163,12688284,465233,,12223051,7667240
2022-12-22,18595,575,589,1745,37718758,12688571,465219,,12223352,7668734
2022-12-23,15642,577,598,1716,37734400,12688808,465193,,12223615,7670166
2022-12-24,5338,224,172,673,37739738,12688739,465244,,12223495,7670577
2022-12-25,2444,153,153,480,37742182,12688597,465235,,12223362,7670802
2022-12-26,262,12,7,48,37742444,12688321,465235,,12223086,7670604
2022-12-27,2094,98,36,306,37744538,12688144,465294,,12222850,7670680
2022-12-28,8317,337,167,975,37752855,12688181,465459,,12222722,7671392
2022-12-29,13160,581,527,1601,37766015,12688454,465509,,12222945,7672727
2022-12-30,15820,666,658,1881,37781835,12688826,465514,,12223312,7674345
2022-12-31,11230,460,387,1355,37793065,12688951,465583,,12223368,7675410
2023-01-01,3907,201,219,563,37796972,12688853,465565,,12223288,7675708
2023-01-02,651,36,14,97,37797623,12688616,465586,,12223030,7675567
2023-01-03,8195,297,151,901,37805818,12688641,465726,,12222915,7676238
2023-01-04,14719,574,547,1546,37820537,12688938,465747,,12223191,7677540
2023-01-05,16115,647,534,1795,37836652,12689296,465852,,12223444,7679085
2023-01-06,18827,716,609,2045,37855479,12689736,465956,,12223780,7680889
2023-01-07,18523,702,639,2055,37874002,12690166,466014,,12224152,7682709
2023-01-08,11611,580,608,1633,37885613,12690501,465983,,12224518,7684126
2023-01-09,5299,215,196,664,37890912,12690421,466000,,12224421,7684538
2023-01-10,12158,416,317,785,37903070,12690546,466097,,12224449,7685069
2023-01-11,15540,457,370,1094,37918610,12690694,466181,,12224513,7685899
2023-01-12,14065,445,408,973,37932675,12690842,466217,,12224625,7686615
2023-01-13,14167,422,345,1040,37946842,12691019,466292,,12224727,7687438
2023-01-14,13385,473,452,1078,37960227,12691208,466308,,12224900,7688265
2023-01-15,9046,462,507,1055,37969273,12691415,466262,,12225153,7689106
2023-01-16,3746,148,130,479,37973019,12691304,466280,,12225024,7689353
2023-01-17,8849,268,179,652,37981868,12691251,466366,,12224885,7689732
2023-01-18,10263,349,272,761,37992131,12691321,466440,,12224881,7690241
2023-01-19,10593,318,318,760,38002724,12691359,466436,,12224923,7690761
2023-01-20,9827,317,272,717,38012551,12691402,466479,,12224923,7691233
2023-01-21,11304,356,398,904,38023855,12691482,466437,,12225045,7691904
2023-01-22,7567,343,405,817,38031422,12691579,466373,,12225206,7692499
2023-01-23,3380,143,131,288,38034802,12691505,466385,,12225120,7692595
2023-01-24,8288,227,166,549,38043090,12691446,466444,,12225002,7692894
2023-01-25,10306,347,297,662,38053396,12691540,466490,,12225050,7693340
2023-01-26,6721,236,203,469,38060117,12691501,466521,,12224980,7693574
2023-01-27,6910,236,197,498,38067027,12691453,466557,,12224896,7693828
2023-01-28,9347,312,339,695,38076374,12691494,466526,,12224968,7694286
2023-01-29,5967,235,341,691,38082341,12691469,466415,,12225054,7694743
2023-01-30,1899,88,79,215,38084240,12691296,466422,,12224874,7694728
2023-01-31,5879,156,150,414,38090119,12691169,466426,,12224743,7694888
2023-02-01,7301,248,248,493,38097420,12691187,466424,,12224763,7695181
2023-02-02,6482,295,239,502,38103902,12691250,466478,,12224772,7695492
2023-02-03,6549,197,193,463,38110451,12691216,466480,,12224736,7695749
2023-02-04,6729,231,306,543,38117180,12691229,466400,,12224829,7696107
2023-02-05,4176,198,291,484,38121356,12691182,466305,,12224877,7696388
2023-02-06,1834,90,98,212,38123190,12691020,466295,,12224725,7696371
2023-02-07,4964,160,181,385,38128154,12690917,466272,,12224645,7696529
2023-02-08,5769,212,206,430,38133923,12690890,466277,,12224613,7696746
2023-02-09,6124,211,244,439,38140047,12690882,466244,,12224638,7696997
2023-02-10,5087,160,207,371,38145134,12690867,466195,,12224672,7697211
2023-02-11,6052,185,259,458,38151186,12690823,466117,,12224706,7697461
2023-02-12,4082,219,342,409,38155268,12690823,465991,,12224832,7697670
2023-02-13,1483,57,87,146,38156751,12690673,465960,,12224713,7697642
2023-02-14,3944,131,179,309,38160695,12690561,465911,,12224650,7697734
2023-02-15,4539,119,191,286,38165234,12690462,465839,,12224623,7697829
2023-02-16,4913,174,283,400,38170147,12690408,465728,,12224680,7698027
2023-02-17,4982,181,210,342,38175129,12690384,465698,,12224686,7698191
2023-02-18,5113,232,294,487,38180242,12690395,465634,,12224761,7698482
2023-02-19,3352,132,243,373,38183594,12690311,465520,,12224791,7698674
2023-02-20,1419,63,54,158,38185013,12690172,465527,,12224645,7698658
2023-02-21,912,25,14,107,38185925,12690000,465536,,12224464,7698586
2023-02-22,4134,131,212,369,38190059,12689924,465450,,12224474,7698783
2023-02-23,4279,162,231,391,38194338,12689847,465374,,12224473,7698965
2023-02-24,3033,138,229,273,38197371,12689779,465279,,12224500,7699052
2023-02-25,5024,214,540,386,38202395,12689777,464952,,12224825,7699256
2023-02-26,3472,146,681,384,38205867,12689706,464415,,12225291,7699453
2023-02-27,1074,37,57,97,38206941,12689540,464392,,12225148,7699380
2023-02-28,2729,99,163,232,38209670,12689394,464326,,12225068,7699390
2023-03-01,3849,137,428,334,38213519,12689276,464033,,12225243,7699490
2023-03-02,4588,158,494,328,38218107,12689184,463691,,12225493,7699606
2023-03-03,4367,160,357,333,38222474,12689117,463492,,12225625,7699731
2023-03-04,4966,207,623,350,38227440,12689106,463074,,12226032,7699888
2023-03-05,2535,110,449,251,38229975,12688981,462734,,12226247,7699930
2023-03-06,1156,48,37,114,38231131,12688819,462743,,12226076,7699861
2023-03-07,3216,87,172,223,38234347,12688642,462655,,12225987,7699862
2023-03-08,4314,133,412,283,38238661,12688534,462375,,12226159,7699927
2023-03-09,4614,173,453,312,38243275,12688468,462090,,12226378,7700035
2023-03-10,3940,101,138,254,38247215,12688362,462051,,12226311,7700108
2023-03-11,4064,140,171,285,38251279,12688303,462017,,12226286,7700214
2023-03-12,2883,109,234,301,38254162,12688188,461887,,12226301,7700314
2023-03-13,862,30,32,105,38255024,12688019,461883,,12226136,7700245
2023-03-14,3078,101,109,256,38258102,12687902,461875,,12226027,7700313
2023-03-15,4099,141,163,310,38262201,12687839,461853,,12225986,7700440
2023-03-16,4016,175,234,277,38266217,12687748,461790,,12225958,7700493
2023-03-17,4290,169,202,309,38270507,12687659,461753,,12225906,7700569
2023-03-18,4361,145,194,297,38274868,12687571,461704,,12225867,7700657
2023-03-19,2722,129,233,255,38277590,12687518,461600,,12225918,7700743
2023-03-20,774,31,19,74,38278364,12687327,461612,,12225715,7700624
2023-03-21,2892,70,84,199,38281256,12687178,461594,,12225584,7700634
2023-03-22,3893,130,132,248,38285149,12687082,461589,,12225493,7700681
2023-03-23,3807,118,171,225,38288956,12686974,461531,,12225443,7700709
2023-03-24,3690,102,115,237,38292646,12686871,461517,,12225354,7700769
2023-03-25,4272,108,171,249,38296918,12686764,461449,,12225315,7700832
2023-03-26,2472,114,212,200,38299390,12686684,461348,,12225336,7700861
2023-03-27,915,48,32,68,38300305,12686557,461364,,12225193,7700776
2023-03-28,3103,86,78,202,38303408,12686428,461366,,12225062,7700788
2023-03-29,4168,128,136,222,38307576,12686330,461355,,12224975,7700812
2023-03-30,3838,108,164,211,38311414,12686228,461298,,12224930,7700830
2023-03-31,3985,141,109,221,38315399,12686157,461329,,12224828,7700867
2023-04-01,4187,135,147,225,38319586,12686088,461316,,12224772,7700912
2023-04-02,2180,58,122,173,38321766,12685912,461248,,12224664,7700879
2023-04-03,781,24,12,53,38322547,12685732,461259,,12224473,7700753
2023-04-04,3414,75,73,168,38325961,12685608,461260,,12224348,7700738
2023-04-05,4363,95,107,248,38330324,12685485,461246,,12224239,7700801
2023-04-06,3697,108,108,188,38334021,12685392,461245,,12224147,7700806
2023-04-07,4596,105,115,242,38338617,12685282,461232,,12224050,7700863
2023-04-08,835,22,11,54,38339452,12685123,461239,,12223884,7700763
2023-04-09,2437,83,103,159,38341889,12685044,461217,,12223827,7700782
2023-04-10,360,9,6,20,38342249,12684871,461214,,12223657,7700653
2023-04-11,2771,34,28,121,38345020,12684677,461219,,12223458,7700568
2023-04-12,6340,104,96,187,38351360,12684593,461225,,12223368,7700594
2023-04-13,6994,105,128,207,38358354,12684499,461199,,12223300,7700622
2023-04-14,6511,89,102,205,38364865,12684397,461183,,12223214,7700660
2023-04-15,6943,107,149,229,38371808,12684307,461139,,12223168,7700718
2023-04-16,3267,85,144,165,38375075,12684194,461078,,12223116,7700710
2023-04-17,863,12,13,49,38375938,12684038,461074,,12222964,7700614
2023-04-18,4774,101,77,160,38380712,12683947,461096,,12222851,7700603
2023-04-19,6562,118,98,176,38387274,12683875,461115,,12222760,7700608
2023-04-20,6340,99,151,208,38393614,12683795,461062,,12222733,7700656
2023-04-21,5767,85,73,133,38399381,12683693,461072,,12222621,7700624
2023-04-22,6384,92,91,180,38405765,12683604,461071,,12222533,7700654
2023-04-23,3298,119,147,171,38409063,12683558,461043,,12222515,7700679
2023-04-24,953,4,12,58,38410016,12683401,461034,,12222367,7700606
2023-04-25,4804,69,70,186,38414820,12683293,461033,,12222260,7700632
2023-04-26,6564,109,93,207,38421384,12683245,461049,,12222196,7700699
2023-04-27,6872,119,152,207,38428256,12683190,461012,,12222178,7700752
2023-04-28,6610,86,86,184,38434866,12683098,461011,,12222087,7700772
2023-04-29,6524,124,108,197,38441390,12683067,461026,,12222041,7700835
2023-04-30,2634,94,127,144,38444024,12683001,460993,,12222008,7700834
2023-05-01,1028,20,17,29,38445052,12682860,460994,,12221866,7700721
2023-05-02,4323,69,55,105,38449375,12682769,461006,,12221763,7700684
2023-05-03,5593,107,107,176,38454968,12682720,461005,,12221715,7700725
2023-05-04,8079,88,85,133,38463047,12682656,461007,,12221649,7700726
2023-05-05,13026,90,98,168,38476073,12682598,460999,,12221599,7700758
2023-05-06,15624,113,94,153,38491697,12682585,461018,,12221567,7700792
2023-05-07,6057,57,96,105,38497754,12682505,460975,,12221530,7700776
2023-05-08,2165,16,4,37,38499919,12682396,460985,,12221411,7700702
2023-05-09,12528,56,49,127,38512447,12682314,460989,,12221325,7700712
2023-05-10,14696,71,78,156,38527143,12682258,460980,,12221278,7700753
2023-05-11,13270,77,71,153,38540413,12682241,460986,,12221255,7700826
2023-05-12,13456,87,79,176,38553869,12682226,460993,,12221233,7700907
2023-05-13,11417,80,75,145,38565286,12682168,460996,,12221172,7700926
2023-05-14,4182,70,94,92,38569468,12682125,460971,,12221154,7700921
2023-05-15,1053,9,6,38,38570521,12682029,460971,,12221058,7700874
2023-05-16,8933,57,47,92,38579454,12681976,460978,,12220998,7700870
2023-05-17,11085,98,83,141,38590539,12681958,460991,,12220967,7700906
2023-05-18,10799,85,68,144,38601338,12681954,461008,,12220946,7700967
2023-05-19,10363,95,96,151,38611701,12681949,461005,,12220944,7701030
2023-05-20,9235,95,85,156,38620936,12681956,461014,,12220942,7701105
2023-05-21,3072,50,86,94,38624008,12681945,460977,,12220968,7701143
2023-05-22,959,14,10,29,38624967,12681903,460981,,12220922,7701121
2023-05-23,736,7,3,16,38625703,12681854,460985,,12220869,7701089
2023-05-24,7900,59,79,103,38633603,12681847,460965,,12220882,7701130
2023-05-25,9090,74,92,156,38642693,12681882,460945,,12220937,7701251
2023-05-26,7811,73,65,116,38650504,12681941,460953,,12220988,7701353
2023-05-27,8047,108,73,121,38658551,12682044,460988,,12221056,7701470
2023-05-28,2876,57,72,98,38661427,12682100,460973,,12221127,7701567
2023-05-29,949,13,11,29,38662376,12682111,460975,,12221136,7701594
2023-05-30,5782,64,46,105,38668158,12682172,460993,,12221179,7701697
2023-05-31,7905,98,90,114,38676063,12682270,461001,,12221269,7701811
2023-06-01,6761,75,93,107,38682824,12682345,460983,,12221362,7701918
